MEME version 4

ALPHABET= ACGU

Background letter frequencies (from uniform background):
A 0.25000 C 0.25000 G 0.25000 U 0.25000 

MOTIF M179_0.6 (PVX_089205)_(Plasmodium_falciparum)_(RBD_0.96)

letter-probability matrix: alength= 4 w= 7 nsites= 1 E= 0
  0.586349	  0.102668	  0.102668	  0.208314	
  0.006588	  0.006588	  0.006588	  0.980235	
  0.980235	  0.006588	  0.006588	  0.006588	
  0.006588	  0.896716	  0.006588	  0.090107	
  0.980235	  0.006588	  0.006588	  0.006588	
  0.006588	  0.006588	  0.006588	  0.980235	
  0.253698	  0.053906	  0.638491	  0.053906	

URL http://cisbp-rna.ccbr.utoronto.ca/TFreport.php?searchTF=T47501_0.6

MOTIF M180_0.6 (PVX_094535)_(Plasmodium_falciparum)_(RBD_0.91)

letter-probability matrix: alength= 4 w= 8 nsites= 1 E= 0
  0.314911	  0.132043	  0.219312	  0.333734	
  0.034783	  0.034783	  0.895652	  0.034783	
  0.034783	  0.034783	  0.895652	  0.034783	
  0.597140	  0.011175	  0.098815	  0.292871	
  0.011175	  0.011175	  0.966476	  0.011175	
  0.011175	  0.011175	  0.966476	  0.011175	
  0.895673	  0.034776	  0.034776	  0.034776	
  0.431992	  0.129163	  0.309681	  0.129163	

URL http://cisbp-rna.ccbr.utoronto.ca/TFreport.php?searchTF=T47517_0.6

MOTIF M181_0.6 (PVX_114940)_(Plasmodium_falciparum)_(RBD_0.90)

letter-probability matrix: alength= 4 w= 7 nsites= 1 E= 0
  0.036493	  0.036493	  0.225637	  0.701377	
  0.012734	  0.012734	  0.012734	  0.961798	
  0.673993	  0.012734	  0.300539	  0.012734	
  0.012734	  0.961798	  0.012734	  0.012734	
  0.961798	  0.012734	  0.012734	  0.012734	
  0.012734	  0.012734	  0.012734	  0.961798	
  0.285455	  0.107025	  0.411280	  0.196240	

URL http://cisbp-rna.ccbr.utoronto.ca/TFreport.php?searchTF=T47536_0.6

MOTIF M183_0.6 (PVX_086965)_(Plasmodium_falciparum)_(RBD_0.71)

letter-probability matrix: alength= 4 w= 8 nsites= 1 E= 0
  0.123726	  0.628821	  0.123726	  0.123726	
  0.034100	  0.526534	  0.034100	  0.405266	
  0.490761	  0.010555	  0.010555	  0.488128	
  0.010555	  0.010555	  0.733909	  0.244980	
  0.010555	  0.968334	  0.010555	  0.010555	
  0.968334	  0.010555	  0.010555	  0.010555	
  0.010555	  0.968334	  0.010555	  0.010555	
  0.587316	  0.137561	  0.137561	  0.137561	

URL http://cisbp-rna.ccbr.utoronto.ca/TFreport.php?searchTF=T47498_0.6

MOTIF M202_0.6 (PVX_122180)_(Plasmodium_falciparum)_(RBD_0.74)

letter-probability matrix: alength= 4 w= 7 nsites= 1 E= 0
  0.506258	  0.103015	  0.287711	  0.103015	
  0.320175	  0.030579	  0.139708	  0.509538	
  0.006191	  0.006191	  0.006191	  0.981427	
  0.780714	  0.006191	  0.206904	  0.006191	
  0.006191	  0.981427	  0.006191	  0.006191	
  0.981427	  0.006191	  0.006191	  0.006191	
  0.006191	  0.981427	  0.006191	  0.006191	

URL http://cisbp-rna.ccbr.utoronto.ca/TFreport.php?searchTF=T47545_0.6

MOTIF M203_0.6 (PVX_113495)_(Plasmodium_falciparum)_(RBD_0.75)

letter-probability matrix: alength= 4 w= 7 nsites= 1 E= 0
  0.724228	  0.060559	  0.154654	  0.060559	
  0.011673	  0.964980	  0.011673	  0.011673	
  0.011673	  0.011673	  0.011673	  0.964980	
  0.964980	  0.011673	  0.011673	  0.011673	
  0.698557	  0.102279	  0.187491	  0.011673	
  0.462129	  0.119390	  0.122730	  0.295752	
  0.147573	  0.652003	  0.058400	  0.142024	

URL http://cisbp-rna.ccbr.utoronto.ca/TFreport.php?searchTF=T47531_0.6

MOTIF M208_0.6 (PVX_001965)_(Plasmodium_falciparum)_(RBD_0.95)

letter-probability matrix: alength= 4 w= 7 nsites= 1 E= 0
  0.496700	  0.103248	  0.103248	  0.296804	
  0.195639	  0.008518	  0.008518	  0.787325	
  0.373441	  0.008518	  0.008518	  0.609523	
  0.008518	  0.974446	  0.008518	  0.008518	
  0.008518	  0.974446	  0.008518	  0.008518	
  0.008518	  0.008518	  0.974446	  0.008518	
  0.902403	  0.032532	  0.032532	  0.032532	

URL http://cisbp-rna.ccbr.utoronto.ca/TFreport.php?searchTF=T47485_0.6

