MEME version 4

ALPHABET= ACGT

strands: + -

Background letter frequencies (from uniform background):
A 0.25000 C 0.25000 G 0.25000 T 0.25000 

MOTIF EXPREG_00000020 LexA_C.glutamicum

letter-probability matrix: alength= 4 w= 17 nsites= 40 E= 0
  0.250000	  0.200000	  0.050000	  0.500000	
  0.075000	  0.100000	  0.050000	  0.775000	
  0.150000	  0.750000	  0.025000	  0.075000	
  0.150000	  0.000000	  0.825000	  0.025000	
  0.625000	  0.225000	  0.050000	  0.100000	
  0.900000	  0.025000	  0.000000	  0.075000	
  0.200000	  0.650000	  0.025000	  0.125000	
  0.900000	  0.000000	  0.075000	  0.025000	
  0.425000	  0.150000	  0.075000	  0.350000	
  0.450000	  0.125000	  0.375000	  0.050000	
  0.000000	  0.050000	  0.200000	  0.750000	
  0.000000	  0.075000	  0.575000	  0.350000	
  0.100000	  0.025000	  0.025000	  0.850000	
  0.075000	  0.075000	  0.025000	  0.825000	
  0.000000	  0.875000	  0.000000	  0.125000	
  0.100000	  0.125000	  0.550000	  0.225000	
  0.850000	  0.075000	  0.050000	  0.025000	

URL http://www.collectf.org/EXPREG_00000020

MOTIF EXPREG_00000050 PhoP_Y.pestis

letter-probability matrix: alength= 4 w= 21 nsites= 45 E= 0
  0.222222	  0.244444	  0.088889	  0.444444	
  0.088889	  0.311111	  0.088889	  0.511111	
  0.177778	  0.022222	  0.711111	  0.088889	
  0.000000	  0.022222	  0.022222	  0.955556	
  0.000000	  0.044444	  0.044444	  0.911111	
  0.111111	  0.088889	  0.266667	  0.533333	
  0.822222	  0.044444	  0.022222	  0.111111	
  0.355556	  0.177778	  0.133333	  0.333333	
  0.288889	  0.111111	  0.200000	  0.400000	
  0.355556	  0.111111	  0.133333	  0.400000	
  0.377778	  0.111111	  0.066667	  0.444444	
  0.111111	  0.333333	  0.155556	  0.400000	
  0.088889	  0.200000	  0.177778	  0.533333	
  0.044444	  0.044444	  0.777778	  0.133333	
  0.044444	  0.000000	  0.066667	  0.888889	
  0.022222	  0.044444	  0.000000	  0.933333	
  0.266667	  0.022222	  0.066667	  0.644444	
  0.822222	  0.088889	  0.022222	  0.066667	
  0.400000	  0.133333	  0.111111	  0.355556	
  0.222222	  0.155556	  0.288889	  0.333333	
  0.333333	  0.155556	  0.133333	  0.377778	

URL http://www.collectf.org/EXPREG_00000050

MOTIF EXPREG_000000e0 CcpA_S.pneumoniae

letter-probability matrix: alength= 4 w= 20 nsites= 54 E= 0
  0.370370	  0.111111	  0.092593	  0.425926	
  0.351852	  0.148148	  0.166667	  0.333333	
  0.574074	  0.074074	  0.037037	  0.314815	
  0.185185	  0.055556	  0.055556	  0.703704	
  0.092593	  0.000000	  0.870370	  0.037037	
  0.648148	  0.074074	  0.055556	  0.222222	
  0.833333	  0.074074	  0.000000	  0.092593	
  1.000000	  0.000000	  0.000000	  0.000000	
  0.629630	  0.166667	  0.074074	  0.129630	
  0.166667	  0.685185	  0.037037	  0.111111	
  0.000000	  0.018519	  0.981481	  0.000000	
  0.296296	  0.481481	  0.092593	  0.129630	
  0.185185	  0.000000	  0.000000	  0.814815	
  0.259259	  0.018519	  0.037037	  0.685185	
  0.314815	  0.092593	  0.111111	  0.481481	
  0.092593	  0.907407	  0.000000	  0.000000	
  0.759259	  0.000000	  0.000000	  0.240741	
  0.407407	  0.203704	  0.037037	  0.351852	
  0.259259	  0.203704	  0.074074	  0.462963	
  0.314815	  0.148148	  0.092593	  0.444444	

URL http://www.collectf.org/EXPREG_000000e0

MOTIF EXPREG_00000100 Fur_C.crescentus

letter-probability matrix: alength= 4 w= 23 nsites= 16 E= 0
  0.750000	  0.000000	  0.187500	  0.062500	
  0.000000	  0.000000	  0.000000	  1.000000	
  0.000000	  0.000000	  0.000000	  1.000000	
  0.000000	  0.062500	  0.937500	  0.000000	
  0.312500	  0.687500	  0.000000	  0.000000	
  0.062500	  0.000000	  0.937500	  0.000000	
  0.937500	  0.000000	  0.000000	  0.062500	
  0.375000	  0.062500	  0.437500	  0.125000	
  0.000000	  0.500000	  0.125000	  0.375000	
  0.062500	  0.437500	  0.437500	  0.062500	
  0.437500	  0.125000	  0.250000	  0.187500	
  0.000000	  0.062500	  0.187500	  0.750000	
  0.062500	  0.062500	  0.000000	  0.875000	
  0.125000	  0.875000	  0.000000	  0.000000	
  0.000000	  0.000000	  0.312500	  0.687500	
  0.000000	  0.875000	  0.062500	  0.062500	
  0.937500	  0.062500	  0.000000	  0.000000	
  0.437500	  0.000000	  0.187500	  0.375000	
  0.187500	  0.250000	  0.187500	  0.375000	
  0.375000	  0.125000	  0.187500	  0.312500	
  0.187500	  0.125000	  0.375000	  0.312500	
  0.187500	  0.187500	  0.437500	  0.187500	
  0.250000	  0.187500	  0.437500	  0.125000	

URL http://www.collectf.org/EXPREG_00000100

MOTIF EXPREG_00000120 LexA_P.difficile

letter-probability matrix: alength= 4 w= 16 nsites= 16 E= 0
  0.625000	  0.062500	  0.125000	  0.187500	
  0.375000	  0.000000	  0.500000	  0.125000	
  0.312500	  0.000000	  0.687500	  0.000000	
  0.937500	  0.000000	  0.000000	  0.062500	
  0.937500	  0.000000	  0.000000	  0.062500	
  0.000000	  0.937500	  0.000000	  0.062500	
  0.250000	  0.125000	  0.000000	  0.625000	
  0.500000	  0.062500	  0.000000	  0.437500	
  0.500000	  0.187500	  0.000000	  0.312500	
  0.250000	  0.062500	  0.062500	  0.625000	
  0.062500	  0.000000	  0.937500	  0.000000	
  0.062500	  0.000000	  0.000000	  0.937500	
  0.062500	  0.000000	  0.000000	  0.937500	
  0.062500	  0.625000	  0.000000	  0.312500	
  0.250000	  0.000000	  0.250000	  0.500000	
  0.500000	  0.062500	  0.250000	  0.187500	

URL http://www.collectf.org/EXPREG_00000120

MOTIF EXPREG_00000130 HapR_V.cholerae

letter-probability matrix: alength= 4 w= 22 nsites= 18 E= 0
  0.000000	  0.277778	  0.055556	  0.666667	
  0.055556	  0.111111	  0.000000	  0.833333	
  0.944444	  0.000000	  0.000000	  0.055556	
  0.277778	  0.111111	  0.000000	  0.611111	
  0.000000	  0.000000	  0.000000	  1.000000	
  0.055556	  0.000000	  0.888889	  0.055556	
  0.888889	  0.000000	  0.055556	  0.055556	
  0.000000	  0.000000	  0.333333	  0.666667	
  0.444444	  0.111111	  0.000000	  0.444444	
  0.722222	  0.000000	  0.111111	  0.166667	
  0.166667	  0.000000	  0.111111	  0.722222	
  0.388889	  0.111111	  0.055556	  0.444444	
  0.500000	  0.000000	  0.111111	  0.388889	
  0.055556	  0.000000	  0.000000	  0.944444	
  0.166667	  0.000000	  0.833333	  0.000000	
  0.000000	  0.000000	  0.000000	  1.000000	
  0.111111	  0.388889	  0.277778	  0.222222	
  0.666667	  0.055556	  0.222222	  0.055556	
  0.166667	  0.222222	  0.388889	  0.222222	
  0.166667	  0.055556	  0.000000	  0.777778	
  0.333333	  0.111111	  0.000000	  0.555556	
  0.277778	  0.000000	  0.277778	  0.444444	

URL http://www.collectf.org/EXPREG_00000130

MOTIF EXPREG_000001b0 CodY_L.lactis

letter-probability matrix: alength= 4 w= 15 nsites= 12 E= 0
  0.750000	  0.000000	  0.000000	  0.250000	
  0.583333	  0.000000	  0.000000	  0.416667	
  0.000000	  0.000000	  0.000000	  1.000000	
  0.166667	  0.000000	  0.000000	  0.833333	
  0.000000	  0.000000	  0.166667	  0.833333	
  0.083333	  0.000000	  0.000000	  0.916667	
  0.000000	  0.833333	  0.000000	  0.166667	
  0.000000	  0.083333	  0.000000	  0.916667	
  0.083333	  0.000000	  0.916667	  0.000000	
  0.916667	  0.000000	  0.083333	  0.000000	
  0.583333	  0.250000	  0.000000	  0.166667	
  0.833333	  0.083333	  0.083333	  0.000000	
  1.000000	  0.000000	  0.000000	  0.000000	
  0.250000	  0.000000	  0.000000	  0.750000	
  0.166667	  0.000000	  0.000000	  0.833333	

URL http://www.collectf.org/EXPREG_000001b0

MOTIF EXPREG_00000200 GlnR_S.erythraea

letter-probability matrix: alength= 4 w= 16 nsites= 34 E= 0
  0.058824	  0.117647	  0.294118	  0.529412	
  0.117647	  0.264706	  0.205882	  0.411765	
  0.588235	  0.294118	  0.000000	  0.117647	
  0.852941	  0.000000	  0.088235	  0.058824	
  0.000000	  0.970588	  0.029412	  0.000000	
  0.382353	  0.147059	  0.411765	  0.058824	
  0.176471	  0.352941	  0.235294	  0.235294	
  0.029412	  0.323529	  0.205882	  0.441176	
  0.029412	  0.411765	  0.205882	  0.352941	
  0.117647	  0.529412	  0.323529	  0.029412	
  0.294118	  0.382353	  0.294118	  0.029412	
  0.058824	  0.029412	  0.823529	  0.088235	
  0.617647	  0.147059	  0.058824	  0.176471	
  0.823529	  0.088235	  0.029412	  0.058824	
  0.911765	  0.000000	  0.029412	  0.058824	
  0.117647	  0.852941	  0.000000	  0.029412	

URL http://www.collectf.org/EXPREG_00000200

MOTIF EXPREG_00000240 ToxT_V.cholerae

letter-probability matrix: alength= 4 w= 14 nsites= 11 E= 0
  0.181818	  0.181818	  0.000000	  0.636364	
  0.545455	  0.000000	  0.454545	  0.000000	
  0.272727	  0.000000	  0.000000	  0.727273	
  0.000000	  0.000000	  0.000000	  1.000000	
  0.090909	  0.000000	  0.000000	  0.909091	
  0.000000	  0.000000	  0.000000	  1.000000	
  0.090909	  0.000000	  0.090909	  0.818182	
  0.181818	  0.000000	  0.000000	  0.818182	
  0.090909	  0.000000	  0.545455	  0.363636	
  0.818182	  0.090909	  0.000000	  0.090909	
  0.545455	  0.000000	  0.000000	  0.454545	
  0.454545	  0.000000	  0.090909	  0.454545	
  0.181818	  0.000000	  0.090909	  0.727273	
  0.181818	  0.272727	  0.090909	  0.454545	

URL http://www.collectf.org/EXPREG_00000240

MOTIF EXPREG_00000290 LuxR_V.campbellii

letter-probability matrix: alength= 4 w= 21 nsites= 489 E= 0
  0.192229	  0.188139	  0.120654	  0.498978	
  0.259714	  0.016360	  0.006135	  0.717791	
  0.817996	  0.020450	  0.040900	  0.120654	
  0.083845	  0.132924	  0.094070	  0.689162	
  0.057260	  0.047035	  0.000000	  0.895706	
  0.151329	  0.012270	  0.797546	  0.038855	
  0.797546	  0.012270	  0.000000	  0.190184	
  0.000000	  0.222904	  0.065440	  0.711656	
  0.640082	  0.042945	  0.134969	  0.182004	
  0.458078	  0.104294	  0.171779	  0.265849	
  0.286299	  0.114519	  0.079755	  0.519427	
  0.284254	  0.022495	  0.049080	  0.644172	
  0.251534	  0.141104	  0.034765	  0.572597	
  0.251534	  0.024540	  0.051125	  0.672802	
  0.429448	  0.177914	  0.392638	  0.000000	
  0.257669	  0.000000	  0.020450	  0.721881	
  0.157464	  0.484663	  0.014315	  0.343558	
  0.756646	  0.018405	  0.100204	  0.124744	
  0.341513	  0.112474	  0.198364	  0.347648	
  0.053170	  0.141104	  0.026585	  0.779141	
  0.482618	  0.071575	  0.149284	  0.296524	

URL http://www.collectf.org/EXPREG_00000290

MOTIF EXPREG_00000330 CodY_S.pyogenes

letter-probability matrix: alength= 4 w= 15 nsites= 15 E= 0
  0.666667	  0.133333	  0.000000	  0.200000	
  0.466667	  0.000000	  0.000000	  0.533333	
  0.000000	  0.000000	  0.066667	  0.933333	
  0.133333	  0.000000	  0.000000	  0.866667	
  0.133333	  0.000000	  0.000000	  0.866667	
  0.000000	  0.000000	  0.000000	  1.000000	
  0.000000	  1.000000	  0.000000	  0.000000	
  0.866667	  0.000000	  0.000000	  0.133333	
  0.000000	  0.000000	  1.000000	  0.000000	
  0.933333	  0.000000	  0.000000	  0.066667	
  0.866667	  0.066667	  0.000000	  0.066667	
  1.000000	  0.000000	  0.000000	  0.000000	
  1.000000	  0.000000	  0.000000	  0.000000	
  0.000000	  0.000000	  0.066667	  0.933333	
  0.200000	  0.200000	  0.200000	  0.400000	

URL http://www.collectf.org/EXPREG_00000330

MOTIF EXPREG_00000340 Fur_H.pylori

letter-probability matrix: alength= 4 w= 48 nsites= 23 E= 0
  0.434783	  0.043478	  0.043478	  0.478261	
  0.130435	  0.130435	  0.347826	  0.391304	
  0.304348	  0.217391	  0.130435	  0.347826	
  0.478261	  0.086957	  0.086957	  0.347826	
  0.260870	  0.260870	  0.086957	  0.391304	
  0.565217	  0.000000	  0.086957	  0.347826	
  0.260870	  0.173913	  0.130435	  0.434783	
  0.391304	  0.086957	  0.000000	  0.521739	
  0.565217	  0.086957	  0.000000	  0.347826	
  0.086957	  0.086957	  0.043478	  0.782609	
  0.608696	  0.086957	  0.304348	  0.000000	
  0.869565	  0.000000	  0.000000	  0.130435	
  0.260870	  0.000000	  0.000000	  0.739130	
  0.652174	  0.000000	  0.000000	  0.347826	
  0.826087	  0.086957	  0.043478	  0.043478	
  0.043478	  0.086957	  0.130435	  0.739130	
  0.217391	  0.434783	  0.000000	  0.347826	
  0.826087	  0.000000	  0.043478	  0.130435	
  0.130435	  0.000000	  0.000000	  0.869565	
  0.000000	  0.043478	  0.130435	  0.826087	
  0.521739	  0.000000	  0.000000	  0.478261	
  0.086957	  0.000000	  0.000000	  0.913043	
  0.043478	  0.086957	  0.000000	  0.869565	
  0.913043	  0.000000	  0.086957	  0.000000	
  0.478261	  0.086957	  0.130435	  0.304348	
  0.565217	  0.043478	  0.043478	  0.347826	
  0.695652	  0.000000	  0.173913	  0.130435	
  0.391304	  0.260870	  0.043478	  0.304348	
  0.434783	  0.043478	  0.043478	  0.478261	
  0.478261	  0.043478	  0.130435	  0.347826	
  0.434783	  0.043478	  0.304348	  0.217391	
  0.304348	  0.347826	  0.043478	  0.304348	
  0.391304	  0.086957	  0.130435	  0.391304	
  0.260870	  0.043478	  0.260870	  0.434783	
  0.304348	  0.304348	  0.260870	  0.130435	
  0.478261	  0.043478	  0.217391	  0.260870	
  0.434783	  0.043478	  0.130435	  0.391304	
  0.521739	  0.043478	  0.043478	  0.391304	
  0.347826	  0.130435	  0.173913	  0.347826	
  0.478261	  0.086957	  0.000000	  0.434783	
  0.478261	  0.173913	  0.173913	  0.173913	
  0.478261	  0.130435	  0.130435	  0.260870	
  0.478261	  0.130435	  0.086957	  0.304348	
  0.260870	  0.130435	  0.217391	  0.391304	
  0.173913	  0.173913	  0.173913	  0.478261	
  0.217391	  0.086957	  0.260870	  0.434783	
  0.260870	  0.173913	  0.043478	  0.521739	
  0.217391	  0.086957	  0.173913	  0.521739	

URL http://www.collectf.org/EXPREG_00000340

MOTIF EXPREG_00000360 Fur_A.salmonicida

letter-probability matrix: alength= 4 w= 25 nsites= 23 E= 0
  0.391304	  0.043478	  0.391304	  0.173913	
  0.260870	  0.173913	  0.000000	  0.565217	
  0.217391	  0.086957	  0.086957	  0.608696	
  0.217391	  0.086957	  0.304348	  0.391304	
  0.347826	  0.043478	  0.043478	  0.565217	
  0.304348	  0.043478	  0.304348	  0.347826	
  0.695652	  0.000000	  0.043478	  0.260870	
  0.869565	  0.000000	  0.000000	  0.130435	
  0.173913	  0.000000	  0.000000	  0.826087	
  0.086957	  0.086957	  0.739130	  0.086957	
  0.739130	  0.000000	  0.130435	  0.130435	
  0.130435	  0.000000	  0.086957	  0.782609	
  0.652174	  0.000000	  0.000000	  0.347826	
  0.739130	  0.000000	  0.000000	  0.260870	
  0.000000	  0.260870	  0.086957	  0.652174	
  0.260870	  0.000000	  0.086957	  0.652174	
  0.869565	  0.000000	  0.130435	  0.000000	
  0.217391	  0.000000	  0.043478	  0.739130	
  0.086957	  0.173913	  0.000000	  0.739130	
  0.478261	  0.347826	  0.130435	  0.043478	
  0.304348	  0.000000	  0.130435	  0.565217	
  0.173913	  0.347826	  0.217391	  0.260870	
  0.869565	  0.086957	  0.000000	  0.043478	
  0.434783	  0.043478	  0.000000	  0.521739	
  0.043478	  0.043478	  0.086957	  0.826087	

URL http://www.collectf.org/EXPREG_00000360

MOTIF EXPREG_00000370 Fur_A.ferrooxidans

letter-probability matrix: alength= 4 w= 21 nsites= 11 E= 0
  0.090909	  0.272727	  0.181818	  0.454545	
  0.181818	  0.272727	  0.545455	  0.000000	
  0.454545	  0.181818	  0.000000	  0.363636	
  0.454545	  0.272727	  0.000000	  0.272727	
  0.818182	  0.090909	  0.000000	  0.090909	
  0.545455	  0.181818	  0.090909	  0.181818	
  0.454545	  0.000000	  0.090909	  0.454545	
  0.727273	  0.000000	  0.181818	  0.090909	
  0.090909	  0.000000	  0.090909	  0.818182	
  0.545455	  0.000000	  0.181818	  0.272727	
  0.363636	  0.181818	  0.272727	  0.181818	
  0.000000	  0.090909	  0.000000	  0.909091	
  0.090909	  0.454545	  0.000000	  0.454545	
  0.909091	  0.090909	  0.000000	  0.000000	
  0.181818	  0.181818	  0.000000	  0.636364	
  0.000000	  0.454545	  0.000000	  0.545455	
  0.181818	  0.545455	  0.090909	  0.181818	
  0.000000	  0.000000	  0.363636	  0.636364	
  0.181818	  0.272727	  0.000000	  0.545455	
  0.454545	  0.090909	  0.181818	  0.272727	
  0.272727	  0.181818	  0.181818	  0.363636	

URL http://www.collectf.org/EXPREG_00000370

MOTIF EXPREG_00000470 ArgR_P.aeruginosa

letter-probability matrix: alength= 4 w= 43 nsites= 18 E= 0
  0.444444	  0.222222	  0.166667	  0.166667	
  0.055556	  0.277778	  0.111111	  0.555556	
  0.000000	  0.000000	  0.777778	  0.222222	
  0.166667	  0.222222	  0.277778	  0.333333	
  0.000000	  0.833333	  0.111111	  0.055556	
  0.000000	  0.222222	  0.611111	  0.166667	
  0.222222	  0.444444	  0.055556	  0.277778	
  0.333333	  0.277778	  0.277778	  0.111111	
  0.222222	  0.166667	  0.111111	  0.500000	
  0.166667	  0.277778	  0.111111	  0.444444	
  0.222222	  0.166667	  0.388889	  0.222222	
  0.277778	  0.166667	  0.277778	  0.277778	
  0.055556	  0.166667	  0.166667	  0.611111	
  0.111111	  0.111111	  0.777778	  0.000000	
  0.500000	  0.111111	  0.111111	  0.277778	
  0.722222	  0.166667	  0.000000	  0.111111	
  0.500000	  0.166667	  0.166667	  0.166667	
  0.166667	  0.277778	  0.166667	  0.388889	
  0.222222	  0.055556	  0.166667	  0.555556	
  0.333333	  0.277778	  0.222222	  0.166667	
  0.277778	  0.166667	  0.333333	  0.222222	
  0.611111	  0.277778	  0.055556	  0.055556	
  0.055556	  0.055556	  0.055556	  0.833333	
  0.000000	  0.000000	  1.000000	  0.000000	
  0.055556	  0.055556	  0.111111	  0.777778	
  0.000000	  0.888889	  0.000000	  0.111111	
  0.000000	  0.000000	  1.000000	  0.000000	
  0.000000	  0.888889	  0.055556	  0.055556	
  0.500000	  0.166667	  0.333333	  0.000000	
  0.388889	  0.055556	  0.222222	  0.333333	
  0.388889	  0.277778	  0.055556	  0.277778	
  0.444444	  0.166667	  0.166667	  0.222222	
  0.388889	  0.500000	  0.111111	  0.000000	
  0.111111	  0.333333	  0.166667	  0.388889	
  0.222222	  0.000000	  0.777778	  0.000000	
  0.444444	  0.222222	  0.055556	  0.277778	
  0.888889	  0.055556	  0.055556	  0.000000	
  0.888889	  0.000000	  0.055556	  0.055556	
  0.222222	  0.111111	  0.555556	  0.111111	
  0.277778	  0.166667	  0.055556	  0.500000	
  0.111111	  0.500000	  0.166667	  0.222222	
  0.055556	  0.277778	  0.444444	  0.222222	
  0.111111	  0.555556	  0.277778	  0.055556	

URL http://www.collectf.org/EXPREG_00000470

MOTIF EXPREG_000004b0 PvdS_P.aeruginosa

letter-probability matrix: alength= 4 w= 24 nsites= 21 E= 0
  0.952381	  0.047619	  0.000000	  0.000000	
  0.000000	  0.952381	  0.047619	  0.000000	
  0.000000	  0.000000	  1.000000	  0.000000	
  0.476190	  0.095238	  0.190476	  0.238095	
  0.619048	  0.095238	  0.190476	  0.095238	
  0.142857	  0.190476	  0.476190	  0.190476	
  0.333333	  0.333333	  0.190476	  0.142857	
  0.380952	  0.190476	  0.190476	  0.238095	
  0.238095	  0.238095	  0.285714	  0.238095	
  0.190476	  0.333333	  0.428571	  0.047619	
  0.238095	  0.333333	  0.333333	  0.095238	
  0.238095	  0.428571	  0.285714	  0.047619	
  0.190476	  0.190476	  0.428571	  0.190476	
  0.142857	  0.380952	  0.428571	  0.047619	
  0.095238	  0.476190	  0.428571	  0.000000	
  0.142857	  0.142857	  0.476190	  0.238095	
  0.238095	  0.238095	  0.428571	  0.095238	
  0.476190	  0.238095	  0.190476	  0.095238	
  0.428571	  0.047619	  0.285714	  0.238095	
  0.714286	  0.095238	  0.095238	  0.095238	
  0.142857	  0.095238	  0.000000	  0.761905	
  0.000000	  0.000000	  0.095238	  0.904762	
  0.000000	  0.095238	  0.047619	  0.857143	
  0.809524	  0.047619	  0.095238	  0.047619	

URL http://www.collectf.org/EXPREG_000004b0

MOTIF EXPREG_000004d0 AmrZ_P.aeruginosa

letter-probability matrix: alength= 4 w= 24 nsites= 363 E= 0
  0.170799	  0.303030	  0.391185	  0.134986	
  0.195592	  0.247934	  0.256198	  0.300275	
  0.203857	  0.209366	  0.407713	  0.179063	
  0.195592	  0.407713	  0.305785	  0.090909	
  0.168044	  0.283747	  0.231405	  0.316804	
  0.297521	  0.198347	  0.352617	  0.151515	
  0.068871	  0.297521	  0.462810	  0.170799	
  0.016529	  0.859504	  0.057851	  0.066116	
  0.548209	  0.184573	  0.170799	  0.096419	
  0.223140	  0.242424	  0.457300	  0.077135	
  0.484848	  0.154270	  0.088154	  0.272727	
  0.250689	  0.066116	  0.146006	  0.537190	
  0.027548	  0.471074	  0.250689	  0.250689	
  0.011019	  0.005510	  0.983471	  0.000000	
  0.055096	  0.881543	  0.055096	  0.008264	
  0.005510	  0.889807	  0.030303	  0.074380	
  0.845730	  0.008264	  0.118457	  0.027548	
  0.016529	  0.168044	  0.300275	  0.515152	
  0.008264	  0.862259	  0.057851	  0.071625	
  0.639118	  0.074380	  0.239669	  0.046832	
  0.209366	  0.239669	  0.261708	  0.289256	
  0.093664	  0.407713	  0.261708	  0.236915	
  0.209366	  0.267218	  0.330579	  0.192837	
  0.170799	  0.294766	  0.250689	  0.283747	

URL http://www.collectf.org/EXPREG_000004d0

MOTIF EXPREG_000005c0 DosR_M.tuberculosis

letter-probability matrix: alength= 4 w= 20 nsites= 14 E= 0
  0.214286	  0.000000	  0.357143	  0.428571	
  0.071429	  0.428571	  0.142857	  0.357143	
  0.071429	  0.142857	  0.642857	  0.142857	
  0.071429	  0.214286	  0.642857	  0.071429	
  0.000000	  0.000000	  1.000000	  0.000000	
  0.071429	  0.071429	  0.857143	  0.000000	
  0.785714	  0.142857	  0.000000	  0.071429	
  0.000000	  0.928571	  0.071429	  0.000000	
  0.071429	  0.214286	  0.214286	  0.500000	
  0.642857	  0.000000	  0.000000	  0.357143	
  0.357143	  0.285714	  0.071429	  0.285714	
  0.071429	  0.428571	  0.000000	  0.500000	
  0.000000	  0.214286	  0.785714	  0.000000	
  0.357143	  0.142857	  0.357143	  0.142857	
  0.000000	  1.000000	  0.000000	  0.000000	
  0.000000	  1.000000	  0.000000	  0.000000	
  0.000000	  1.000000	  0.000000	  0.000000	
  0.000000	  0.142857	  0.285714	  0.571429	
  0.428571	  0.214286	  0.214286	  0.142857	
  0.214286	  0.000000	  0.571429	  0.214286	

URL http://www.collectf.org/EXPREG_000005c0

MOTIF EXPREG_000005d0 LexA_M.tuberculosis

letter-probability matrix: alength= 4 w= 20 nsites= 41 E= 0
  0.341463	  0.170732	  0.097561	  0.390244	
  0.341463	  0.243902	  0.121951	  0.292683	
  0.000000	  0.097561	  0.024390	  0.878049	
  0.024390	  0.975610	  0.000000	  0.000000	
  0.000000	  0.000000	  1.000000	  0.000000	
  0.853659	  0.146341	  0.000000	  0.000000	
  0.878049	  0.000000	  0.000000	  0.121951	
  0.073171	  0.878049	  0.000000	  0.048780	
  0.902439	  0.000000	  0.073171	  0.024390	
  0.268293	  0.487805	  0.024390	  0.219512	
  0.658537	  0.146341	  0.024390	  0.170732	
  0.000000	  0.292683	  0.000000	  0.707317	
  0.073171	  0.000000	  0.804878	  0.121951	
  0.048780	  0.000000	  0.000000	  0.951220	
  0.000000	  0.000000	  0.073171	  0.926829	
  0.000000	  0.926829	  0.000000	  0.073171	
  0.000000	  0.000000	  0.926829	  0.073171	
  0.951220	  0.000000	  0.024390	  0.024390	
  0.243902	  0.024390	  0.219512	  0.512195	
  0.487805	  0.073171	  0.024390	  0.414634	

URL http://www.collectf.org/EXPREG_000005d0

MOTIF EXPREG_00000670 NikR_H.pylori

letter-probability matrix: alength= 4 w= 35 nsites= 19 E= 0
  0.473684	  0.000000	  0.105263	  0.421053	
  0.263158	  0.000000	  0.157895	  0.578947	
  0.736842	  0.000000	  0.000000	  0.263158	
  0.157895	  0.000000	  0.000000	  0.842105	
  0.736842	  0.052632	  0.052632	  0.157895	
  0.578947	  0.000000	  0.052632	  0.368421	
  0.000000	  0.473684	  0.000000	  0.526316	
  0.947368	  0.000000	  0.000000	  0.052632	
  0.263158	  0.578947	  0.000000	  0.157895	
  0.421053	  0.000000	  0.052632	  0.526316	
  0.684211	  0.000000	  0.000000	  0.315789	
  0.526316	  0.000000	  0.210526	  0.263158	
  0.315789	  0.000000	  0.000000	  0.684211	
  0.315789	  0.000000	  0.000000	  0.684211	
  0.157895	  0.684211	  0.000000	  0.157895	
  0.526316	  0.421053	  0.052632	  0.000000	
  0.263158	  0.000000	  0.000000	  0.736842	
  0.263158	  0.000000	  0.000000	  0.736842	
  0.368421	  0.000000	  0.000000	  0.631579	
  0.368421	  0.000000	  0.000000	  0.631579	
  0.684211	  0.000000	  0.000000	  0.315789	
  1.000000	  0.000000	  0.000000	  0.000000	
  0.789474	  0.000000	  0.157895	  0.052632	
  0.000000	  0.105263	  0.000000	  0.894737	
  0.631579	  0.052632	  0.210526	  0.105263	
  0.631579	  0.105263	  0.052632	  0.210526	
  0.105263	  0.105263	  0.210526	  0.578947	
  0.736842	  0.105263	  0.000000	  0.157895	
  0.368421	  0.263158	  0.105263	  0.263158	
  0.157895	  0.263158	  0.157895	  0.421053	
  0.315789	  0.052632	  0.000000	  0.631579	
  0.578947	  0.052632	  0.052632	  0.315789	
  0.263158	  0.052632	  0.368421	  0.315789	
  0.210526	  0.263158	  0.052632	  0.473684	
  0.368421	  0.052632	  0.000000	  0.578947	

URL http://www.collectf.org/EXPREG_00000670

MOTIF EXPREG_000006f0 IHF_P.putida

letter-probability matrix: alength= 4 w= 28 nsites= 43 E= 0
  0.348837	  0.186047	  0.186047	  0.279070	
  0.279070	  0.209302	  0.232558	  0.279070	
  0.116279	  0.372093	  0.279070	  0.232558	
  0.279070	  0.441860	  0.046512	  0.232558	
  0.093023	  0.325581	  0.093023	  0.488372	
  0.093023	  0.186047	  0.325581	  0.395349	
  0.279070	  0.325581	  0.162791	  0.232558	
  0.279070	  0.348837	  0.093023	  0.279070	
  0.186047	  0.534884	  0.279070	  0.000000	
  0.465116	  0.093023	  0.302326	  0.139535	
  0.348837	  0.186047	  0.418605	  0.046512	
  0.139535	  0.232558	  0.488372	  0.139535	
  0.232558	  0.093023	  0.232558	  0.441860	
  0.232558	  0.139535	  0.325581	  0.302326	
  0.186047	  0.325581	  0.279070	  0.209302	
  0.558140	  0.000000	  0.000000	  0.441860	
  0.325581	  0.000000	  0.023256	  0.651163	
  0.000000	  0.976744	  0.000000	  0.023256	
  1.000000	  0.000000	  0.000000	  0.000000	
  0.674419	  0.000000	  0.325581	  0.000000	
  0.209302	  0.279070	  0.372093	  0.139535	
  0.395349	  0.186047	  0.279070	  0.139535	
  0.279070	  0.325581	  0.186047	  0.209302	
  0.046512	  0.418605	  0.279070	  0.255814	
  0.488372	  0.000000	  0.000000	  0.511628	
  0.000000	  0.000000	  0.000000	  1.000000	
  0.232558	  0.023256	  0.744186	  0.000000	
  0.325581	  0.325581	  0.209302	  0.139535	

URL http://www.collectf.org/EXPREG_000006f0

MOTIF EXPREG_00000700 IHF_P.putida

letter-probability matrix: alength= 4 w= 14 nsites= 40 E= 0
  0.150000	  0.250000	  0.300000	  0.300000	
  0.225000	  0.150000	  0.325000	  0.300000	
  0.000000	  0.825000	  0.000000	  0.175000	
  1.000000	  0.000000	  0.000000	  0.000000	
  0.425000	  0.000000	  0.075000	  0.500000	
  0.200000	  0.300000	  0.450000	  0.050000	
  0.125000	  0.200000	  0.425000	  0.250000	
  0.150000	  0.225000	  0.200000	  0.425000	
  0.100000	  0.400000	  0.300000	  0.200000	
  0.000000	  0.275000	  0.000000	  0.725000	
  0.000000	  0.000000	  0.000000	  1.000000	
  0.025000	  0.000000	  0.975000	  0.000000	
  0.700000	  0.025000	  0.000000	  0.275000	
  0.450000	  0.000000	  0.000000	  0.550000	

URL http://www.collectf.org/EXPREG_00000700

MOTIF EXPREG_00000710 LexA_P.putida

letter-probability matrix: alength= 4 w= 22 nsites= 12 E= 0
  0.333333	  0.083333	  0.250000	  0.333333	
  0.166667	  0.083333	  0.250000	  0.500000	
  0.416667	  0.000000	  0.333333	  0.250000	
  0.000000	  1.000000	  0.000000	  0.000000	
  0.000000	  0.000000	  0.000000	  1.000000	
  0.000000	  0.000000	  1.000000	  0.000000	
  0.083333	  0.000000	  0.500000	  0.416667	
  0.500000	  0.333333	  0.083333	  0.083333	
  0.083333	  0.000000	  0.000000	  0.916667	
  0.666667	  0.000000	  0.166667	  0.166667	
  0.083333	  0.166667	  0.083333	  0.666667	
  0.500000	  0.000000	  0.083333	  0.416667	
  0.083333	  0.333333	  0.000000	  0.583333	
  0.583333	  0.000000	  0.250000	  0.166667	
  0.000000	  0.000000	  0.000000	  1.000000	
  0.916667	  0.000000	  0.000000	  0.083333	
  0.000000	  1.000000	  0.000000	  0.000000	
  1.000000	  0.000000	  0.000000	  0.000000	
  0.000000	  0.000000	  1.000000	  0.000000	
  0.000000	  0.083333	  0.166667	  0.750000	
  0.500000	  0.000000	  0.250000	  0.250000	
  0.250000	  0.250000	  0.083333	  0.416667	

URL http://www.collectf.org/EXPREG_00000710

MOTIF EXPREG_00000760 NtcA_N.sp.

letter-probability matrix: alength= 4 w= 14 nsites= 509 E= 0
  0.003929	  0.000000	  0.996071	  0.000000	
  0.011788	  0.003929	  0.005894	  0.978389	
  0.864440	  0.003929	  0.055010	  0.076621	
  0.188605	  0.047151	  0.257367	  0.506876	
  0.208251	  0.540275	  0.005894	  0.245580	
  0.455796	  0.117878	  0.168959	  0.257367	
  0.337917	  0.165029	  0.206287	  0.290766	
  0.332024	  0.204322	  0.218075	  0.245580	
  0.341847	  0.180747	  0.208251	  0.269155	
  0.436149	  0.129666	  0.280943	  0.153242	
  0.282908	  0.163065	  0.110020	  0.444008	
  0.241650	  0.176817	  0.084479	  0.497053	
  0.901768	  0.009823	  0.033399	  0.055010	
  0.000000	  0.990177	  0.007859	  0.001965	

URL http://www.collectf.org/EXPREG_00000760

MOTIF EXPREG_000007a0 LexA_E.coli

letter-probability matrix: alength= 4 w= 20 nsites= 50 E= 0
  0.360000	  0.040000	  0.100000	  0.500000	
  0.660000	  0.100000	  0.220000	  0.020000	
  0.060000	  0.940000	  0.000000	  0.000000	
  0.000000	  0.000000	  0.000000	  1.000000	
  0.000000	  0.020000	  0.980000	  0.000000	
  0.100000	  0.000000	  0.240000	  0.660000	
  0.500000	  0.040000	  0.000000	  0.460000	
  0.040000	  0.040000	  0.120000	  0.800000	
  0.660000	  0.000000	  0.100000	  0.240000	
  0.400000	  0.000000	  0.080000	  0.520000	
  0.660000	  0.060000	  0.080000	  0.200000	
  0.180000	  0.240000	  0.000000	  0.580000	
  0.680000	  0.100000	  0.120000	  0.100000	
  0.000000	  0.180000	  0.040000	  0.780000	
  0.640000	  0.360000	  0.000000	  0.000000	
  0.000000	  1.000000	  0.000000	  0.000000	
  0.980000	  0.000000	  0.000000	  0.020000	
  0.040000	  0.020000	  0.940000	  0.000000	
  0.000000	  0.220000	  0.100000	  0.680000	
  0.540000	  0.080000	  0.180000	  0.200000	

URL http://www.collectf.org/EXPREG_000007a0

MOTIF EXPREG_000007b0 MatP_E.coli

letter-probability matrix: alength= 4 w= 53 nsites= 32 E= 0
  0.187500	  0.375000	  0.156250	  0.281250	
  0.218750	  0.125000	  0.375000	  0.281250	
  0.437500	  0.187500	  0.156250	  0.218750	
  0.093750	  0.375000	  0.218750	  0.312500	
  0.125000	  0.125000	  0.343750	  0.406250	
  0.156250	  0.281250	  0.312500	  0.250000	
  0.187500	  0.250000	  0.125000	  0.437500	
  0.250000	  0.125000	  0.406250	  0.218750	
  0.125000	  0.468750	  0.187500	  0.218750	
  0.187500	  0.343750	  0.125000	  0.343750	
  0.250000	  0.093750	  0.250000	  0.406250	
  0.375000	  0.156250	  0.125000	  0.343750	
  0.093750	  0.500000	  0.125000	  0.281250	
  0.437500	  0.093750	  0.250000	  0.218750	
  0.281250	  0.218750	  0.218750	  0.281250	
  0.156250	  0.250000	  0.281250	  0.312500	
  0.312500	  0.125000	  0.375000	  0.187500	
  0.437500	  0.250000	  0.093750	  0.218750	
  0.531250	  0.093750	  0.062500	  0.312500	
  0.343750	  0.031250	  0.375000	  0.250000	
  0.000000	  0.000000	  1.000000	  0.000000	
  0.000000	  0.000000	  0.000000	  1.000000	
  0.000000	  0.000000	  0.968750	  0.031250	
  1.000000	  0.000000	  0.000000	  0.000000	
  0.000000	  1.000000	  0.000000	  0.000000	
  0.593750	  0.062500	  0.343750	  0.000000	
  0.218750	  0.281250	  0.250000	  0.250000	
  0.000000	  0.093750	  0.000000	  0.906250	
  0.000000	  0.000000	  0.968750	  0.031250	
  0.000000	  0.000000	  0.062500	  0.937500	
  0.000000	  1.000000	  0.000000	  0.000000	
  1.000000	  0.000000	  0.000000	  0.000000	
  0.000000	  0.968750	  0.000000	  0.031250	
  0.375000	  0.187500	  0.343750	  0.093750	
  0.218750	  0.062500	  0.250000	  0.468750	
  0.281250	  0.250000	  0.062500	  0.406250	
  0.437500	  0.000000	  0.156250	  0.406250	
  0.468750	  0.093750	  0.031250	  0.406250	
  0.375000	  0.187500	  0.187500	  0.250000	
  0.218750	  0.375000	  0.250000	  0.156250	
  0.218750	  0.218750	  0.375000	  0.187500	
  0.156250	  0.156250	  0.531250	  0.156250	
  0.156250	  0.125000	  0.281250	  0.437500	
  0.406250	  0.187500	  0.187500	  0.218750	
  0.062500	  0.406250	  0.125000	  0.406250	
  0.312500	  0.187500	  0.218750	  0.281250	
  0.125000	  0.125000	  0.250000	  0.500000	
  0.031250	  0.500000	  0.218750	  0.250000	
  0.250000	  0.218750	  0.218750	  0.312500	
  0.375000	  0.218750	  0.187500	  0.218750	
  0.187500	  0.250000	  0.218750	  0.343750	
  0.187500	  0.343750	  0.312500	  0.156250	
  0.156250	  0.312500	  0.187500	  0.343750	

URL http://www.collectf.org/EXPREG_000007b0

MOTIF EXPREG_000007c0 Fur_E.coli

letter-probability matrix: alength= 4 w= 31 nsites= 26 E= 0
  0.384615	  0.307692	  0.000000	  0.307692	
  0.576923	  0.076923	  0.115385	  0.230769	
  0.192308	  0.115385	  0.076923	  0.615385	
  0.038462	  0.115385	  0.269231	  0.576923	
  0.423077	  0.192308	  0.230769	  0.153846	
  0.307692	  0.076923	  0.192308	  0.423077	
  0.692308	  0.000000	  0.038462	  0.269231	
  0.692308	  0.076923	  0.076923	  0.153846	
  0.000000	  0.115385	  0.000000	  0.884615	
  0.230769	  0.076923	  0.653846	  0.038462	
  0.846154	  0.038462	  0.038462	  0.076923	
  0.192308	  0.000000	  0.115385	  0.692308	
  0.884615	  0.000000	  0.000000	  0.115385	
  0.653846	  0.230769	  0.076923	  0.038462	
  0.000000	  0.115385	  0.230769	  0.653846	
  0.115385	  0.307692	  0.153846	  0.423077	
  0.846154	  0.000000	  0.115385	  0.038462	
  0.038462	  0.000000	  0.000000	  0.961538	
  0.000000	  0.000000	  0.000000	  1.000000	
  0.461538	  0.230769	  0.000000	  0.307692	
  0.038462	  0.115385	  0.076923	  0.769231	
  0.000000	  0.692308	  0.000000	  0.307692	
  0.653846	  0.000000	  0.230769	  0.115385	
  0.230769	  0.153846	  0.000000	  0.615385	
  0.076923	  0.115385	  0.038462	  0.769231	
  0.538462	  0.115385	  0.038462	  0.307692	
  0.346154	  0.153846	  0.230769	  0.269231	
  0.230769	  0.269231	  0.076923	  0.423077	
  0.461538	  0.038462	  0.230769	  0.269231	
  0.269231	  0.153846	  0.153846	  0.423077	
  0.192308	  0.115385	  0.076923	  0.615385	

URL http://www.collectf.org/EXPREG_000007c0

MOTIF EXPREG_00000800 ArcA_E.coli

letter-probability matrix: alength= 4 w= 21 nsites= 66 E= 0
  0.469697	  0.045455	  0.000000	  0.484848	
  0.151515	  0.045455	  0.075758	  0.727273	
  0.015152	  0.000000	  0.939394	  0.045455	
  0.030303	  0.030303	  0.000000	  0.939394	
  0.212121	  0.015152	  0.015152	  0.757576	
  0.893939	  0.000000	  0.060606	  0.045455	
  0.606061	  0.227273	  0.015152	  0.151515	
  0.393939	  0.151515	  0.106061	  0.348485	
  0.424242	  0.030303	  0.227273	  0.318182	
  0.560606	  0.166667	  0.045455	  0.227273	
  0.606061	  0.090909	  0.030303	  0.272727	
  0.409091	  0.030303	  0.196970	  0.363636	
  0.075758	  0.196970	  0.060606	  0.666667	
  0.090909	  0.000000	  0.878788	  0.030303	
  0.045455	  0.000000	  0.000000	  0.954545	
  0.166667	  0.000000	  0.121212	  0.712121	
  0.787879	  0.030303	  0.090909	  0.090909	
  0.590909	  0.272727	  0.015152	  0.121212	
  0.484848	  0.136364	  0.242424	  0.136364	
  0.424242	  0.090909	  0.181818	  0.303030	
  0.500000	  0.136364	  0.166667	  0.196970	

URL http://www.collectf.org/EXPREG_00000800

MOTIF EXPREG_00000810 OmpR_S.enterica

letter-probability matrix: alength= 4 w= 9 nsites= 51 E= 0
  0.196078	  0.235294	  0.000000	  0.568627	
  0.529412	  0.039216	  0.019608	  0.411765	
  0.000000	  0.000000	  0.313725	  0.686275	
  0.000000	  0.039216	  0.784314	  0.176471	
  0.000000	  0.156863	  0.000000	  0.843137	
  0.745098	  0.117647	  0.000000	  0.137255	
  0.745098	  0.000000	  0.254902	  0.000000	
  0.000000	  0.686275	  0.039216	  0.274510	
  0.686275	  0.039216	  0.078431	  0.196078	

URL http://www.collectf.org/EXPREG_00000810

MOTIF EXPREG_00000840 Lrp_E.coli

letter-probability matrix: alength= 4 w= 15 nsites= 147 E= 0
  0.020408	  0.598639	  0.068027	  0.312925	
  0.482993	  0.068027	  0.387755	  0.061224	
  0.204082	  0.047619	  0.673469	  0.074830	
  0.421769	  0.265306	  0.000000	  0.312925	
  0.571429	  0.006803	  0.095238	  0.326531	
  0.027211	  0.068027	  0.224490	  0.680272	
  0.265306	  0.006803	  0.000000	  0.727891	
  0.054422	  0.000000	  0.040816	  0.904762	
  0.034014	  0.102041	  0.074830	  0.789116	
  0.353741	  0.190476	  0.156463	  0.299320	
  0.068027	  0.251701	  0.000000	  0.680272	
  0.115646	  0.108844	  0.605442	  0.170068	
  0.000000	  0.891156	  0.000000	  0.108844	
  0.000000	  0.142857	  0.102041	  0.755102	
  0.108844	  0.074830	  0.748299	  0.068027	

URL http://www.collectf.org/EXPREG_00000840

MOTIF EXPREG_00000850 CRP_E.coli

letter-probability matrix: alength= 4 w= 22 nsites= 62 E= 0
  0.274194	  0.112903	  0.225806	  0.387097	
  0.306452	  0.112903	  0.096774	  0.483871	
  0.258065	  0.306452	  0.161290	  0.274194	
  0.064516	  0.080645	  0.096774	  0.758065	
  0.000000	  0.000000	  0.903226	  0.096774	
  0.000000	  0.064516	  0.000000	  0.935484	
  0.193548	  0.000000	  0.677419	  0.129032	
  0.887097	  0.064516	  0.000000	  0.048387	
  0.048387	  0.258065	  0.225806	  0.467742	
  0.258065	  0.274194	  0.241935	  0.225806	
  0.096774	  0.322581	  0.532258	  0.048387	
  0.709677	  0.064516	  0.193548	  0.032258	
  0.193548	  0.032258	  0.258065	  0.516129	
  0.419355	  0.000000	  0.161290	  0.419355	
  0.000000	  0.016129	  0.000000	  0.983871	
  0.000000	  0.967742	  0.000000	  0.032258	
  0.967742	  0.000000	  0.000000	  0.032258	
  0.080645	  0.903226	  0.000000	  0.016129	
  0.612903	  0.000000	  0.322581	  0.064516	
  0.225806	  0.258065	  0.193548	  0.322581	
  0.209677	  0.080645	  0.048387	  0.661290	
  0.387097	  0.129032	  0.080645	  0.403226	

URL http://www.collectf.org/EXPREG_00000850

MOTIF EXPREG_00000870 RutR_E.coli

letter-probability matrix: alength= 4 w= 16 nsites= 19 E= 0
  0.263158	  0.157895	  0.000000	  0.578947	
  0.157895	  0.000000	  0.000000	  0.842105	
  0.052632	  0.105263	  0.789474	  0.052632	
  0.947368	  0.000000	  0.052632	  0.000000	
  0.000000	  1.000000	  0.000000	  0.000000	
  0.052632	  0.736842	  0.000000	  0.210526	
  0.736842	  0.000000	  0.263158	  0.000000	
  0.157895	  0.157895	  0.263158	  0.421053	
  0.210526	  0.315789	  0.052632	  0.421053	
  0.105263	  0.263158	  0.052632	  0.578947	
  0.105263	  0.105263	  0.736842	  0.052632	
  0.000000	  0.000000	  0.894737	  0.105263	
  0.052632	  0.052632	  0.000000	  0.894737	
  0.105263	  0.789474	  0.000000	  0.105263	
  0.421053	  0.315789	  0.210526	  0.052632	
  0.578947	  0.052632	  0.315789	  0.052632	

URL http://www.collectf.org/EXPREG_00000870

MOTIF EXPREG_000008b0 Fur_V.cholerae

letter-probability matrix: alength= 4 w= 23 nsites= 106 E= 0
  0.641509	  0.084906	  0.141509	  0.132075	
  0.509434	  0.009434	  0.084906	  0.396226	
  0.075472	  0.037736	  0.028302	  0.858491	
  0.113208	  0.028302	  0.811321	  0.047170	
  0.811321	  0.056604	  0.084906	  0.047170	
  0.150943	  0.028302	  0.424528	  0.396226	
  0.971698	  0.009434	  0.000000	  0.018868	
  0.773585	  0.009434	  0.018868	  0.198113	
  0.113208	  0.066038	  0.018868	  0.801887	
  0.292453	  0.235849	  0.169811	  0.301887	
  0.500000	  0.056604	  0.339623	  0.103774	
  0.122642	  0.198113	  0.066038	  0.613208	
  0.056604	  0.066038	  0.066038	  0.811321	
  0.518868	  0.264151	  0.028302	  0.188679	
  0.094340	  0.028302	  0.066038	  0.811321	
  0.047170	  0.650943	  0.037736	  0.264151	
  0.877358	  0.018868	  0.084906	  0.018868	
  0.292453	  0.037736	  0.084906	  0.584906	
  0.103774	  0.084906	  0.075472	  0.735849	
  0.245283	  0.113208	  0.103774	  0.537736	
  0.396226	  0.122642	  0.301887	  0.179245	
  0.264151	  0.264151	  0.198113	  0.273585	
  0.452830	  0.094340	  0.216981	  0.235849	

URL http://www.collectf.org/EXPREG_000008b0

MOTIF EXPREG_000008c0 CtrA_C.crescentus

letter-probability matrix: alength= 4 w= 22 nsites= 13 E= 0
  0.000000	  0.538462	  0.384615	  0.076923	
  0.000000	  0.076923	  0.153846	  0.769231	
  0.000000	  0.000000	  0.000000	  1.000000	
  0.846154	  0.000000	  0.076923	  0.076923	
  0.923077	  0.000000	  0.076923	  0.000000	
  0.153846	  0.384615	  0.076923	  0.384615	
  0.076923	  0.153846	  0.538462	  0.230769	
  0.076923	  0.307692	  0.230769	  0.384615	
  0.076923	  0.538462	  0.076923	  0.307692	
  0.076923	  0.384615	  0.076923	  0.461538	
  0.153846	  0.000000	  0.307692	  0.538462	
  0.307692	  0.153846	  0.461538	  0.076923	
  0.000000	  0.076923	  0.000000	  0.923077	
  0.153846	  0.000000	  0.000000	  0.846154	
  0.923077	  0.000000	  0.076923	  0.000000	
  1.000000	  0.000000	  0.000000	  0.000000	
  0.000000	  0.692308	  0.000000	  0.307692	
  0.230769	  0.615385	  0.153846	  0.000000	
  0.615385	  0.153846	  0.076923	  0.153846	
  0.307692	  0.230769	  0.000000	  0.461538	
  0.230769	  0.000000	  0.538462	  0.230769	
  0.230769	  0.076923	  0.461538	  0.230769	

URL http://www.collectf.org/EXPREG_000008c0

MOTIF EXPREG_000008d0 MogR_L.monocytogenes

letter-probability matrix: alength= 4 w= 15 nsites= 21 E= 0
  0.238095	  0.095238	  0.047619	  0.619048	
  0.380952	  0.000000	  0.047619	  0.571429	
  0.047619	  0.000000	  0.000000	  0.952381	
  0.095238	  0.000000	  0.000000	  0.904762	
