MEME version 4

ALPHABET= ACGT

strands: + -

Background letter frequencies (from uniform background):
A 0.25000 C 0.25000 G 0.25000 T 0.25000 

MOTIF M0121_1.02 (AAEL801207)_(Brachypodium_distachyon)_(DBD_0.62)

letter-probability matrix: alength= 4 w= 9 nsites= 1 E= 0
  0.374501	  0.137771	  0.378264	  0.109464	
  0.226206	  0.276289	  0.249996	  0.247509	
  0.606765	  0.056721	  0.230014	  0.106500	
  0.428552	  0.111098	  0.200420	  0.259930	
  0.475920	  0.046770	  0.205460	  0.271850	
  0.400042	  0.099641	  0.159424	  0.340893	
  0.337415	  0.202616	  0.115736	  0.344232	
  0.546503	  0.072497	  0.224425	  0.156576	
  0.462607	  0.040726	  0.319538	  0.177129	

URL http://cisbp.ccbr.utoronto.ca/TFreport.php?searchTF=T008601_1.02

MOTIF M0122_1.02 (AAEL016982)_(Aspergillus_nidulans)_(DBD_0.54)

letter-probability matrix: alength= 4 w= 9 nsites= 1 E= 0
  0.245292	  0.273814	  0.242851	  0.238043	
  0.237806	  0.293376	  0.242610	  0.226208	
  0.216345	  0.251357	  0.297935	  0.234364	
  0.258630	  0.241145	  0.263855	  0.236370	
  0.502489	  0.000517	  0.411403	  0.085591	
  0.353817	  0.295533	  0.000353	  0.350297	
  0.360997	  0.114305	  0.184725	  0.339974	
  0.355533	  0.121951	  0.207186	  0.315330	
  0.338774	  0.180428	  0.203432	  0.277365	

URL http://cisbp.ccbr.utoronto.ca/TFreport.php?searchTF=T008602_1.02

MOTIF M0175_1.02 (AAEL006567)_(Mus_musculus)_(DBD_0.74)

letter-probability matrix: alength= 4 w= 9 nsites= 1 E= 0
  0.237177	  0.246857	  0.223365	  0.292601	
  0.263053	  0.221929	  0.327785	  0.187233	
  0.059666	  0.787422	  0.047407	  0.105506	
  0.799512	  0.000774	  0.059383	  0.140331	
  0.018558	  0.805027	  0.000347	  0.176069	
  0.048592	  0.094015	  0.857013	  0.000380	
  0.032567	  0.226622	  0.003298	  0.737513	
  0.075226	  0.001633	  0.788785	  0.134356	
  0.183543	  0.327814	  0.217554	  0.271089	

URL http://cisbp.ccbr.utoronto.ca/TFreport.php?searchTF=T012249_1.02

MOTIF M0187_1.02 (AAEL010555)_(Mus_musculus)_(DBD_0.76)

letter-probability matrix: alength= 4 w= 10 nsites= 1 E= 0
  0.393016	  0.151995	  0.362799	  0.092190	
  0.117172	  0.118350	  0.069661	  0.694816	
  0.128123	  0.479620	  0.327993	  0.064264	
  0.397372	  0.002704	  0.466320	  0.133603	
  0.000288	  0.485023	  0.315512	  0.199177	
  0.212693	  0.139749	  0.578160	  0.069397	
  0.099009	  0.160007	  0.002045	  0.738939	
  0.055450	  0.025674	  0.841747	  0.077129	
  0.578926	  0.073052	  0.141341	  0.206681	
  0.101129	  0.261489	  0.146407	  0.490975	

URL http://cisbp.ccbr.utoronto.ca/TFreport.php?searchTF=T012266_1.02

MOTIF M0194_1.02 (AAEL000341)_(Mus_musculus)_(DBD_0.96)

letter-probability matrix: alength= 4 w= 10 nsites= 1 E= 0
  0.361199	  0.183013	  0.272775	  0.183013	
  0.138914	  0.651658	  0.134874	  0.074555	
  0.000046	  0.999862	  0.000046	  0.000046	
  0.999862	  0.000046	  0.000046	  0.000046	
  0.000046	  0.000046	  0.000046	  0.999862	
  0.999862	  0.000046	  0.000046	  0.000046	
  0.000046	  0.000046	  0.000046	  0.999862	
  0.000046	  0.000046	  0.999862	  0.000046	
  0.067033	  0.298563	  0.220536	  0.413869	
  0.175491	  0.236272	  0.175491	  0.412746	

URL http://cisbp.ccbr.utoronto.ca/TFreport.php?searchTF=T012226_1.02

MOTIF M0214_1.02 (AAEL010031)_(Mus_musculus)_(DBD_0.79)

letter-probability matrix: alength= 4 w= 9 nsites= 1 E= 0
  0.745050	  0.002475	  0.250000	  0.002475	
  0.747512	  0.250000	  0.001244	  0.001244	
  0.001244	  0.996269	  0.001244	  0.001244	
  0.996269	  0.001244	  0.001244	  0.001244	
  0.001244	  0.001244	  0.374378	  0.623134	
  0.623134	  0.374378	  0.001244	  0.001244	
  0.001244	  0.001244	  0.001244	  0.996269	
  0.001244	  0.001244	  0.996269	  0.001244	
  0.002475	  0.002475	  0.497525	  0.497525	

URL http://cisbp.ccbr.utoronto.ca/TFreport.php?searchTF=T012262_1.02

MOTIF M0217_1.02 (AAEL009609)_(Mus_musculus)_(DBD_0.77)

letter-probability matrix: alength= 4 w= 10 nsites= 1 E= 0
  0.424799	  0.113479	  0.235478	  0.226244	
  0.169637	  0.592091	  0.171342	  0.066931	
  0.271365	  0.687777	  0.026936	  0.013922	
  0.665113	  0.034812	  0.186785	  0.113291	
  0.001368	  0.064301	  0.143105	  0.791225	
  0.793894	  0.140745	  0.056090	  0.009272	
  0.075714	  0.150952	  0.010559	  0.762775	
  0.011683	  0.000903	  0.869711	  0.117703	
  0.038634	  0.150525	  0.421629	  0.389213	
  0.091763	  0.270213	  0.234912	  0.403111	

URL http://cisbp.ccbr.utoronto.ca/TFreport.php?searchTF=T012261_1.02

MOTIF M0221_1.02 (AAEL012237)_(Mus_musculus)_(DBD_0.92)

letter-probability matrix: alength= 4 w= 9 nsites= 1 E= 0
  0.188660	  0.365019	  0.265058	  0.181263	
  0.161107	  0.707733	  0.075344	  0.055816	
  0.553702	  0.064497	  0.272224	  0.109577	
  0.016383	  0.817513	  0.076422	  0.089682	
  0.280383	  0.069142	  0.649469	  0.001006	
  0.058979	  0.006216	  0.030483	  0.904321	
  0.000165	  0.000010	  0.999805	  0.000020	
  0.194467	  0.254745	  0.333707	  0.217080	
  0.178079	  0.273753	  0.233277	  0.314891	

URL http://cisbp.ccbr.utoronto.ca/TFreport.php?searchTF=T012274_1.02

MOTIF M0451_1.02 (AAEL001243)_(Caenorhabditis_elegans)_(DBD_0.74)

letter-probability matrix: alength= 4 w= 10 nsites= 1 E= 0
  0.207715	  0.453123	  0.127251	  0.211911	
  0.291228	  0.294155	  0.161436	  0.253181	
  0.116251	  0.349237	  0.409833	  0.124680	
  0.407697	  0.065400	  0.102568	  0.424335	
  0.019092	  0.030855	  0.924537	  0.025516	
  0.936509	  0.016316	  0.019730	  0.027444	
  0.013438	  0.005197	  0.000868	  0.980498	
  0.063577	  0.005115	  0.004024	  0.927283	
  0.112992	  0.149503	  0.199799	  0.537707	
  0.315187	  0.217711	  0.193092	  0.274010	

URL http://cisbp.ccbr.utoronto.ca/TFreport.php?searchTF=T036208_1.02

MOTIF M0580_1.02 (DAN_AEDAE)_(Bombyx_mori)_(DBD_0.83)

letter-probability matrix: alength= 4 w= 10 nsites= 1 E= 0
  0.234003	  0.269167	  0.213862	  0.282968	
  0.165030	  0.378465	  0.117463	  0.339042	
  0.161689	  0.623702	  0.107305	  0.107305	
  0.189188	  0.117066	  0.634438	  0.059308	
  0.000295	  0.880381	  0.000177	  0.119147	
  0.110357	  0.107095	  0.694866	  0.087682	
  0.291421	  0.222465	  0.300296	  0.185818	
  0.262292	  0.257099	  0.223511	  0.257099	
  0.235549	  0.255168	  0.200722	  0.308561	
  0.248131	  0.238401	  0.222284	  0.291184	

URL http://cisbp.ccbr.utoronto.ca/TFreport.php?searchTF=T070928_1.02

MOTIF M0737_1.02 (AAEL002951)_(Mus_musculus)_(DBD_0.88)

letter-probability matrix: alength= 4 w= 10 nsites= 1 E= 0
  0.329842	  0.082156	  0.060257	  0.527746	
  0.520070	  0.108198	  0.255689	  0.116043	
  0.283345	  0.081996	  0.128595	  0.506065	
  0.209230	  0.033229	  0.701648	  0.055893	
  0.071321	  0.155585	  0.032694	  0.740400	
  0.638753	  0.232646	  0.070072	  0.058529	
  0.729556	  0.133278	  0.066184	  0.070983	
  0.865457	  0.036352	  0.043959	  0.054231	
  0.059316	  0.519509	  0.058726	  0.362449	
  0.777489	  0.053307	  0.067092	  0.102112	

URL http://cisbp.ccbr.utoronto.ca/TFreport.php?searchTF=T080960_1.02

MOTIF M0738_1.02 (AAEL004840)_(Oryzias_latipes)_(DBD_0.62)

letter-probability matrix: alength= 4 w= 8 nsites= 1 E= 0
  0.352700	  0.000587	  0.646127	  0.000587	
  0.000384	  0.000384	  0.000384	  0.998848	
  0.922043	  0.077189	  0.000384	  0.000384	
  0.998848	  0.000384	  0.000384	  0.000384	
  0.998848	  0.000384	  0.000384	  0.000384	
  0.000384	  0.922043	  0.000384	  0.077189	
  0.998848	  0.000384	  0.000384	  0.000384	
  0.499446	  0.222284	  0.055987	  0.222284	

URL http://cisbp.ccbr.utoronto.ca/TFreport.php?searchTF=T080964_1.02

MOTIF M0747_1.02 (AAEL005741)_(Mus_musculus)_(DBD_0.66)

letter-probability matrix: alength= 4 w= 10 nsites= 1 E= 0
  0.366283	  0.166235	  0.164581	  0.302901	
  0.345139	  0.171391	  0.195185	  0.288285	
  0.267836	  0.181340	  0.196443	  0.354381	
  0.346821	  0.108724	  0.419393	  0.125062	
  0.146969	  0.100507	  0.031824	  0.720700	
  0.700016	  0.254959	  0.000720	  0.044305	
  0.906192	  0.053477	  0.000316	  0.040015	
  0.934400	  0.000771	  0.023568	  0.041260	
  0.033048	  0.600627	  0.033381	  0.332944	
  0.853101	  0.047889	  0.045553	  0.053457	

URL http://cisbp.ccbr.utoronto.ca/TFreport.php?searchTF=T080965_1.02

MOTIF M0757_1.02 (AAEL008958)_(Strongylocentrotus_purpuratus)_(DBD_0.82)

letter-probability matrix: alength= 4 w= 10 nsites= 1 E= 0
  0.321884	  0.201178	  0.236085	  0.240854	
  0.216367	  0.234387	  0.239122	  0.310124	
  0.297171	  0.182055	  0.409243	  0.111532	
  0.279854	  0.144643	  0.132194	  0.443309	
  0.472247	  0.313407	  0.069235	  0.145111	
  0.572460	  0.196359	  0.062174	  0.169007	
  0.751021	  0.048981	  0.135834	  0.064163	
  0.037542	  0.655546	  0.026722	  0.280190	
  0.680835	  0.057015	  0.121915	  0.140235	
  0.359328	  0.213628	  0.193298	  0.233746	

URL http://cisbp.ccbr.utoronto.ca/TFreport.php?searchTF=T080968_1.02

MOTIF M0817_1.02 (AAEL000623)_(Drosophila_melanogaster)_(DBD_0.74)

letter-probability matrix: alength= 4 w= 8 nsites= 1 E= 0
  0.729854	  0.111199	  0.158788	  0.000159	
  0.000118	  0.011877	  0.000118	  0.987888	
  0.235301	  0.023636	  0.740945	  0.000118	
  0.047154	  0.799741	  0.141228	  0.011877	
  0.070673	  0.000118	  0.752705	  0.176505	
  0.000118	  0.000118	  0.999647	  0.000118	
  0.000118	  0.000118	  0.999647	  0.000118	
  0.055699	  0.351776	  0.092709	  0.499815	

URL http://cisbp.ccbr.utoronto.ca/TFreport.php?searchTF=T086712_1.02

MOTIF M0837_1.02 AAEL012091

letter-probability matrix: alength= 4 w= 9 nsites= 1 E= 0
  0.235075	  0.254654	  0.307940	  0.202331	
  0.235798	  0.288005	  0.176439	  0.299758	
  0.214662	  0.145338	  0.127621	  0.512379	
  0.500193	  0.106165	  0.137689	  0.255953	
  0.899734	  0.011729	  0.088420	  0.000117	
  0.109083	  0.066162	  0.116992	  0.707763	
  0.205077	  0.647672	  0.071050	  0.076202	
  0.097277	  0.496489	  0.157207	  0.249027	
  0.256554	  0.251474	  0.298073	  0.193899	

URL http://cisbp.ccbr.utoronto.ca/TFreport.php?searchTF=T090072_1.02

MOTIF M0839_1.02 (AAEL010597)_(Anopheles_gambiae)_(DBD_0.93)

letter-probability matrix: alength= 4 w= 10 nsites= 1 E= 0
  0.261771	  0.225308	  0.232170	  0.280751	
  0.223856	  0.240087	  0.181454	  0.354604	
  0.302711	  0.096813	  0.282246	  0.318231	
  0.801923	  0.050755	  0.112958	  0.034364	
  0.000105	  0.981683	  0.000051	  0.018161	
  0.641522	  0.118373	  0.136162	  0.103943	
  0.273446	  0.233015	  0.156195	  0.337344	
  0.179068	  0.227640	  0.436054	  0.157239	
  0.300476	  0.243561	  0.271882	  0.184080	
  0.249336	  0.249336	  0.244399	  0.256929	

URL http://cisbp.ccbr.utoronto.ca/TFreport.php?searchTF=T090068_1.02

MOTIF M0927_1.02 (AAEL011647)_(Mus_musculus)_(DBD_0.93)

letter-probability matrix: alength= 4 w= 8 nsites= 1 E= 0
  0.239075	  0.258987	  0.292007	  0.209931	
  0.193409	  0.338596	  0.209518	  0.258477	
  0.196306	  0.190504	  0.105601	  0.507589	
  0.649964	  0.079592	  0.135222	  0.135222	
  0.927406	  0.055834	  0.000602	  0.016158	
  0.131551	  0.181162	  0.073655	  0.613631	
  0.187274	  0.215416	  0.200852	  0.396458	
  0.315394	  0.201104	  0.274190	  0.209311	

URL http://cisbp.ccbr.utoronto.ca/TFreport.php?searchTF=T090071_1.02

MOTIF M0952_1.02 (AAEL009170)_(Mus_musculus)_(DBD_0.96)

letter-probability matrix: alength= 4 w= 8 nsites= 1 E= 0
  0.177918	  0.245015	  0.196630	  0.380437	
  0.185511	  0.128139	  0.489368	  0.196982	
  0.844182	  0.107594	  0.012408	  0.035815	
  0.079962	  0.206759	  0.066790	  0.646488	
  0.600471	  0.307266	  0.010998	  0.081265	
  0.102580	  0.523557	  0.126551	  0.247311	
  0.201123	  0.352101	  0.245653	  0.201123	
  0.225861	  0.295869	  0.223613	  0.254657	

URL http://cisbp.ccbr.utoronto.ca/TFreport.php?searchTF=T090058_1.02

MOTIF M1001_1.02 (AAEL014550)_(Mus_musculus)_(DBD_0.85)

letter-probability matrix: alength= 4 w= 10 nsites= 1 E= 0
  0.322331	  0.197469	  0.274673	  0.205527	
  0.194389	  0.314147	  0.287109	  0.204355	
  0.241423	  0.414283	  0.182463	  0.161831	
  0.070501	  0.283051	  0.022774	  0.623674	
  0.068469	  0.000243	  0.876887	  0.054401	
  0.095932	  0.187473	  0.000627	  0.715968	
  0.063044	  0.815526	  0.046704	  0.074726	
  0.494531	  0.137498	  0.193177	  0.174794	
  0.280233	  0.246071	  0.222654	  0.251042	
  0.271003	  0.235599	  0.219671	  0.273727	

URL http://cisbp.ccbr.utoronto.ca/TFreport.php?searchTF=T090089_1.02

MOTIF M1002_1.02 (AAEL004130)_(Mus_musculus)_(DBD_0.91)

letter-probability matrix: alength= 4 w= 9 nsites= 1 E= 0
  0.180487	  0.322358	  0.168285	  0.328870	
  0.103026	  0.115005	  0.065038	  0.716930	
  0.775551	  0.063661	  0.107080	  0.053709	
  0.897628	  0.006358	  0.000454	  0.095560	
  0.077016	  0.098890	  0.055925	  0.768169	
  0.180572	  0.058917	  0.288913	  0.471598	
  0.490098	  0.081013	  0.288474	  0.140415	
  0.197887	  0.298180	  0.280815	  0.223117	
  0.176121	  0.347641	  0.210855	  0.265382	

URL http://cisbp.ccbr.utoronto.ca/TFreport.php?searchTF=T090031_1.02

MOTIF M1016_1.02 (AAEL000414)_(Mus_musculus)_(DBD_0.98)

letter-probability matrix: alength= 4 w= 7 nsites= 1 E= 0
  0.247356	  0.242458	  0.265291	  0.244895	
  0.187686	  0.245862	  0.203318	  0.363134	
  0.206531	  0.145540	  0.437226	  0.210703	
  0.818609	  0.111900	  0.033704	  0.035788	
  0.126658	  0.170970	  0.099632	  0.602740	
  0.539508	  0.337193	  0.043409	  0.079890	
  0.146793	  0.419484	  0.179294	  0.254430	

URL http://cisbp.ccbr.utoronto.ca/TFreport.php?searchTF=T090012_1.02

MOTIF M1017_1.02 (AAEL014635)_(Mus_musculus)_(DBD_0.82)

letter-probability matrix: alength= 4 w= 8 nsites= 1 E= 0
  0.260569	  0.255410	  0.285108	  0.198913	
  0.177845	  0.320830	  0.230652	  0.270673	
  0.114497	  0.403649	  0.048938	  0.432917	
  0.580843	  0.152091	  0.107177	  0.159889	
  0.790662	  0.111371	  0.053137	  0.044830	
  0.121087	  0.104221	  0.012262	  0.762430	
  0.136206	  0.248183	  0.120804	  0.494807	
  0.509367	  0.130735	  0.162905	  0.196993	

URL http://cisbp.ccbr.utoronto.ca/TFreport.php?searchTF=T090091_1.02

MOTIF M1018_1.02 (AAEL012150)_(Mus_musculus)_(DBD_0.79)

letter-probability matrix: alength= 4 w= 7 nsites= 1 E= 0
  0.166165	  0.321495	  0.042224	  0.470117	
  0.399981	  0.230769	  0.126649	  0.242601	
  0.594697	  0.152635	  0.003519	  0.249149	
  0.073485	  0.207904	  0.000173	  0.718437	
  0.290140	  0.244781	  0.169078	  0.296001	
  0.318793	  0.229188	  0.201249	  0.250771	
  0.293737	  0.247815	  0.271153	  0.187295	

URL http://cisbp.ccbr.utoronto.ca/TFreport.php?searchTF=T090073_1.02

MOTIF M1030_1.02 (AAEL006595)_(Mus_musculus)_(DBD_0.84)

letter-probability matrix: alength= 4 w= 9 nsites= 1 E= 0
  0.280170	  0.222604	  0.274622	  0.222604	
  0.240127	  0.324138	  0.305262	  0.130473	
  0.104035	  0.558205	  0.022081	  0.315679	
  0.565289	  0.175447	  0.053375	  0.205889	
  0.192749	  0.728793	  0.007549	  0.070908	
  0.064783	  0.023360	  0.013079	  0.898778	
  0.114462	  0.267800	  0.027667	  0.590071	
  0.375247	  0.182652	  0.286456	  0.155646	
  0.381415	  0.155072	  0.217868	  0.245645	

URL http://cisbp.ccbr.utoronto.ca/TFreport.php?searchTF=T090040_1.02

MOTIF M1072_1.02 (AAEL014277)_(Mus_musculus)_(DBD_0.81)

letter-probability matrix: alength= 4 w= 10 nsites= 1 E= 0
  0.183789	  0.303016	  0.164644	  0.348551	
  0.107098	  0.054258	  0.023191	  0.815454	
  0.868219	  0.022566	  0.074176	  0.035038	
  0.965411	  0.017682	  0.000907	  0.015999	
  0.018285	  0.097133	  0.050708	  0.833874	
  0.113053	  0.096338	  0.418995	  0.371615	
  0.447592	  0.063681	  0.359201	  0.129526	
  0.204977	  0.311967	  0.273937	  0.209118	
  0.227740	  0.286634	  0.210231	  0.275395	
  0.212729	  0.249640	  0.210612	  0.327019	

URL http://cisbp.ccbr.utoronto.ca/TFreport.php?searchTF=T090088_1.02

MOTIF M1088_1.02 (AAEL001780)_(Drosophila_melanogaster)_(DBD_1.00)

letter-probability matrix: alength= 4 w= 10 nsites= 1 E= 0
  0.248652	  0.156039	  0.439269	  0.156039	
  0.235559	  0.409426	  0.243856	  0.111159	
  0.000140	  0.000140	  0.000140	  0.999581	
  0.999581	  0.000140	  0.000140	  0.000140	
  0.999581	  0.000140	  0.000140	  0.000140	
  0.000140	  0.000140	  0.000140	  0.999581	
  0.000140	  0.000140	  0.000140	  0.999581	
  0.999581	  0.000140	  0.000140	  0.000140	
  0.270161	  0.309740	  0.212726	  0.207374	
  0.227694	  0.227694	  0.227694	  0.316917	

URL http://cisbp.ccbr.utoronto.ca/TFreport.php?searchTF=T090020_1.02

MOTIF M1089_1.02 (AAEL007221)_(Drosophila_melanogaster)_(DBD_0.95)

letter-probability matrix: alength= 4 w= 10 nsites= 1 E= 0
  0.209338	  0.253142	  0.321807	  0.215713	
  0.269176	  0.231682	  0.207548	  0.291594	
  0.108996	  0.124128	  0.038142	  0.728735	
  0.818862	  0.018319	  0.138091	  0.024728	
  0.925508	  0.028799	  0.000527	  0.045166	
  0.090056	  0.159244	  0.124019	  0.626680	
  0.097497	  0.244649	  0.314135	  0.343719	
  0.322285	  0.084389	  0.452794	  0.140532	
  0.204560	  0.257459	  0.351027	  0.186954	
  0.179474	  0.298877	  0.181278	  0.340370	

URL http://cisbp.ccbr.utoronto.ca/TFreport.php?searchTF=T090044_1.02

MOTIF M1090_1.02 (AAEL003506)_(Drosophila_melanogaster)_(DBD_0.95)

letter-probability matrix: alength= 4 w= 9 nsites= 1 E= 0
  0.134584	  0.408378	  0.129307	  0.327731	
  0.081007	  0.082644	  0.003760	  0.832588	
  0.917579	  0.035224	  0.037403	  0.009794	
  0.976827	  0.001575	  0.006199	  0.015399	
  0.023296	  0.008071	  0.016916	  0.951717	
  0.078443	  0.045258	  0.284968	  0.591331	
  0.706465	  0.016950	  0.244759	  0.031826	
  0.168184	  0.356045	  0.318957	  0.156814	
  0.118714	  0.360221	  0.248817	  0.272249	

URL http://cisbp.ccbr.utoronto.ca/TFreport.php?searchTF=T090027_1.02

MOTIF M1091_1.02 (AAEL007369)_(Drosophila_melanogaster)_(DBD_0.98)

letter-probability matrix: alength= 4 w= 9 nsites= 1 E= 0
  0.195086	  0.348431	  0.193145	  0.263338	
  0.106150	  0.078638	  0.022985	  0.792228	
  0.745347	  0.066944	  0.120765	  0.066944	
  0.803281	  0.077378	  0.027625	  0.091717	
  0.084325	  0.168120	  0.072579	  0.674976	
  0.130553	  0.189007	  0.314751	  0.365689	
  0.403315	  0.108823	  0.304819	  0.183043	
  0.228660	  0.290684	  0.273756	  0.206900	
  0.186386	  0.283672	  0.249092	  0.280850	

URL http://cisbp.ccbr.utoronto.ca/TFreport.php?searchTF=T090046_1.02

MOTIF M1092_1.02 (AAEL801222)_(Drosophila_melanogaster)_(DBD_0.96)

letter-probability matrix: alength= 4 w= 10 nsites= 1 E= 0
  0.216697	  0.313720	  0.239487	  0.230097	
  0.095574	  0.372375	  0.044252	  0.487798	
  0.513306	  0.185096	  0.192650	  0.108948	
  0.650499	  0.143702	  0.075773	  0.130027	
  0.056092	  0.142164	  0.007822	  0.793922	
  0.205435	  0.280095	  0.158401	  0.356070	
  0.340270	  0.184886	  0.184886	  0.289959	
  0.267116	  0.272512	  0.264458	  0.195915	
  0.194734	  0.260248	  0.302365	  0.242653	
  0.228970	  0.279665	  0.238314	  0.253051	

URL http://cisbp.ccbr.utoronto.ca/TFreport.php?searchTF=T090043_1.02

MOTIF M1095_1.02 (AAEL006597)_(Drosophila_melanogaster)_(DBD_0.96)

letter-probability matrix: alength= 4 w= 11 nsites= 1 E= 0
  0.220082	  0.339754	  0.220082	  0.220082	
  0.121199	  0.210045	  0.121199	  0.547557	
  0.023880	  0.023880	  0.023880	  0.928359	
  0.999808	  0.000064	  0.000064	  0.000064	
  0.999808	  0.000064	  0.000064	  0.000064	
  0.000064	  0.000064	  0.999808	  0.000064	
  0.000064	  0.000064	  0.000064	  0.999808	
  0.271023	  0.000064	  0.728849	  0.000064	
  0.029982	  0.382541	  0.557495	  0.029982	
  0.219228	  0.312556	  0.128865	  0.339351	
  0.226184	  0.226184	  0.226184	  0.321449	

URL http://cisbp.ccbr.utoronto.ca/TFreport.php?searchTF=T090041_1.02

MOTIF M1096_1.02 (AAEL006944)_(Drosophila_melanogaster)_(DBD_0.74)

letter-probability matrix: alength= 4 w= 8 nsites= 1 E= 0
  0.207448	  0.325343	  0.141866	  0.325343	
  0.070500	  0.046787	  0.081909	  0.800803	
  0.823901	  0.041432	  0.064978	  0.069690	
  0.800902	  0.045410	  0.085263	  0.068425	
  0.078337	  0.041722	  0.098595	  0.781347	
  0.084961	  0.693803	  0.089317	  0.131919	
  0.101356	  0.577459	  0.132772	  0.188413	
  0.148880	  0.348326	  0.299807	  0.202987	

URL http://cisbp.ccbr.utoronto.ca/TFreport.php?searchTF=T090042_1.02

MOTIF M1097_1.02 (AAEL013168)_(Drosophila_melanogaster)_(DBD_0.96)

letter-probability matrix: alength= 4 w= 10 nsites= 1 E= 0
  0.292329	  0.229079	  0.288644	  0.189949	
  0.136427	  0.336877	  0.156525	  0.370171	
  0.034513	  0.118059	  0.009674	  0.837754	
  0.801571	  0.072692	  0.093201	  0.032536	
  0.970781	  0.007894	  0.008025	  0.013300	
  0.013300	  0.008025	  0.007894	  0.970781	
  0.032536	  0.093201	  0.072692	  0.801571	
  0.837754	  0.009674	  0.118059	  0.034513	
  0.370171	  0.156525	  0.336877	  0.136427	
  0.189949	  0.288644	  0.229079	  0.292329	

URL http://cisbp.ccbr.utoronto.ca/TFreport.php?searchTF=T090079_1.02

MOTIF M1099_1.02 (AAEL008022)_(Drosophila_melanogaster)_(DBD_0.96)

letter-probability matrix: alength= 4 w= 9 nsites= 1 E= 0
  0.191780	  0.272148	  0.142074	  0.393998	
  0.173245	  0.054856	  0.025912	  0.745987	
  0.740236	  0.048278	  0.096252	  0.115234	
  0.897022	  0.008750	  0.032107	  0.062121	
  0.048310	  0.033704	  0.177262	  0.740724	
  0.140466	  0.702726	  0.053784	  0.103024	
  0.087353	  0.626382	  0.079835	  0.206430	
  0.206494	  0.343873	  0.223692	  0.225941	
  0.208138	  0.289514	  0.204017	  0.298331	

URL http://cisbp.ccbr.utoronto.ca/TFreport.php?searchTF=T090050_1.02

MOTIF M1102_1.02 (AAEL003158)_(Drosophila_melanogaster)_(DBD_0.79)

letter-probability matrix: alength= 4 w= 9 nsites= 1 E= 0
  0.263676	  0.236210	  0.288508	  0.211605	
  0.166180	  0.344836	  0.200953	  0.288031	
  0.099773	  0.489263	  0.095861	  0.315103	
  0.603177	  0.129310	  0.092964	  0.174550	
  0.795539	  0.078966	  0.083015	  0.042479	
  0.075531	  0.099937	  0.055955	  0.768577	
  0.259932	  0.281581	  0.100526	  0.357960	
  0.467314	  0.147969	  0.147969	  0.236749	
  0.319988	  0.210247	  0.244272	  0.225492	

URL http://cisbp.ccbr.utoronto.ca/TFreport.php?searchTF=T090023_1.02

MOTIF M1106_1.02 (AAEL005974)_(Drosophila_melanogaster)_(DBD_0.98)

letter-probability matrix: alength= 4 w= 8 nsites= 1 E= 0
  0.699401	  0.033622	  0.033622	  0.233356	
  0.152259	  0.065378	  0.043658	  0.738705	
  0.053712	  0.018023	  0.000178	  0.928087	
  0.821021	  0.000178	  0.000178	  0.178622	
  0.963776	  0.000178	  0.000178	  0.035867	
  0.071556	  0.000178	  0.000178	  0.928087	
  0.109193	  0.000182	  0.036519	  0.854106	
  0.871811	  0.000213	  0.085247	  0.042730	

URL http://cisbp.ccbr.utoronto.ca/TFreport.php?searchTF=T090038_1.02

MOTIF M1176_1.02 (AAEL014557)_(Artemia_franciscana)_(DBD_0.89)

letter-probability matrix: alength= 4 w= 8 nsites= 1 E= 0
  0.176643	  0.235329	  0.528756	  0.059272	
  0.000525	  0.105567	  0.000525	  0.893382	
  0.998503	  0.000499	  0.000499	  0.000499	
  0.998503	  0.000499	  0.000499	  0.000499	
  0.000499	  0.000499	  0.000499	  0.998503	
  0.000499	  0.000499	  0.000499	  0.998503	
  0.948603	  0.000499	  0.050399	  0.000499	
  0.544384	  0.182065	  0.182065	  0.091486	

URL http://cisbp.ccbr.utoronto.ca/TFreport.php?searchTF=T090090_1.02

MOTIF M1228_1.02 (AAEL801209)_(Nasonia_vitripennis)_(DBD_0.95)

letter-probability matrix: alength= 4 w= 10 nsites= 1 E= 0
  0.232784	  0.232784	  0.217047	  0.317384	
  0.265736	  0.233342	  0.240448	  0.260474	
  0.179342	  0.281264	  0.155912	  0.383482	
  0.218461	  0.109575	  0.346058	  0.325906	
  0.364656	  0.387205	  0.149748	  0.098391	
  0.676773	  0.072772	  0.140799	  0.109655	
  0.037261	  0.094439	  0.041180	  0.827120	
  0.381566	  0.096959	  0.128289	  0.393187	
  0.443618	  0.127099	  0.168168	  0.261116	
  0.230117	  0.225560	  0.251788	  0.292536	

URL http://cisbp.ccbr.utoronto.ca/TFreport.php?searchTF=T104718_1.02

MOTIF M1422_1.02 HR3

letter-probability matrix: alength= 4 w= 7 nsites= 1 E= 0
  0.000020	  0.276793	  0.000287	  0.722899	
  0.071188	  0.042748	  0.884772	  0.001291	
  0.989748	  0.010252	  0.000000	  0.000001	
  0.040699	  0.959301	  0.000000	  0.000000	
  0.117119	  0.882881	  0.000000	  0.000000	
  0.022816	  0.427298	  0.091605	  0.458281	
  0.189875	  0.332409	  0.261482	  0.216235	

URL http://cisbp.ccbr.utoronto.ca/TFreport.php?searchTF=T131204_1.02

MOTIF M1423_1.02 (AAEL011231)_(Anopheles_gambiae)_(DBD_1.00)

letter-probability matrix: alength= 4 w= 9 nsites= 1 E= 0
  0.268421	  0.231032	  0.250274	  0.250274	
  0.233375	  0.233375	  0.287910	  0.245340	
  0.057487	  0.255077	  0.000962	  0.686473	
  0.168946	  0.001803	  0.803982	  0.025269	
  0.514234	  0.273877	  0.124298	  0.087591	
  0.210810	  0.441844	  0.029694	  0.317652	
  0.194071	  0.726489	  0.000537	  0.078903	
  0.087004	  0.294700	  0.132417	  0.485878	
  0.237598	  0.270584	  0.287316	  0.204503	

URL http://cisbp.ccbr.utoronto.ca/TFreport.php?searchTF=T131206_1.02

MOTIF M1470_1.02 (BETAFTZF1)_(Drosophila_melanogaster)_(DBD_0.99)

letter-probability matrix: alength= 4 w= 8 nsites= 1 E= 0
  0.374896	  0.104288	  0.291632	  0.229184	
  0.000154	  0.138530	  0.000154	  0.861162	
  0.000143	  0.000143	  0.999572	  0.000143	
  0.985294	  0.000143	  0.014420	  0.000143	
  0.000143	  0.999572	  0.000143	  0.000143	
  0.000143	  0.999572	  0.000143	  0.000143	
  0.000154	  0.307657	  0.000154	  0.692036	
  0.000244	  0.317008	  0.000244	  0.682505	

URL http://cisbp.ccbr.utoronto.ca/TFreport.php?searchTF=T131193_1.02

MOTIF M1471_1.02 (AAEL003020)_(Drosophila_melanogaster)_(DBD_0.90)

letter-probability matrix: alength= 4 w= 12 nsites= 1 E= 0
  0.317705	  0.227432	  0.227432	  0.227432	
  0.317705	  0.227432	  0.227432	  0.227432	
  0.402784	  0.230661	  0.140388	  0.226166	
  0.049370	  0.144869	  0.049370	  0.756390	
  0.000202	  0.000202	  0.000202	  0.999393	
  0.000202	  0.000202	  0.999393	  0.000202	
  0.999393	  0.000202	  0.000202	  0.000202	
  0.000202	  0.999393	  0.000202	  0.000202	
  0.022771	  0.541218	  0.329688	  0.106323	
  0.022771	  0.022771	  0.194141	  0.760318	
  0.109814	  0.581401	  0.109814	  0.198971	
  0.397504	  0.200832	  0.200832	  0.200832	

URL http://cisbp.ccbr.utoronto.ca/TFreport.php?searchTF=T131194_1.02

MOTIF M1472_1.02 (AAEL007190)_(Drosophila_pseudoobscura)_(DBD_0.96)

letter-probability matrix: alength= 4 w= 8 nsites= 1 E= 0
  0.143466	  0.001420	  0.285511	  0.569602	
  0.000906	  0.000906	  0.000906	  0.997283	
  0.000906	  0.091486	  0.906703	  0.000906	
  0.997283	  0.000906	  0.000906	  0.000906	
  0.000906	  0.000906	  0.000906	  0.997283	
  0.000906	  0.906703	  0.091486	  0.000906	
  0.091486	  0.091486	  0.000906	  0.816123	
  0.000996	  0.598606	  0.000996	  0.399402	

URL http://cisbp.ccbr.utoronto.ca/TFreport.php?searchTF=T131199_1.02

MOTIF M1495_1.02 (AAEL006916)_(Bombyx_mori)_(DBD_0.97)

letter-probability matrix: alength= 4 w= 8 nsites= 1 E= 0
  0.263746	  0.207470	  0.282870	  0.245915	
  0.143802	  0.230082	  0.071410	  0.554706	
  0.156463	  0.075401	  0.737172	  0.030964	
  0.813842	  0.092923	  0.083243	  0.009992	
  0.082660	  0.866739	  0.000465	  0.050136	
  0.086651	  0.830385	  0.027713	  0.055251	
  0.051878	  0.571855	  0.068641	  0.307626	
  0.118255	  0.433913	  0.194970	  0.252862	

URL http://cisbp.ccbr.utoronto.ca/TFreport.php?searchTF=T131198_1.02

MOTIF M1519_1.02 (AAEL011359)_(Gallus_gallus)_(DBD_0.60)

letter-probability matrix: alength= 4 w= 10 nsites= 1 E= 0
  0.371475	  0.209508	  0.209508	  0.209508	
  0.176057	  0.087532	  0.087532	  0.648879	
  0.000121	  0.000121	  0.000121	  0.999637	
  0.000121	  0.000121	  0.000121	  0.999637	
  0.088646	  0.083984	  0.000121	  0.827249	
  0.000121	  0.914778	  0.000121	  0.084980	
  0.000121	  0.826253	  0.084980	  0.088646	
  0.830915	  0.083984	  0.000121	  0.084980	
  0.124475	  0.287055	  0.040613	  0.547857	
  0.267517	  0.162589	  0.248110	  0.321785	

URL http://cisbp.ccbr.utoronto.ca/TFreport.php?searchTF=T138036_1.02

MOTIF M1530_1.02 (AAEL013752)_(Mus_musculus)_(DBD_0.52)

letter-probability matrix: alength= 4 w= 10 nsites= 1 E= 0
  0.135068	  0.476170	  0.211828	  0.176934	
  0.279911	  0.277126	  0.176703	  0.266260	
  0.133759	  0.266677	  0.083600	  0.515965	
  0.436252	  0.113094	  0.379259	  0.071394	
  0.214062	  0.060720	  0.656069	  0.069149	
  0.180816	  0.486617	  0.028431	  0.304137	
  0.572267	  0.014008	  0.221319	  0.192406	
  0.827255	  0.059627	  0.070677	  0.042441	
  0.050302	  0.843917	  0.000349	  0.105431	
  0.220508	  0.306719	  0.359938	  0.112836	

URL http://cisbp.ccbr.utoronto.ca/TFreport.php?searchTF=T138654_1.02

MOTIF M1623_1.02 (AAEL000158)_(Nasonia_vitripennis)_(DBD_0.61)

letter-probability matrix: alength= 4 w= 8 nsites= 1 E= 0
  0.040335	  0.080272	  0.000399	  0.878994	
  0.200057	  0.485445	  0.314212	  0.000285	
  0.977131	  0.000222	  0.022425	  0.000222	
  0.000217	  0.999348	  0.000217	  0.000217	
  0.999334	  0.000222	  0.000222	  0.000222	
  0.000222	  0.999334	  0.000222	  0.000222	
  0.000250	  0.924326	  0.000250	  0.075175	
  0.062734	  0.062734	  0.000312	  0.874220	

URL http://cisbp.ccbr.utoronto.ca/TFreport.php?searchTF=T149036_1.02

MOTIF M1628_1.02 (AAEL008818)_(Mus_musculus)_(DBD_0.65)

letter-probability matrix: alength= 4 w= 11 nsites= 1 E= 0
  0.538889	  0.153704	  0.153704	  0.153704	
  0.235964	  0.059136	  0.571481	  0.133420	
  0.019402	  0.019402	  0.941795	  0.019402	
  0.000143	  0.000143	  0.000143	  0.999572	
  0.000143	  0.000143	  0.999572	  0.000143	
  0.000143	  0.000143	  0.000143	  0.999572	
  0.000143	  0.000143	  0.796563	  0.203152	
  0.999572	  0.000143	  0.000143	  0.000143	
  0.710684	  0.096439	  0.096439	  0.096439	
  0.268043	  0.191007	  0.274907	  0.266044	
  0.307777	  0.230741	  0.230741	  0.230741	

URL http://cisbp.ccbr.utoronto.ca/TFreport.php?searchTF=T149043_1.02

MOTIF M1631_1.02 (AAEL008337)_(Mus_musculus)_(DBD_0.69)

letter-probability matrix: alength= 4 w= 10 nsites= 1 E= 0
  0.353916	  0.145338	  0.298586	  0.202160	
  0.672425	  0.040081	  0.179628	  0.107866	
  0.197985	  0.109748	  0.606795	  0.085472	
  0.020276	  0.028773	  0.924656	  0.026296	
  0.003890	  0.062703	  0.000398	  0.933009	
  0.011365	  0.014304	  0.973157	  0.001174	
  0.090981	  0.133040	  0.018005	  0.757974	
  0.038779	  0.216564	  0.449388	  0.295269	
  0.873100	  0.020533	  0.080002	  0.026365	
  0.522605	  0.163829	  0.139606	  0.173960	

URL http://cisbp.ccbr.utoronto.ca/TFreport.php?searchTF=T149041_1.02

MOTIF M1850_1.02 (USP)_(Drosophila_melanogaster)_(DBD_0.93)

letter-probability matrix: alength= 4 w= 10 nsites= 1 E= 0
  0.157895	  0.421053	  0.263158	  0.157895	
  0.078947	  0.578947	  0.210526	  0.131579	
  0.131579	  0.078947	  0.657895	  0.131579	
  0.000000	  0.078947	  0.000000	  0.921053	
  0.026316	  0.026316	  0.947368	  0.000000	
  1.000000	  0.000000	  0.000000	  0.000000	
  0.000000	  1.000000	  0.000000	  0.000000	
  0.000000	  1.000000	  0.000000	  0.000000	
  0.026316	  0.947368	  0.000000	  0.026316	
  0.000000	  0.973684	  0.026316	  0.000000	

URL http://cisbp.ccbr.utoronto.ca/TFreport.php?searchTF=T131190_1.02

MOTIF M1854_1.02 (REL1A)_(Drosophila_melanogaster)_(DBD_0.80)

letter-probability matrix: alength= 4 w= 12 nsites= 1 E= 0
  0.000000	  0.384615	  0.461538	  0.153846	
  0.000000	  0.000000	  0.923077	  0.076923	
  0.000000	  0.076923	  0.846154	  0.076923	
  0.000000	  0.000000	  0.769231	  0.230769	
  0.076923	  0.076923	  0.230769	  0.615385	
  0.076923	  0.000000	  0.153846	  0.769231	
  0.076923	  0.000000	  0.000000	  0.923077	
  0.000000	  0.000000	  0.000000	  1.000000	
  0.000000	  0.230769	  0.000000	  0.769231	
  0.076923	  0.692308	  0.000000	  0.230769	
  0.076923	  0.692308	  0.076923	  0.153846	
  0.230769	  0.384615	  0.384615	  0.000000	

URL http://cisbp.ccbr.utoronto.ca/TFreport.php?searchTF=T138035_1.02

MOTIF M1858_1.02 (AAEL000741)_(Drosophila_melanogaster)_(DBD_0.91)

letter-probability matrix: alength= 4 w= 7 nsites= 1 E= 0
  0.117647	  0.705882	  0.117647	  0.058824	
  0.294118	  0.705882	  0.000000	  0.000000	
  0.000000	  0.000000	  1.000000	  0.000000	
  0.000000	  0.000000	  1.000000	  0.000000	
  1.000000	  0.000000	  0.000000	  0.000000	
  1.000000	  0.000000	  0.000000	  0.000000	
  0.294118	  0.058824	  0.588235	  0.058824	

URL http://cisbp.ccbr.utoronto.ca/TFreport.php?searchTF=T077550_1.02

MOTIF M1912_1.02 (AAEL006419)_(Drosophila_melanogaster)_(DBD_0.89)

letter-probability matrix: alength= 4 w= 16 nsites= 1 E= 0
  0.100000	  0.300000	  0.300000	  0.300000	
  0.000000	  0.400000	  0.000000	  0.600000	
  0.000000	  0.000000	  1.000000	  0.000000	
  0.000000	  0.000000	  0.000000	  1.000000	
  0.000000	  0.000000	  1.000000	  0.000000	
  0.300000	  0.000000	  0.700000	  0.000000	
  0.000000	  0.000000	  1.000000	  0.000000	
  1.000000	  0.000000	  0.000000	  0.000000	
  1.000000	  0.000000	  0.000000	  0.000000	
  0.500000	  0.500000	  0.000000	  0.000000	
  0.100000	  0.700000	  0.100000	  0.100000	
  0.100000	  0.200000	  0.400000	  0.300000	
  0.400000	  0.200000	  0.200000	  0.200000	
  0.300000	  0.100000	  0.400000	  0.200000	
  0.400000	  0.300000	  0.200000	  0.100000	
  0.200000	  0.100000	  0.200000	  0.500000	

URL http://cisbp.ccbr.utoronto.ca/TFreport.php?searchTF=T073059_1.02

MOTIF M1946_1.02 (AAEL017521)_(Drosophila_melanogaster)_(DBD_0.93)

letter-probability matrix: alength= 4 w= 9 nsites= 1 E= 0
  0.476190	  0.190476	  0.000000	  0.333333	
  0.047619	  0.190476	  0.666667	  0.095238	
  0.190476	  0.095238	  0.095238	  0.619048	
  0.952381	  0.000000	  0.000000	  0.047619	
  1.000000	  0.000000	  0.000000	  0.000000	
  0.000000	  1.000000	  0.000000	  0.000000	
  0.333333	  0.238095	  0.142857	  0.285714	
  0.000000	  0.000000	  1.000000	  0.000000	
  0.238095	  0.190476	  0.095238	  0.476190	

URL http://cisbp.ccbr.utoronto.ca/TFreport.php?searchTF=T036725_1.02

MOTIF M1970_1.02 (AAEL000254)_(Homo_sapiens)_(DBD_0.72)

letter-probability matrix: alength= 4 w= 6 nsites= 1 E= 0
  0.209346	  0.171586	  0.141927	  0.477141	
  0.023437	  0.023148	  0.776042	  0.177373	
  0.013021	  0.961082	  0.012731	  0.013166	
  0.007378	  0.971209	  0.009693	  0.011719	
  0.935185	  0.043403	  0.009693	  0.011719	
  0.657697	  0.025463	  0.265046	  0.051794	

URL http://cisbp.ccbr.utoronto.ca/TFreport.php?searchTF=T141694_1.02

MOTIF M1978_1.02 (AAEL008466)_(Drosophila_melanogaster)_(DBD_0.96)

letter-probability matrix: alength= 4 w= 7 nsites= 1 E= 0
  0.285714	  0.095238	  0.047619	  0.571429	
  0.000000	  0.000000	  0.000000	  1.000000	
  1.000000	  0.000000	  0.000000	  0.000000	
  1.000000	  0.000000	  0.000000	  0.000000	
  0.238095	  0.000000	  0.000000	  0.761905	
  0.142857	  0.047619	  0.095238	  0.714286	
  0.000000	  0.000000	  1.000000	  0.000000	

URL http://cisbp.ccbr.utoronto.ca/TFreport.php?searchTF=T090053_1.02

MOTIF M1980_1.02 (AAEL012881)_(Drosophila_melanogaster)_(DBD_0.96)

letter-probability matrix: alength= 4 w= 7 nsites= 1 E= 0
  0.000000	  0.230769	  0.000000	  0.769231	
  0.000000	  0.000000	  0.000000	  1.000000	
  1.000000	  0.000000	  0.000000	  0.000000	
  1.000000	  0.000000	  0.000000	  0.000000	
  0.076923	  0.000000	  0.000000	  0.923077	
  0.153846	  0.076923	  0.153846	  0.615385	
  0.076923	  0.000000	  0.923077	  0.000000	

URL http://cisbp.ccbr.utoronto.ca/TFreport.php?searchTF=T090078_1.02

MOTIF M1981_1.02 (AAEL007831)_(Drosophila_melanogaster)_(DBD_0.98)

letter-probability matrix: alength= 4 w= 7 nsites= 1 E= 0
  0.000000	  0.200000	  0.000000	  0.800000	
  0.000000	  0.133333	  0.000000	  0.866667	
  1.000000	  0.000000	  0.000000	  0.000000	
  1.000000	  0.000000	  0.000000	  0.000000	
  0.000000	  0.000000	  0.000000	  1.000000	
  0.000000	  0.000000	  0.000000	  1.000000	
  1.000000	  0.000000	  0.000000	  0.000000	

URL http://cisbp.ccbr.utoronto.ca/TFreport.php?searchTF=T090049_1.02

MOTIF M1986_1.02 (AAEL003372)_(Drosophila_melanogaster)_(DBD_0.96)

letter-probability matrix: alength= 4 w= 7 nsites= 1 E= 0
  0.160000	  0.400000	  0.040000	  0.400000	
  0.000000	  0.000000	  0.000000	  1.000000	
  1.000000	  0.000000	  0.000000	  0.000000	
  1.000000	  0.000000	  0.000000	  0.000000	
  0.000000	  0.000000	  0.000000	  1.000000	
  0.000000	  0.040000	  0.320000	  0.640000	
  0.920000	  0.000000	  0.080000	  0.000000	

URL http://cisbp.ccbr.utoronto.ca/TFreport.php?searchTF=T090025_1.02

MOTIF M1987_1.02 (AAEL001373)_(Drosophila_melanogaster)_(DBD_0.95)

letter-probability matrix: alength= 4 w= 7 nsites= 1 E= 0
  0.105263	  0.210526	  0.000000	  0.684211	
  0.105263	  0.000000	  0.000000	  0.894737	
  0.894737	  0.000000	  0.000000	  0.105263	
  1.000000	  0.000000	  0.000000	  0.000000	
  0.000000	  0.000000	  0.052632	  0.947368	
  0.000000	  0.000000	  0.052632	  0.947368	
  0.789474	  0.000000	  0.210526	  0.000000	

URL http://cisbp.ccbr.utoronto.ca/TFreport.php?searchTF=T090014_1.02

MOTIF M1988_1.02 (AAEL001148)_(Drosophila_melanogaster)_(DBD_1.00)

letter-probability matrix: alength= 4 w= 7 nsites= 1 E= 0
  0.086957	  0.260870	  0.086957	  0.565217	
  0.000000	  0.000000	  0.000000	  1.000000	
  1.000000	  0.000000	  0.000000	  0.000000	
  1.000000	  0.000000	  0.000000	  0.000000	
  0.000000	  0.000000	  0.000000	  1.000000	
  0.000000	  0.000000	  0.086957	  0.913043	
  0.521739	  0.000000	  0.434783	  0.043478	

URL http://cisbp.ccbr.utoronto.ca/TFreport.php?searchTF=T090013_1.02

MOTIF M1991_1.02 (AAEL001380)_(Drosophila_melanogaster)_(DBD_0.89)

letter-probability matrix: alength= 4 w= 7 nsites= 1 E= 0
  0.000000	  0.500000	  0.000000	  0.500000	
  0.800000	  0.200000	  0.000000	  0.000000	
  1.000000	  0.000000	  0.000000	  0.000000	
  0.000000	  0.000000	  0.000000	  1.000000	
  0.566667	  0.000000	  0.000000	  0.433333	
  0.733333	  0.000000	  0.033333	  0.233333	
  0.433333	  0.100000	  0.066667	  0.400000	

URL http://cisbp.ccbr.utoronto.ca/TFreport.php?searchTF=T090015_1.02

MOTIF M2009_1.02 (AAEL013809)_(Drosophila_melanogaster)_(DBD_0.98)

letter-probability matrix: alength= 4 w= 7 nsites= 1 E= 0
  0.285714	  0.380952	  0.142857	  0.190476	
  0.000000	  0.000000	  0.000000	  1.000000	
  1.000000	  0.000000	  0.000000	  0.000000	
  1.000000	  0.000000	  0.000000	  0.000000	
  0.000000	  0.000000	  0.000000	  1.000000	
  0.000000	  0.047619	  0.000000	  0.952381	
  0.619048	  0.047619	  0.285714	  0.047619	

URL http://cisbp.ccbr.utoronto.ca/TFreport.php?searchTF=T090084_1.02

MOTIF M2013_1.02 (AAEL010327)_(Drosophila_melanogaster)_(DBD_0.96)

letter-probability matrix: alength= 4 w= 6 nsites= 1 E= 0
  0.000000	  0.000000	  0.000000	  1.000000	
  0.000000	  0.000000	  1.000000	  0.000000	
  1.000000	  0.000000	  0.000000	  0.000000	
  0.000000	  0.350000	  0.200000	  0.450000	
  1.000000	  0.000000	  0.000000	  0.000000	
  0.050000	  0.950000	  0.000000	  0.000000	

URL http://cisbp.ccbr.utoronto.ca/TFreport.php?searchTF=T090065_1.02

MOTIF M2015_1.02 (ABDA_AEDAE)_(Drosophila_melanogaster)_(DBD_1.00)

letter-probability matrix: alength= 4 w= 7 nsites= 1 E= 0
  0.055556	  0.166667	  0.000000	  0.777778	
  0.000000	  0.000000	  0.000000	  1.000000	
  0.888889	  0.000000	  0.000000	  0.111111	
  1.000000	  0.000000	  0.000000	  0.000000	
  0.055556	  0.000000	  0.000000	  0.944444	
  0.000000	  0.000000	  0.333333	  0.666667	
  0.833333	  0.055556	  0.111111	  0.000000	

URL http://cisbp.ccbr.utoronto.ca/TFreport.php?searchTF=T090059_1.02

MOTIF M2019_1.02 (AAEL007505)_(Drosophila_melanogaster)_(DBD_1.00)

letter-probability matrix: alength= 4 w= 5 nsites= 1 E= 0
  0.411765	  0.000000	  0.147059	  0.441176	
  0.676471	  0.000000	  0.000000	  0.323529	
  1.000000	  0.000000	  0.000000	  0.000000	
  0.000000	  1.000000	  0.000000	  0.000000	
  1.000000	  0.000000	  0.000000	  0.000000	

URL http://cisbp.ccbr.utoronto.ca/TFreport.php?searchTF=T090048_1.02

MOTIF M2031_1.02 (AAEL012877)_(Drosophila_melanogaster)_(DBD_1.00)

letter-probability matrix: alength= 4 w= 8 nsites= 1 E= 0
  0.000000	  0.352941	  0.000000	  0.647059	
  0.294118	  0.000000	  0.705882	  0.000000	
  0.000000	  0.000000	  0.000000	  1.000000	
  0.000000	  1.000000	  0.000000	  0.000000	
  1.000000	  0.000000	  0.000000	  0.000000	
