MEME version 4

ALPHABET= ACGT

strands: + -

Background letter frequencies (from uniform background):
A 0.25000 C 0.25000 G 0.25000 T 0.25000 

MOTIF M0121_1.02 (AMAG_07805)_(Brachypodium_distachyon)_(DBD_0.69)

letter-probability matrix: alength= 4 w= 9 nsites= 1 E= 0
  0.374501	  0.137771	  0.378264	  0.109464	
  0.226206	  0.276289	  0.249996	  0.247509	
  0.606765	  0.056721	  0.230014	  0.106500	
  0.428552	  0.111098	  0.200420	  0.259930	
  0.475920	  0.046770	  0.205460	  0.271850	
  0.400042	  0.099641	  0.159424	  0.340893	
  0.337415	  0.202616	  0.115736	  0.344232	
  0.546503	  0.072497	  0.224425	  0.156576	
  0.462607	  0.040726	  0.319538	  0.177129	

URL http://cisbp.ccbr.utoronto.ca/TFreport.php?searchTF=T008531_1.02

MOTIF M0341_1.02 (AMAG_08642)_(Schizosaccharomyces_pombe)_(DBD_0.56)

letter-probability matrix: alength= 4 w= 10 nsites= 1 E= 0
  0.570600	  0.126453	  0.170367	  0.132581	
  0.195785	  0.086320	  0.008371	  0.709524	
  0.193607	  0.163160	  0.313589	  0.329644	
  0.494817	  0.042071	  0.276108	  0.187005	
  0.071217	  0.695225	  0.054727	  0.178831	
  0.178831	  0.054727	  0.695225	  0.071217	
  0.187005	  0.276108	  0.042071	  0.494817	
  0.329644	  0.313589	  0.163160	  0.193607	
  0.709524	  0.008371	  0.086320	  0.195785	
  0.132581	  0.170367	  0.126453	  0.570600	

URL http://cisbp.ccbr.utoronto.ca/TFreport.php?searchTF=T022341_1.02

MOTIF M0728_1.02 (AMAG_02299)_(Mus_musculus)_(DBD_0.50)

letter-probability matrix: alength= 4 w= 12 nsites= 1 E= 0
  0.394926	  0.201691	  0.201691	  0.201691	
  0.357836	  0.147163	  0.347838	  0.147163	
  0.159006	  0.172368	  0.068783	  0.599842	
  0.841382	  0.113021	  0.022798	  0.022798	
  0.999531	  0.000156	  0.000156	  0.000156	
  0.999531	  0.000156	  0.000156	  0.000156	
  0.000156	  0.999531	  0.000156	  0.000156	
  0.999531	  0.000156	  0.000156	  0.000156	
  0.854605	  0.048465	  0.048465	  0.048465	
  0.691020	  0.102993	  0.102993	  0.102993	
  0.181373	  0.360053	  0.181373	  0.277201	
  0.317926	  0.227358	  0.227358	  0.227358	

URL http://cisbp.ccbr.utoronto.ca/TFreport.php?searchTF=T080648_1.02

MOTIF M0774_1.02 (AMAG_02657)_(Dictyostelium_discoideum)_(DBD_0.75)

letter-probability matrix: alength= 4 w= 10 nsites= 1 E= 0
  0.180841	  0.286465	  0.234538	  0.298156	
  0.366884	  0.113869	  0.129677	  0.389571	
  0.335406	  0.187793	  0.258616	  0.218185	
  0.102789	  0.348164	  0.211172	  0.337875	
  0.841733	  0.112783	  0.031673	  0.013811	
  0.000000	  0.000053	  0.998602	  0.001345	
  0.984155	  0.012083	  0.002950	  0.000812	
  0.000099	  0.007526	  0.021294	  0.971081	
  0.111980	  0.491921	  0.194089	  0.202010	
  0.154422	  0.247074	  0.264989	  0.333515	

URL http://cisbp.ccbr.utoronto.ca/TFreport.php?searchTF=T083802_1.02

MOTIF M0791_1.02 (AMAG_00740)_(Neurospora_crassa)_(DBD_0.75)

letter-probability matrix: alength= 4 w= 9 nsites= 1 E= 0
  0.238290	  0.282447	  0.248015	  0.231248	
  0.249185	  0.272652	  0.259355	  0.218808	
  0.236587	  0.439798	  0.109543	  0.214073	
  0.059758	  0.068055	  0.757717	  0.114470	
  0.902683	  0.000129	  0.000123	  0.097064	
  0.048477	  0.051992	  0.000705	  0.898826	
  0.141843	  0.359503	  0.271706	  0.226948	
  0.208434	  0.289925	  0.254582	  0.247058	
  0.248381	  0.255945	  0.266390	  0.229284	

URL http://cisbp.ccbr.utoronto.ca/TFreport.php?searchTF=T083795_1.02

MOTIF M0792_1.02 (AMAG_16339)_(Neurospora_crassa)_(DBD_0.77)

letter-probability matrix: alength= 4 w= 8 nsites= 1 E= 0
  0.246114	  0.263959	  0.251086	  0.238840	
  0.289615	  0.264688	  0.175661	  0.270036	
  0.101067	  0.108395	  0.696303	  0.094234	
  0.794489	  0.034733	  0.044598	  0.126179	
  0.025614	  0.062373	  0.046671	  0.865343	
  0.449630	  0.160521	  0.097361	  0.292488	
  0.295846	  0.232721	  0.265029	  0.206405	
  0.224078	  0.276441	  0.282025	  0.217456	

URL http://cisbp.ccbr.utoronto.ca/TFreport.php?searchTF=T083825_1.02

MOTIF M1297_1.02 (AMAG_14518)_(Dictyostelium_discoideum)_(DBD_0.73)

letter-probability matrix: alength= 4 w= 10 nsites= 1 E= 0
  0.233777	  0.598464	  0.083460	  0.084299	
  0.030948	  0.562453	  0.044359	  0.362240	
  0.506429	  0.042836	  0.155615	  0.295120	
  0.524310	  0.062308	  0.043907	  0.369475	
  0.657133	  0.044163	  0.042009	  0.256695	
  0.290800	  0.112464	  0.066862	  0.529873	
  0.281986	  0.340992	  0.131875	  0.245147	
  0.228299	  0.247314	  0.296088	  0.228299	
  0.301159	  0.033037	  0.594451	  0.071353	
  0.207356	  0.056511	  0.520315	  0.215818	

URL http://cisbp.ccbr.utoronto.ca/TFreport.php?searchTF=T110912_1.02

MOTIF M1530_1.02 (AMAG_11601)_(Mus_musculus)_(DBD_0.43)

letter-probability matrix: alength= 4 w= 10 nsites= 1 E= 0
  0.135068	  0.476170	  0.211828	  0.176934	
  0.279911	  0.277126	  0.176703	  0.266260	
  0.133759	  0.266677	  0.083600	  0.515965	
  0.436252	  0.113094	  0.379259	  0.071394	
  0.214062	  0.060720	  0.656069	  0.069149	
  0.180816	  0.486617	  0.028431	  0.304137	
  0.572267	  0.014008	  0.221319	  0.192406	
  0.827255	  0.059627	  0.070677	  0.042441	
  0.050302	  0.843917	  0.000349	  0.105431	
  0.220508	  0.306719	  0.359938	  0.112836	

URL http://cisbp.ccbr.utoronto.ca/TFreport.php?searchTF=T138583_1.02

MOTIF M1710_1.02 (AMAG_10934)_(Puccinia_graminis)_(DBD_0.83)

letter-probability matrix: alength= 4 w= 8 nsites= 1 E= 0
  0.623134	  0.125622	  0.125622	  0.125622	
  0.000906	  0.000906	  0.000906	  0.997283	
  0.000906	  0.634964	  0.000906	  0.363225	
  0.000906	  0.997283	  0.000906	  0.000906	
  0.000906	  0.906703	  0.091486	  0.000906	
  0.000906	  0.000906	  0.997283	  0.000906	
  0.997012	  0.000996	  0.000996	  0.000996	
  0.569602	  0.001420	  0.001420	  0.427557	

URL http://cisbp.ccbr.utoronto.ca/TFreport.php?searchTF=T155819_1.02

MOTIF M1732_1.02 (AMAG_13564)_(Neurospora_crassa)_(DBD_0.77)

letter-probability matrix: alength= 4 w= 9 nsites= 1 E= 0
  0.273340	  0.228313	  0.133049	  0.365299	
  0.083299	  0.384688	  0.093919	  0.438094	
  0.095422	  0.794972	  0.104408	  0.005198	
  0.000113	  0.969885	  0.027036	  0.002966	
  0.027801	  0.000552	  0.967847	  0.003800	
  0.323238	  0.152687	  0.320021	  0.204055	
  0.216273	  0.246297	  0.251273	  0.286157	
  0.229653	  0.283318	  0.264164	  0.222866	
  0.208770	  0.273481	  0.254992	  0.262758	

URL http://cisbp.ccbr.utoronto.ca/TFreport.php?searchTF=T155828_1.02

MOTIF M2118_1.02 (AMAG_13560)_(Saccharomyces_cerevisiae)_(DBD_0.77)

letter-probability matrix: alength= 4 w= 5 nsites= 1 E= 0
  0.000000	  0.000000	  0.000000	  1.000000	
  0.000000	  0.000000	  0.010160	  0.989840	
  0.005578	  0.000000	  0.994422	  0.000000	
  0.000000	  0.000000	  0.998223	  0.001777	
  0.158006	  0.378979	  0.030665	  0.432350	

URL http://cisbp.ccbr.utoronto.ca/TFreport.php?searchTF=T070365_1.02

MOTIF M2372_1.02 (AMAG_11180)_(Arabidopsis_thaliana)_(DBD_0.88)

letter-probability matrix: alength= 4 w= 11 nsites= 1 E= 0
  0.140000	  0.450000	  0.230000	  0.180000	
  0.160000	  0.270000	  0.550000	  0.020000	
  0.000000	  0.919192	  0.040404	  0.040404	
  0.000000	  0.050000	  0.930000	  0.020000	
  0.040404	  0.939394	  0.000000	  0.020202	
  0.040404	  0.020202	  0.020202	  0.919192	
  0.080808	  0.000000	  0.858586	  0.060606	
  0.960000	  0.000000	  0.020000	  0.020000	
  0.040000	  0.040000	  0.920000	  0.000000	
  0.020000	  0.550000	  0.260000	  0.170000	
  0.151515	  0.323232	  0.242424	  0.282828	

URL http://cisbp.ccbr.utoronto.ca/TFreport.php?searchTF=T115464_1.02

MOTIF M4266_1.02 (AMAG_01800)_(Saccharomyces_cerevisiae)_(DBD_0.89)

letter-probability matrix: alength= 4 w= 21 nsites= 1 E= 0
  0.277896	  0.250994	  0.386874	  0.084236	
  0.337701	  0.191203	  0.147499	  0.323596	
  0.253161	  0.345476	  0.088062	  0.313301	
  0.160289	  0.200315	  0.154575	  0.484821	
  0.545495	  0.139664	  0.154641	  0.160199	
  0.115326	  0.098646	  0.701617	  0.084410	
  0.287085	  0.198825	  0.266325	  0.247765	
  0.332186	  0.110816	  0.027332	  0.529666	
  0.907072	  0.007916	  0.025927	  0.059085	
  0.012689	  0.007855	  0.023849	  0.955608	
  0.981186	  0.002417	  0.004390	  0.012006	
  0.038291	  0.001865	  0.005177	  0.954667	
  0.970929	  0.002253	  0.006019	  0.020798	
  0.044741	  0.004462	  0.003313	  0.947483	
  0.883835	  0.010075	  0.024913	  0.081177	
  0.186324	  0.062165	  0.094376	  0.657135	
  0.264806	  0.122748	  0.129197	  0.483248	
  0.137280	  0.380802	  0.369687	  0.112231	
  0.266096	  0.228247	  0.383999	  0.121658	
  0.350006	  0.176397	  0.172576	  0.301021	
  0.248908	  0.193837	  0.270884	  0.286371	

URL http://cisbp.ccbr.utoronto.ca/TFreport.php?searchTF=T150375_1.02

