MEME version 4

ALPHABET= ACGT

strands: + -

Background letter frequencies (from uniform background):
A 0.25000 C 0.25000 G 0.25000 T 0.25000 

MOTIF M1343_1.02 (MYB305)_(Arabidopsis_thaliana)_(DBD_0.95)

letter-probability matrix: alength= 4 w= 9 nsites= 1 E= 0
  0.292775	  0.212599	  0.259668	  0.234958	
  0.369077	  0.157749	  0.242501	  0.230674	
  0.287196	  0.020291	  0.595954	  0.096560	
  0.025074	  0.000455	  0.252607	  0.721864	
  0.050400	  0.060339	  0.000364	  0.888897	
  0.542493	  0.205650	  0.060110	  0.191747	
  0.052935	  0.025766	  0.879241	  0.042058	
  0.050763	  0.005350	  0.860194	  0.083693	
  0.039117	  0.360165	  0.018663	  0.582054	

URL http://cisbp.ccbr.utoronto.ca/TFreport.php?searchTF=T121630_1.02

MOTIF M1909_1.02 squamosa

letter-probability matrix: alength= 4 w= 14 nsites= 1 E= 0
  0.333333	  0.266667	  0.166667	  0.233333	
  0.133333	  0.100000	  0.066667	  0.700000	
  0.000000	  0.000000	  0.166667	  0.833333	
  0.333333	  0.033333	  0.166667	  0.466667	
  0.000000	  0.933333	  0.033333	  0.033333	
  0.000000	  0.500000	  0.033333	  0.466667	
  0.700000	  0.033333	  0.000000	  0.266667	
  0.166667	  0.000000	  0.033333	  0.800000	
  0.433333	  0.000000	  0.000000	  0.566667	
  0.233333	  0.000000	  0.000000	  0.766667	
  0.366667	  0.033333	  0.066667	  0.533333	
  0.066667	  0.133333	  0.000000	  0.800000	
  0.266667	  0.000000	  0.733333	  0.000000	
  0.133333	  0.033333	  0.466667	  0.366667	

URL http://cisbp.ccbr.utoronto.ca/TFreport.php?searchTF=T112014_1.02

MOTIF M1920_1.02 bZIP910

letter-probability matrix: alength= 4 w= 7 nsites= 1 E= 0
  0.428571	  0.428571	  0.142857	  0.000000	
  0.000000	  0.000000	  0.000000	  1.000000	
  0.000000	  0.000000	  1.000000	  0.000000	
  1.000000	  0.000000	  0.000000	  0.000000	
  0.000000	  1.000000	  0.000000	  0.000000	
  0.000000	  0.000000	  1.000000	  0.000000	
  0.000000	  0.000000	  0.000000	  1.000000	

URL http://cisbp.ccbr.utoronto.ca/TFreport.php?searchTF=T028322_1.02

MOTIF M1921_1.02 bZIP911

letter-probability matrix: alength= 4 w= 12 nsites= 1 E= 0
  0.030303	  0.000000	  0.939394	  0.030303	
  0.515152	  0.000000	  0.484848	  0.000000	
  0.000000	  0.000000	  0.000000	  1.000000	
  0.000000	  0.000000	  1.000000	  0.000000	
  1.000000	  0.000000	  0.000000	  0.000000	
  0.000000	  1.000000	  0.000000	  0.000000	
  0.000000	  0.000000	  1.000000	  0.000000	
  0.000000	  0.000000	  0.000000	  1.000000	
  0.000000	  0.030303	  0.969697	  0.000000	
  0.030303	  0.000000	  0.666667	  0.303030	
  0.333333	  0.606061	  0.030303	  0.030303	
  0.030303	  0.969697	  0.000000	  0.000000	

URL http://cisbp.ccbr.utoronto.ca/TFreport.php?searchTF=T028323_1.02

