MEME version 4

ALPHABET= ACGT

strands: + -

Background letter frequencies (from uniform background):
A 0.25000 C 0.25000 G 0.25000 T 0.25000 

MOTIF M0026_1.02 (DREBIII-3)_(Arabidopsis_thaliana)_(DBD_0.92)

letter-probability matrix: alength= 4 w= 10 nsites= 1 E= 0
  0.250205	  0.235634	  0.273767	  0.240394	
  0.165396	  0.241856	  0.120102	  0.472645	
  0.043200	  0.010977	  0.912179	  0.033644	
  0.114623	  0.085768	  0.140001	  0.659609	
  0.003731	  0.989002	  0.002476	  0.004791	
  0.006158	  0.001661	  0.980147	  0.012034	
  0.019148	  0.008434	  0.965086	  0.007332	
  0.020120	  0.416435	  0.039320	  0.524125	
  0.244346	  0.170475	  0.394882	  0.190297	
  0.261387	  0.224978	  0.316082	  0.197552	

URL http://cisbp.ccbr.utoronto.ca/TFreport.php?searchTF=T002171_1.02

MOTIF M0030_1.02 (CBF5)_(Arabidopsis_thaliana)_(DBD_0.88)

letter-probability matrix: alength= 4 w= 8 nsites= 1 E= 0
  0.990132	  0.003289	  0.003289	  0.003289	
  0.003289	  0.003289	  0.003289	  0.990132	
  0.003289	  0.003289	  0.990132	  0.003289	
  0.003289	  0.003289	  0.003289	  0.990132	
  0.003289	  0.990132	  0.003289	  0.003289	
  0.003289	  0.003289	  0.990132	  0.003289	
  0.003289	  0.003289	  0.990132	  0.003289	
  0.004902	  0.495098	  0.004902	  0.495098	

URL http://cisbp.ccbr.utoronto.ca/TFreport.php?searchTF=T002193_1.02

MOTIF M0031_1.02 (DREBI-5)_(Arabidopsis_thaliana)_(DBD_0.90)

letter-probability matrix: alength= 4 w= 10 nsites= 1 E= 0
  0.224885	  0.220841	  0.245693	  0.308582	
  0.511252	  0.138173	  0.167552	  0.183023	
  0.128737	  0.210702	  0.138685	  0.521876	
  0.031903	  0.003021	  0.958031	  0.007044	
  0.027416	  0.011067	  0.002015	  0.959502	
  0.010655	  0.959277	  0.000000	  0.030067	
  0.067918	  0.003708	  0.888378	  0.039997	
  0.090185	  0.000093	  0.893602	  0.016120	
  0.015665	  0.533365	  0.014506	  0.436464	
  0.371160	  0.207897	  0.266626	  0.154317	

URL http://cisbp.ccbr.utoronto.ca/TFreport.php?searchTF=T002160_1.02

