MEME version 4

ALPHABET= ACGT

strands: + -

Background letter frequencies (from uniform background):
A 0.25000 C 0.25000 G 0.25000 T 0.25000 

MOTIF M0178_1.02 (Bm1_42880)_(Mus_musculus)_(DBD_0.67)

letter-probability matrix: alength= 4 w= 10 nsites= 1 E= 0
  0.315548	  0.181281	  0.304970	  0.198202	
  0.342567	  0.215650	  0.329097	  0.112687	
  0.036295	  0.956859	  0.000000	  0.006845	
  0.887444	  0.026036	  0.052040	  0.034479	
  0.022313	  0.233167	  0.582932	  0.161589	
  0.161589	  0.582932	  0.233167	  0.022313	
  0.034479	  0.052040	  0.026036	  0.887444	
  0.006845	  0.000000	  0.956859	  0.036295	
  0.112687	  0.329097	  0.215650	  0.342567	
  0.198202	  0.304970	  0.181281	  0.315548	

URL http://cisbp.ccbr.utoronto.ca/TFreport.php?searchTF=T011390_1.02

MOTIF M0194_1.02 (Bm1_24830)_(Mus_musculus)_(DBD_0.76)

letter-probability matrix: alength= 4 w= 10 nsites= 1 E= 0
  0.361199	  0.183013	  0.272775	  0.183013	
  0.138914	  0.651658	  0.134874	  0.074555	
  0.000046	  0.999862	  0.000046	  0.000046	
  0.999862	  0.000046	  0.000046	  0.000046	
  0.000046	  0.000046	  0.000046	  0.999862	
  0.999862	  0.000046	  0.000046	  0.000046	
  0.000046	  0.000046	  0.000046	  0.999862	
  0.000046	  0.000046	  0.999862	  0.000046	
  0.067033	  0.298563	  0.220536	  0.413869	
  0.175491	  0.236272	  0.175491	  0.412746	

URL http://cisbp.ccbr.utoronto.ca/TFreport.php?searchTF=T011379_1.02

MOTIF M0240_1.02 (Bm1_08785)_(Caenorhabditis_elegans)_(DBD_0.89)

letter-probability matrix: alength= 4 w= 8 nsites= 1 E= 0
  0.000000	  0.000000	  0.000000	  1.000000	
  0.000000	  1.000000	  0.000000	  0.000000	
  1.000000	  0.000000	  0.000000	  0.000000	
  0.000000	  1.000000	  0.000000	  0.000000	
  0.000000	  0.000000	  1.000000	  0.000000	
  0.000000	  0.000000	  0.000000	  1.000000	
  0.000000	  0.000000	  1.000000	  0.000000	
  0.666667	  0.000000	  0.000000	  0.333333	

URL http://cisbp.ccbr.utoronto.ca/TFreport.php?searchTF=T011372_1.02

MOTIF M0275_1.02 (Bm1_47490)_(Caenorhabditis_elegans)_(DBD_0.77)

letter-probability matrix: alength= 4 w= 10 nsites= 1 E= 0
  0.275256	  0.135848	  0.360715	  0.228181	
  0.628116	  0.044667	  0.282551	  0.044667	
  0.000048	  0.000048	  0.000048	  0.999855	
  0.000048	  0.000048	  0.999855	  0.000048	
  0.999855	  0.000048	  0.000048	  0.000048	
  0.000048	  0.999855	  0.000048	  0.000048	
  0.000048	  0.000048	  0.999855	  0.000048	
  0.000048	  0.000048	  0.000048	  0.999855	
  0.204469	  0.362470	  0.318861	  0.114200	
  0.383856	  0.205381	  0.205381	  0.205381	

URL http://cisbp.ccbr.utoronto.ca/TFreport.php?searchTF=T022453_1.02

MOTIF M0323_1.02 (Bm1_52235)_(Caenorhabditis_elegans)_(DBD_0.67)

letter-probability matrix: alength= 4 w= 13 nsites= 1 E= 0
  0.230644	  0.230644	  0.230644	  0.308069	
  0.230644	  0.230644	  0.308069	  0.230644	
  0.195361	  0.042431	  0.042431	  0.719777	
  0.105121	  0.022865	  0.128036	  0.743978	
  0.853680	  0.022865	  0.100590	  0.022865	
  0.000176	  0.673192	  0.000176	  0.326456	
  0.236202	  0.000176	  0.687605	  0.076018	
  0.076018	  0.420964	  0.077601	  0.425417	
  0.790056	  0.095374	  0.019532	  0.095037	
  0.780883	  0.097796	  0.019532	  0.101789	
  0.376765	  0.207745	  0.207745	  0.207745	
  0.227311	  0.227311	  0.227311	  0.318067	
  0.318067	  0.227311	  0.227311	  0.227311	

URL http://cisbp.ccbr.utoronto.ca/TFreport.php?searchTF=T022455_1.02

MOTIF M0346_1.02 (Bm1_39495)_(Caenorhabditis_elegans)_(DBD_0.56)

letter-probability matrix: alength= 4 w= 9 nsites= 1 E= 0
  0.535636	  0.078528	  0.369982	  0.015855	
  0.001169	  0.000261	  0.000246	  0.998325	
  0.054873	  0.137693	  0.716963	  0.090471	
  0.854058	  0.002509	  0.100484	  0.042948	
  0.024415	  0.611073	  0.048677	  0.315834	
  0.195600	  0.103139	  0.611597	  0.089664	
  0.168167	  0.236266	  0.115003	  0.480563	
  0.192128	  0.410824	  0.230019	  0.167028	
  0.491395	  0.118777	  0.190042	  0.199786	

URL http://cisbp.ccbr.utoronto.ca/TFreport.php?searchTF=T022450_1.02

MOTIF M0379_1.02 (Bm1_08925)_(Caenorhabditis_elegans)_(DBD_0.79)

letter-probability matrix: alength= 4 w= 10 nsites= 1 E= 0
  0.247865	  0.181796	  0.279467	  0.290872	
  0.091444	  0.152280	  0.180498	  0.575778	
  0.026116	  0.000305	  0.965392	  0.008187	
  0.985734	  0.001382	  0.002468	  0.010416	
  0.011232	  0.014714	  0.971445	  0.002609	
  0.019671	  0.000076	  0.756818	  0.223435	
  0.231469	  0.134888	  0.255813	  0.377830	
  0.454899	  0.172444	  0.099492	  0.273165	
  0.304260	  0.264511	  0.223158	  0.208071	
  0.353339	  0.190077	  0.246516	  0.210067	

URL http://cisbp.ccbr.utoronto.ca/TFreport.php?searchTF=T032662_1.02

MOTIF M0381_1.02 (Bm1_01475)_(Caenorhabditis_elegans)_(DBD_0.88)

letter-probability matrix: alength= 4 w= 10 nsites= 1 E= 0
  0.369882	  0.162908	  0.240611	  0.226599	
  0.355105	  0.145826	  0.279336	  0.219733	
  0.177090	  0.161848	  0.360199	  0.300863	
  0.112987	  0.051794	  0.669999	  0.165220	
  0.748363	  0.107543	  0.029901	  0.114193	
  0.401422	  0.055424	  0.133622	  0.409532	
  0.301490	  0.262102	  0.326600	  0.109808	
  0.200023	  0.310578	  0.216683	  0.272717	
  0.200302	  0.001310	  0.734966	  0.063423	
  0.118168	  0.503762	  0.053630	  0.324441	

URL http://cisbp.ccbr.utoronto.ca/TFreport.php?searchTF=T032649_1.02

MOTIF M0383_1.02 (Bm1_37190)_(Caenorhabditis_elegans)_(DBD_0.94)

letter-probability matrix: alength= 4 w= 8 nsites= 1 E= 0
  0.083611	  0.665973	  0.083611	  0.166805	
  0.000303	  0.000303	  0.999092	  0.000303	
  0.000303	  0.091102	  0.333232	  0.575363	
  0.030569	  0.000303	  0.968826	  0.000303	
  0.000303	  0.000303	  0.999092	  0.000303	
  0.000303	  0.000303	  0.999092	  0.000303	
  0.066911	  0.566245	  0.233356	  0.133489	
  0.042013	  0.000416	  0.915557	  0.042013	

URL http://cisbp.ccbr.utoronto.ca/TFreport.php?searchTF=T032749_1.02

MOTIF M0384_1.02 (Bm1_34865)_(Caenorhabditis_elegans)_(DBD_0.86)

letter-probability matrix: alength= 4 w= 9 nsites= 1 E= 0
  0.516980	  0.286131	  0.098444	  0.098444	
  0.000071	  0.999788	  0.000071	  0.000071	
  0.495526	  0.000071	  0.504333	  0.000071	
  0.000071	  0.000071	  0.999788	  0.000071	
  0.106383	  0.000071	  0.000071	  0.893475	
  0.999788	  0.000071	  0.000071	  0.000071	
  0.000071	  0.000071	  0.999788	  0.000071	
  0.000071	  0.999788	  0.000071	  0.000071	
  0.322842	  0.227729	  0.223668	  0.225760	

URL http://cisbp.ccbr.utoronto.ca/TFreport.php?searchTF=T032745_1.02

MOTIF M0447_1.02 (Bm1_55130)_(Caenorhabditis_elegans)_(DBD_0.90)

letter-probability matrix: alength= 4 w= 10 nsites= 1 E= 0
  0.391273	  0.146849	  0.267577	  0.194301	
  0.236558	  0.241337	  0.322529	  0.199576	
  0.063325	  0.269963	  0.106515	  0.560196	
  0.004417	  0.002260	  0.968160	  0.025164	
  0.019015	  0.007208	  0.958364	  0.015413	
  0.150280	  0.035251	  0.000029	  0.814440	
  0.000025	  0.973874	  0.003426	  0.022675	
  0.905030	  0.032719	  0.031436	  0.030814	
  0.261983	  0.246726	  0.254240	  0.237052	
  0.139579	  0.281078	  0.155809	  0.423533	

URL http://cisbp.ccbr.utoronto.ca/TFreport.php?searchTF=T032775_1.02

MOTIF M0453_1.02 (Bm1_28285)_(Caenorhabditis_elegans)_(DBD_0.91)

letter-probability matrix: alength= 4 w= 10 nsites= 1 E= 0
  0.336489	  0.163787	  0.316893	  0.182831	
  0.362570	  0.125615	  0.226607	  0.285208	
  0.066300	  0.053742	  0.055935	  0.824022	
  0.931828	  0.010352	  0.006032	  0.051787	
  0.003777	  0.888023	  0.000537	  0.107662	
  0.094084	  0.064340	  0.499789	  0.341787	
  0.067693	  0.000856	  0.929810	  0.001640	
  0.000605	  0.000001	  0.000033	  0.999361	
  0.711394	  0.092502	  0.142199	  0.053905	
  0.249287	  0.184676	  0.371892	  0.194145	

URL http://cisbp.ccbr.utoronto.ca/TFreport.php?searchTF=T032729_1.02

MOTIF M0495_1.02 (Bm1_57290)_(Caenorhabditis_elegans)_(DBD_0.93)

letter-probability matrix: alength= 4 w= 10 nsites= 1 E= 0
  0.422132	  0.109058	  0.359751	  0.109058	
  0.094324	  0.020369	  0.667367	  0.217940	
  0.000225	  0.000225	  0.999324	  0.000225	
  0.000225	  0.000225	  0.999324	  0.000225	
  0.000225	  0.000225	  0.999324	  0.000225	
  0.000225	  0.913738	  0.000225	  0.085811	
  0.000225	  0.000225	  0.999324	  0.000225	
  0.000225	  0.000225	  0.429360	  0.570189	
  0.343604	  0.141167	  0.374062	  0.141167	
  0.229857	  0.229857	  0.229857	  0.310430	

URL http://cisbp.ccbr.utoronto.ca/TFreport.php?searchTF=T032780_1.02

MOTIF M0546_1.02 (Bm1_47510)_(Caenorhabditis_elegans)_(DBD_0.82)

letter-probability matrix: alength= 4 w= 8 nsites= 1 E= 0
  0.062734	  0.468477	  0.187578	  0.281211	
  0.000192	  0.000192	  0.999424	  0.000192	
  0.096272	  0.038624	  0.346080	  0.519024	
  0.019042	  0.000189	  0.980581	  0.000189	
  0.000189	  0.000189	  0.980581	  0.019042	
  0.000189	  0.000189	  0.999434	  0.000189	
  0.204119	  0.428426	  0.122553	  0.244902	
  0.000227	  0.000227	  0.999319	  0.000227	

URL http://cisbp.ccbr.utoronto.ca/TFreport.php?searchTF=T032762_1.02

MOTIF M0547_1.02 (Bm1_57420)_(Caenorhabditis_elegans)_(DBD_0.73)

letter-probability matrix: alength= 4 w= 8 nsites= 1 E= 0
  0.285770	  0.084368	  0.393542	  0.236320	
  0.064855	  0.058683	  0.078426	  0.798036	
  0.993730	  0.000008	  0.005939	  0.000324	
  0.002564	  0.964329	  0.003100	  0.030007	
  0.556545	  0.122946	  0.159453	  0.161055	
  0.077410	  0.001895	  0.915172	  0.005524	
  0.075347	  0.012834	  0.121766	  0.790053	
  0.356653	  0.234338	  0.119913	  0.289097	

URL http://cisbp.ccbr.utoronto.ca/TFreport.php?searchTF=T032782_1.02

MOTIF M0620_1.02 Bm1_12445

letter-probability matrix: alength= 4 w= 10 nsites= 1 E= 0
  0.343826	  0.219233	  0.206466	  0.230474	
  0.425834	  0.159820	  0.187551	  0.226796	
  0.468789	  0.145497	  0.181300	  0.204415	
  0.217236	  0.106803	  0.036270	  0.639691	
  0.040545	  0.006004	  0.918203	  0.035248	
  0.018850	  0.000405	  0.001745	  0.979000	
  0.167120	  0.027350	  0.033741	  0.771789	
  0.050915	  0.017290	  0.323809	  0.607986	
  0.215218	  0.534670	  0.116939	  0.133173	
  0.360732	  0.192123	  0.197974	  0.249170	

URL http://cisbp.ccbr.utoronto.ca/TFreport.php?searchTF=T074968_1.02

MOTIF M0632_1.02 (Bm1_43625)_(Homo_sapiens)_(DBD_0.94)

letter-probability matrix: alength= 4 w= 10 nsites= 1 E= 0
  0.391936	  0.183295	  0.148576	  0.276193	
  0.378242	  0.182278	  0.150737	  0.288742	
  0.278003	  0.143686	  0.091618	  0.486692	
  0.161592	  0.078655	  0.558398	  0.201355	
  0.131885	  0.106904	  0.107979	  0.653232	
  0.417907	  0.098029	  0.168218	  0.315847	
  0.288677	  0.108344	  0.224822	  0.378157	
  0.189159	  0.451505	  0.137357	  0.221980	
  0.330255	  0.192455	  0.235066	  0.242224	
  0.345463	  0.193424	  0.222491	  0.238623	

URL http://cisbp.ccbr.utoronto.ca/TFreport.php?searchTF=T074970_1.02

MOTIF M0701_1.02 (Bm1_40485)_(Mus_musculus)_(DBD_0.60)

letter-probability matrix: alength= 4 w= 10 nsites= 1 E= 0
  0.401213	  0.134894	  0.189519	  0.274374	
  0.288005	  0.299758	  0.235798	  0.176439	
  0.207310	  0.504826	  0.205247	  0.082617	
  0.276376	  0.615087	  0.084925	  0.023612	
  0.001256	  0.018138	  0.980434	  0.000172	
  0.005077	  0.055966	  0.893136	  0.045821	
  0.810468	  0.028435	  0.076525	  0.084573	
  0.293995	  0.181919	  0.067597	  0.456488	
  0.285185	  0.231166	  0.308937	  0.174712	
  0.171414	  0.277017	  0.125723	  0.425847	

URL http://cisbp.ccbr.utoronto.ca/TFreport.php?searchTF=T077498_1.02

MOTIF M0715_1.02 (Bm1_38170)_(Caenorhabditis_briggsae)_(DBD_0.91)

letter-probability matrix: alength= 4 w= 8 nsites= 1 E= 0
  0.416389	  0.000416	  0.541181	  0.042013	
  0.028824	  0.000285	  0.000285	  0.970605	
  0.827911	  0.171518	  0.000285	  0.000285	
  0.942066	  0.000285	  0.000285	  0.057363	
  0.999144	  0.000285	  0.000285	  0.000285	
  0.057363	  0.913527	  0.000285	  0.028824	
  0.999144	  0.000285	  0.000285	  0.000285	
  0.434462	  0.217448	  0.130642	  0.217448	

URL http://cisbp.ccbr.utoronto.ca/TFreport.php?searchTF=T080676_1.02

MOTIF M0736_1.02 (Bm1_05840)_(Mus_musculus)_(DBD_0.54)

letter-probability matrix: alength= 4 w= 8 nsites= 1 E= 0
  0.309467	  0.142959	  0.547336	  0.000238	
  0.295052	  0.000164	  0.000164	  0.704620	
  0.619510	  0.295749	  0.000141	  0.084600	
  0.888534	  0.069545	  0.000139	  0.041782	
  0.999584	  0.000139	  0.000139	  0.000139	
  0.000139	  0.957940	  0.000139	  0.041782	
  0.999572	  0.000143	  0.000143	  0.000143	
  0.660068	  0.132164	  0.056750	  0.151018	

URL http://cisbp.ccbr.utoronto.ca/TFreport.php?searchTF=T080670_1.02

MOTIF M0739_1.02 (Bm1_35800)_(Caenorhabditis_elegans)_(DBD_0.63)

letter-probability matrix: alength= 4 w= 8 nsites= 1 E= 0
  0.597222	  0.001984	  0.398810	  0.001984	
  0.001656	  0.001656	  0.001656	  0.995033	
  0.995033	  0.001656	  0.001656	  0.001656	
  0.995033	  0.001656	  0.001656	  0.001656	
  0.995033	  0.001656	  0.001656	  0.001656	
  0.001656	  0.995033	  0.001656	  0.001656	
  0.995033	  0.001656	  0.001656	  0.001656	
  0.745050	  0.002475	  0.002475	  0.250000	

URL http://cisbp.ccbr.utoronto.ca/TFreport.php?searchTF=T080675_1.02

MOTIF M0741_1.02 (Bm1_04750)_(Caenorhabditis_elegans)_(DBD_0.88)

letter-probability matrix: alength= 4 w= 10 nsites= 1 E= 0
  0.276144	  0.176077	  0.290303	  0.257475	
  0.186748	  0.262372	  0.252084	  0.298796	
  0.373966	  0.282637	  0.291245	  0.052152	
  0.588176	  0.074219	  0.083682	  0.253922	
  0.480999	  0.201515	  0.037184	  0.280302	
  0.750693	  0.088323	  0.038130	  0.122854	
  0.838999	  0.034199	  0.101718	  0.025083	
  0.001060	  0.712202	  0.027340	  0.259398	
  0.848067	  0.033885	  0.053142	  0.064907	
  0.441409	  0.184929	  0.154466	  0.219197	

URL http://cisbp.ccbr.utoronto.ca/TFreport.php?searchTF=T080669_1.02

MOTIF M0748_1.02 (Bm1_50095)_(Caenorhabditis_elegans)_(DBD_0.52)

letter-probability matrix: alength= 4 w= 10 nsites= 1 E= 0
  0.259111	  0.218603	  0.241594	  0.280692	
  0.227954	  0.262210	  0.239641	  0.270195	
  0.343013	  0.106460	  0.496592	  0.053934	
  0.238807	  0.129756	  0.044065	  0.587372	
  0.586793	  0.294321	  0.041045	  0.077841	
  0.799746	  0.117248	  0.029794	  0.053213	
  0.865620	  0.030068	  0.050071	  0.054241	
  0.033723	  0.691019	  0.013305	  0.261953	
  0.852964	  0.038812	  0.039596	  0.068629	
  0.355570	  0.215664	  0.195141	  0.233626	

URL http://cisbp.ccbr.utoronto.ca/TFreport.php?searchTF=T080679_1.02

MOTIF M0786_1.02 (Bm1_39725)_(Caenorhabditis_elegans)_(DBD_0.86)

letter-probability matrix: alength= 4 w= 8 nsites= 1 E= 0
  0.172616	  0.351100	  0.330653	  0.145630	
  0.052556	  0.021799	  0.007940	  0.917705	
  0.004769	  0.000129	  0.994298	  0.000804	
  0.937849	  0.008114	  0.005439	  0.048598	
  0.002817	  0.007969	  0.001385	  0.987830	
  0.774879	  0.051045	  0.009609	  0.164467	
  0.706920	  0.043420	  0.111154	  0.138506	
  0.210338	  0.292573	  0.326593	  0.170496	

URL http://cisbp.ccbr.utoronto.ca/TFreport.php?searchTF=T083857_1.02

MOTIF M0863_1.02 (Bm1_16740)_(Caenorhabditis_elegans)_(DBD_0.77)

letter-probability matrix: alength= 4 w= 8 nsites= 1 E= 0
  0.327533	  0.155238	  0.120779	  0.396451	
  0.012942	  0.000128	  0.000128	  0.986802	
  0.999616	  0.000128	  0.000128	  0.000128	
  0.986802	  0.000128	  0.000128	  0.012942	
  0.000128	  0.012942	  0.025756	  0.961174	
  0.013110	  0.986630	  0.000130	  0.000130	
  0.000149	  0.745973	  0.000149	  0.253729	
  0.155639	  0.311057	  0.244449	  0.288854	

URL http://cisbp.ccbr.utoronto.ca/TFreport.php?searchTF=T089126_1.02

MOTIF M0869_1.02 (Bm1_08675)_(Caenorhabditis_briggsae)_(DBD_0.93)

letter-probability matrix: alength= 4 w= 10 nsites= 1 E= 0
  0.229831	  0.163587	  0.191971	  0.414612	
  0.145017	  0.118730	  0.111816	  0.624437	
  0.595085	  0.033405	  0.112023	  0.259487	
  0.785686	  0.060133	  0.067125	  0.087056	
  0.085373	  0.150962	  0.087098	  0.676567	
  0.132663	  0.069256	  0.418976	  0.379105	
  0.354546	  0.079905	  0.369015	  0.196534	
  0.139295	  0.286173	  0.374876	  0.199656	
  0.245825	  0.277167	  0.205330	  0.271678	
  0.236252	  0.236252	  0.178556	  0.348940	

URL http://cisbp.ccbr.utoronto.ca/TFreport.php?searchTF=T089119_1.02

MOTIF M0916_1.02 (Bm1_41620)_(Mus_musculus)_(DBD_0.88)

letter-probability matrix: alength= 4 w= 8 nsites= 1 E= 0
  0.235698	  0.265748	  0.314993	  0.183561	
  0.194613	  0.361771	  0.230676	  0.212940	
  0.142042	  0.092400	  0.025949	  0.739610	
  0.699379	  0.079059	  0.175949	  0.045613	
  0.870945	  0.043362	  0.006683	  0.079010	
  0.058490	  0.192260	  0.064641	  0.684609	
  0.137513	  0.209290	  0.328232	  0.324966	
  0.380775	  0.133247	  0.314885	  0.171093	

URL http://cisbp.ccbr.utoronto.ca/TFreport.php?searchTF=T089149_1.02

MOTIF M0923_1.02 (Bm1_03290)_(Mus_musculus)_(DBD_0.88)

letter-probability matrix: alength= 4 w= 8 nsites= 1 E= 0
  0.243151	  0.255618	  0.294031	  0.207200	
  0.204295	  0.330156	  0.208422	  0.257126	
  0.207505	  0.171598	  0.110516	  0.510381	
  0.662568	  0.072684	  0.144912	  0.119836	
  0.981458	  0.006747	  0.008577	  0.003219	
  0.124820	  0.161883	  0.088843	  0.624453	
  0.193139	  0.203041	  0.203041	  0.400779	
  0.311134	  0.192525	  0.295960	  0.200382	

URL http://cisbp.ccbr.utoronto.ca/TFreport.php?searchTF=T089113_1.02

MOTIF M0931_1.02 (Bm1_16150)_(Mus_musculus)_(DBD_0.72)

letter-probability matrix: alength= 4 w= 9 nsites= 1 E= 0
  0.166699	  0.079535	  0.057179	  0.696587	
  0.658460	  0.072959	  0.164006	  0.104575	
  0.860814	  0.014554	  0.044163	  0.080469	
  0.057497	  0.058075	  0.037402	  0.847026	
  0.146493	  0.115235	  0.184376	  0.553896	
  0.427710	  0.071410	  0.368133	  0.132747	
  0.333758	  0.210696	  0.276004	  0.179543	
  0.279203	  0.233210	  0.202743	  0.284843	
  0.269584	  0.207863	  0.189973	  0.332580	

URL http://cisbp.ccbr.utoronto.ca/TFreport.php?searchTF=T089125_1.02

MOTIF M0954_1.02 (Bm1_11400)_(Mus_musculus)_(DBD_0.86)

letter-probability matrix: alength= 4 w= 9 nsites= 1 E= 0
  0.269860	  0.244180	  0.310413	  0.175547	
  0.222956	  0.322782	  0.189991	  0.264271	
  0.095770	  0.046616	  0.010402	  0.847212	
  0.799391	  0.056478	  0.097891	  0.046240	
  0.967307	  0.000597	  0.022077	  0.010019	
  0.039713	  0.048993	  0.055795	  0.855498	
  0.112128	  0.104548	  0.131584	  0.651740	
  0.377268	  0.097803	  0.400597	  0.124332	
  0.274391	  0.207380	  0.363054	  0.155175	

URL http://cisbp.ccbr.utoronto.ca/TFreport.php?searchTF=T089122_1.02

MOTIF M0960_1.02 (Bm1_34015)_(Mus_musculus)_(DBD_0.84)

letter-probability matrix: alength= 4 w= 8 nsites= 1 E= 0
  0.179449	  0.275859	  0.239820	  0.304872	
  0.098405	  0.330001	  0.069345	  0.502249	
  0.556556	  0.215243	  0.116952	  0.111249	
  0.735866	  0.107883	  0.030909	  0.125342	
  0.077738	  0.120704	  0.010521	  0.791037	
  0.332583	  0.184360	  0.088845	  0.394212	
  0.425109	  0.147281	  0.128040	  0.299569	
  0.296228	  0.237729	  0.233021	  0.233021	

URL http://cisbp.ccbr.utoronto.ca/TFreport.php?searchTF=T089139_1.02

MOTIF M0975_1.02 (Bm1_28370)_(Mus_musculus)_(DBD_0.96)

letter-probability matrix: alength= 4 w= 9 nsites= 1 E= 0
  0.152081	  0.091324	  0.047201	  0.709395	
  0.690458	  0.086259	  0.135281	  0.088002	
  0.886062	  0.013024	  0.035758	  0.065156	
  0.031077	  0.036836	  0.028403	  0.903684	
  0.110911	  0.101365	  0.155824	  0.631899	
  0.491062	  0.048743	  0.349523	  0.110672	
  0.367221	  0.191706	  0.269337	  0.171737	
  0.287641	  0.235500	  0.183408	  0.293451	
  0.278534	  0.200244	  0.177601	  0.343621	

URL http://cisbp.ccbr.utoronto.ca/TFreport.php?searchTF=T089135_1.02

MOTIF M1000_1.02 (Bm1_34410)_(Mus_musculus)_(DBD_0.82)

letter-probability matrix: alength= 4 w= 8 nsites= 1 E= 0
  0.216987	  0.314139	  0.148389	  0.320485	
  0.078163	  0.026544	  0.007454	  0.887839	
  0.853506	  0.044228	  0.065324	  0.036942	
  0.978482	  0.000211	  0.008551	  0.012756	
  0.002825	  0.026803	  0.027897	  0.942475	
  0.104556	  0.090897	  0.098468	  0.706079	
  0.391058	  0.094524	  0.371986	  0.142431	
  0.297757	  0.193694	  0.374758	  0.133791	

URL http://cisbp.ccbr.utoronto.ca/TFreport.php?searchTF=T089140_1.02

MOTIF M1016_1.02 (Bm1_24635)_(Mus_musculus)_(DBD_0.91)

letter-probability matrix: alength= 4 w= 7 nsites= 1 E= 0
  0.247356	  0.242458	  0.265291	  0.244895	
  0.187686	  0.245862	  0.203318	  0.363134	
  0.206531	  0.145540	  0.437226	  0.210703	
  0.818609	  0.111900	  0.033704	  0.035788	
  0.126658	  0.170970	  0.099632	  0.602740	
  0.539508	  0.337193	  0.043409	  0.079890	
  0.146793	  0.419484	  0.179294	  0.254430	

URL http://cisbp.ccbr.utoronto.ca/TFreport.php?searchTF=T089134_1.02

MOTIF M1017_1.02 (Bm1_45180)_(Mus_musculus)_(DBD_0.71)

letter-probability matrix: alength= 4 w= 8 nsites= 1 E= 0
  0.260569	  0.255410	  0.285108	  0.198913	
  0.177845	  0.320830	  0.230652	  0.270673	
  0.114497	  0.403649	  0.048938	  0.432917	
  0.580843	  0.152091	  0.107177	  0.159889	
  0.790662	  0.111371	  0.053137	  0.044830	
  0.121087	  0.104221	  0.012262	  0.762430	
  0.136206	  0.248183	  0.120804	  0.494807	
  0.509367	  0.130735	  0.162905	  0.196993	

URL http://cisbp.ccbr.utoronto.ca/TFreport.php?searchTF=T089153_1.02

MOTIF M1089_1.02 (Bm1_42785)_(Drosophila_melanogaster)_(DBD_0.89)

letter-probability matrix: alength= 4 w= 10 nsites= 1 E= 0
  0.209338	  0.253142	  0.321807	  0.215713	
  0.269176	  0.231682	  0.207548	  0.291594	
  0.108996	  0.124128	  0.038142	  0.728735	
  0.818862	  0.018319	  0.138091	  0.024728	
  0.925508	  0.028799	  0.000527	  0.045166	
  0.090056	  0.159244	  0.124019	  0.626680	
  0.097497	  0.244649	  0.314135	  0.343719	
  0.322285	  0.084389	  0.452794	  0.140532	
  0.204560	  0.257459	  0.351027	  0.186954	
  0.179474	  0.298877	  0.181278	  0.340370	

URL http://cisbp.ccbr.utoronto.ca/TFreport.php?searchTF=T089150_1.02

MOTIF M1092_1.02 (Bm1_33320)_(Drosophila_melanogaster)_(DBD_0.86)

letter-probability matrix: alength= 4 w= 10 nsites= 1 E= 0
  0.216697	  0.313720	  0.239487	  0.230097	
  0.095574	  0.372375	  0.044252	  0.487798	
  0.513306	  0.185096	  0.192650	  0.108948	
  0.650499	  0.143702	  0.075773	  0.130027	
  0.056092	  0.142164	  0.007822	  0.793922	
  0.205435	  0.280095	  0.158401	  0.356070	
  0.340270	  0.184886	  0.184886	  0.289959	
  0.267116	  0.272512	  0.264458	  0.195915	
  0.194734	  0.260248	  0.302365	  0.242653	
  0.228970	  0.279665	  0.238314	  0.253051	

URL http://cisbp.ccbr.utoronto.ca/TFreport.php?searchTF=T089138_1.02

MOTIF M1099_1.02 (Bm1_39770)_(Drosophila_melanogaster)_(DBD_0.84)

letter-probability matrix: alength= 4 w= 9 nsites= 1 E= 0
  0.191780	  0.272148	  0.142074	  0.393998	
  0.173245	  0.054856	  0.025912	  0.745987	
  0.740236	  0.048278	  0.096252	  0.115234	
  0.897022	  0.008750	  0.032107	  0.062121	
  0.048310	  0.033704	  0.177262	  0.740724	
  0.140466	  0.702726	  0.053784	  0.103024	
  0.087353	  0.626382	  0.079835	  0.206430	
  0.206494	  0.343873	  0.223692	  0.225941	
  0.208138	  0.289514	  0.204017	  0.298331	

URL http://cisbp.ccbr.utoronto.ca/TFreport.php?searchTF=T089146_1.02

MOTIF M1110_1.02 (Bm1_31285)_(Caenorhabditis_elegans)_(DBD_0.89)

letter-probability matrix: alength= 4 w= 10 nsites= 1 E= 0
  0.240816	  0.226792	  0.271519	  0.260873	
  0.280565	  0.227422	  0.286233	  0.205780	
  0.235681	  0.250255	  0.341204	  0.172860	
  0.169104	  0.395643	  0.124029	  0.311224	
  0.427182	  0.203814	  0.190035	  0.178968	
  0.688905	  0.115020	  0.173314	  0.022762	
  0.081639	  0.159542	  0.022028	  0.736792	
  0.316472	  0.253975	  0.165213	  0.264340	
  0.234629	  0.269888	  0.289457	  0.206027	
  0.340075	  0.196206	  0.267513	  0.196206	

URL http://cisbp.ccbr.utoronto.ca/TFreport.php?searchTF=T089136_1.02

MOTIF M1143_1.02 (Bm1_13765)_(Caenorhabditis_elegans)_(DBD_0.88)

letter-probability matrix: alength= 4 w= 9 nsites= 1 E= 0
  0.273806	  0.238035	  0.311818	  0.176341	
  0.111970	  0.402714	  0.304365	  0.180951	
  0.021833	  0.291022	  0.006255	  0.680890	
  0.852480	  0.116530	  0.019651	  0.011338	
  0.979743	  0.006940	  0.011673	  0.001644	
  0.007048	  0.004405	  0.003500	  0.985048	
  0.009798	  0.102734	  0.048528	  0.838941	
  0.938833	  0.010021	  0.013258	  0.037888	
  0.514088	  0.052060	  0.331092	  0.102760	

URL http://cisbp.ccbr.utoronto.ca/TFreport.php?searchTF=T089123_1.02

MOTIF M1223_1.02 (Bm1_37820)_(Mus_musculus)_(DBD_0.95)

letter-probability matrix: alength= 4 w= 8 nsites= 1 E= 0
  0.027268	  0.108261	  0.000270	  0.864201	
  0.022934	  0.022934	  0.000227	  0.953906	
  0.999362	  0.000213	  0.000213	  0.000213	
  0.999376	  0.000208	  0.000208	  0.000208	
  0.000208	  0.000208	  0.000208	  0.999376	
  0.000208	  0.041840	  0.104288	  0.853664	
  0.526025	  0.184280	  0.184280	  0.105415	
  0.148299	  0.037352	  0.740015	  0.074334	

URL http://cisbp.ccbr.utoronto.ca/TFreport.php?searchTF=T089142_1.02

MOTIF M1226_1.02 (Bm1_54440)_(Wuchereria_bancrofti)_(DBD_1.00)

letter-probability matrix: alength= 4 w= 8 nsites= 1 E= 0
  0.167458	  0.368975	  0.167458	  0.296110	
  0.206674	  0.130470	  0.188886	  0.473970	
  0.382364	  0.288985	  0.140664	  0.187987	
  0.850777	  0.022786	  0.061323	  0.065115	
  0.073337	  0.001278	  0.049653	  0.875733	
  0.013710	  0.041188	  0.030819	  0.914283	
  0.801857	  0.016231	  0.059557	  0.122355	
  0.354113	  0.149847	  0.200260	  0.295780	

URL http://cisbp.ccbr.utoronto.ca/TFreport.php?searchTF=T104694_1.02

MOTIF M1229_1.02 (Bm1_30110)_(Caenorhabditis_elegans)_(DBD_0.91)

letter-probability matrix: alength= 4 w= 8 nsites= 1 E= 0
  0.498756	  0.001244	  0.250000	  0.250000	
  0.000996	  0.000996	  0.000996	  0.997012	
  0.997012	  0.000996	  0.000996	  0.000996	
  0.000906	  0.000906	  0.091486	  0.906703	
  0.000906	  0.000906	  0.906703	  0.091486	
  0.091486	  0.906703	  0.000906	  0.000906	
  0.997012	  0.000996	  0.000996	  0.000996	
  0.001420	  0.001420	  0.001420	  0.995739	

URL http://cisbp.ccbr.utoronto.ca/TFreport.php?searchTF=T104692_1.02

MOTIF M1237_1.02 (Bm1_05260)_(Mus_musculus)_(DBD_0.73)

letter-probability matrix: alength= 4 w= 10 nsites= 1 E= 0
  0.155478	  0.152399	  0.186141	  0.505983	
  0.471120	  0.266430	  0.123361	  0.139089	
  0.778125	  0.059554	  0.038741	  0.123580	
  0.004127	  0.003447	  0.002579	  0.989846	
  0.177439	  0.051348	  0.120136	  0.651077	
  0.552328	  0.065637	  0.022740	  0.359294	
  0.347780	  0.133162	  0.337501	  0.181557	
  0.232942	  0.437374	  0.103626	  0.226058	
  0.510506	  0.195469	  0.149217	  0.144807	
  0.152697	  0.196067	  0.128825	  0.522411	

URL http://cisbp.ccbr.utoronto.ca/TFreport.php?searchTF=T137656_1.02

MOTIF M1244_1.02 (Bm1_34080)_(Caenorhabditis_elegans)_(DBD_0.80)

letter-probability matrix: alength= 4 w= 8 nsites= 1 E= 0
  0.031523	  0.031523	  0.031523	  0.905431	
  0.102715	  0.000256	  0.871158	  0.025871	
  0.190533	  0.737631	  0.000238	  0.071598	
  0.910524	  0.044627	  0.000222	  0.044627	
  0.000222	  0.000222	  0.000222	  0.999334	
  0.999334	  0.000222	  0.000222	  0.000222	
  0.552313	  0.026551	  0.026551	  0.394585	
  0.115591	  0.077189	  0.038786	  0.768433	

URL http://cisbp.ccbr.utoronto.ca/TFreport.php?searchTF=T104693_1.02

MOTIF M1469_1.02 (Bm1_49990)_(Drosophila_melanogaster)_(DBD_0.87)

letter-probability matrix: alength= 4 w= 8 nsites= 1 E= 0
  0.221383	  0.221383	  0.290064	  0.267170	
  0.000059	  0.100627	  0.000059	  0.899255	
  0.000054	  0.005429	  0.994464	  0.000054	
  0.994464	  0.000054	  0.005429	  0.000054	
  0.005429	  0.994464	  0.000054	  0.000054	
  0.000054	  0.999839	  0.000054	  0.000054	
  0.000077	  0.407644	  0.000077	  0.592202	
  0.202148	  0.361655	  0.244683	  0.191514	

URL http://cisbp.ccbr.utoronto.ca/TFreport.php?searchTF=T131030_1.02

MOTIF M1471_1.02 (Bm1_39290)_(Drosophila_melanogaster)_(DBD_0.76)

letter-probability matrix: alength= 4 w= 12 nsites= 1 E= 0
  0.317705	  0.227432	  0.227432	  0.227432	
  0.317705	  0.227432	  0.227432	  0.227432	
  0.402784	  0.230661	  0.140388	  0.226166	
  0.049370	  0.144869	  0.049370	  0.756390	
  0.000202	  0.000202	  0.000202	  0.999393	
  0.000202	  0.000202	  0.999393	  0.000202	
  0.999393	  0.000202	  0.000202	  0.000202	
  0.000202	  0.999393	  0.000202	  0.000202	
  0.022771	  0.541218	  0.329688	  0.106323	
  0.022771	  0.022771	  0.194141	  0.760318	
  0.109814	  0.581401	  0.109814	  0.198971	
  0.397504	  0.200832	  0.200832	  0.200832	

URL http://cisbp.ccbr.utoronto.ca/TFreport.php?searchTF=T131025_1.02

MOTIF M1472_1.02 (Bm1_32150)_(Drosophila_pseudoobscura)_(DBD_0.90)

letter-probability matrix: alength= 4 w= 8 nsites= 1 E= 0
  0.143466	  0.001420	  0.285511	  0.569602	
  0.000906	  0.000906	  0.000906	  0.997283	
  0.000906	  0.091486	  0.906703	  0.000906	
  0.997283	  0.000906	  0.000906	  0.000906	
  0.000906	  0.000906	  0.000906	  0.997283	
  0.000906	  0.906703	  0.091486	  0.000906	
  0.091486	  0.091486	  0.000906	  0.816123	
  0.000996	  0.598606	  0.000996	  0.399402	

URL http://cisbp.ccbr.utoronto.ca/TFreport.php?searchTF=T131018_1.02

MOTIF M1473_1.02 (Bm1_39875)_(Caenorhabditis_elegans)_(DBD_0.89)

letter-probability matrix: alength= 4 w= 10 nsites= 1 E= 0
  0.287404	  0.206622	  0.235307	  0.270667	
  0.217614	  0.235738	  0.215448	  0.331200	
  0.030812	  0.190165	  0.000116	  0.778907	
  0.169077	  0.086518	  0.620395	  0.124009	
  0.480182	  0.102942	  0.238451	  0.178424	
  0.247104	  0.247104	  0.032454	  0.473338	
  0.115008	  0.661826	  0.096063	  0.127104	
  0.125570	  0.123084	  0.129394	  0.621952	
  0.237052	  0.230046	  0.138142	  0.394760	
  0.226196	  0.181526	  0.167570	  0.424708	

URL http://cisbp.ccbr.utoronto.ca/TFreport.php?searchTF=T131026_1.02

MOTIF M1474_1.02 (Bm1_20490)_(Caenorhabditis_elegans)_(DBD_0.89)

letter-probability matrix: alength= 4 w= 9 nsites= 1 E= 0
  0.215860	  0.205332	  0.266301	  0.312507	
  0.119743	  0.156859	  0.006205	  0.717194	
  0.206588	  0.087420	  0.555978	  0.150014	
  0.348671	  0.173145	  0.335000	  0.143184	
  0.252826	  0.086721	  0.056980	  0.603473	
  0.186452	  0.431892	  0.206062	  0.175594	
  0.257354	  0.252258	  0.217120	  0.273268	
  0.233948	  0.297407	  0.261151	  0.207494	
  0.260825	  0.209317	  0.274198	  0.255660	

URL http://cisbp.ccbr.utoronto.ca/TFreport.php?searchTF=T131009_1.02

MOTIF M1491_1.02 (Bm1_38515)_(Brugia_pahangi)_(DBD_1.00)

letter-probability matrix: alength= 4 w= 8 nsites= 1 E= 0
  0.246156	  0.138530	  0.276907	  0.338407	
  0.000107	  0.010856	  0.000107	  0.988929	
  0.000107	  0.000107	  0.999678	  0.000107	
  0.999678	  0.000107	  0.000107	  0.000107	
  0.000107	  0.999678	  0.000107	  0.000107	
  0.000107	  0.999678	  0.000107	  0.000107	
  0.000125	  0.412419	  0.000125	  0.587331	
  0.240748	  0.259252	  0.222243	  0.277757	

URL http://cisbp.ccbr.utoronto.ca/TFreport.php?searchTF=T131024_1.02

MOTIF M1574_1.02 (Bm1_00340)_(Caenorhabditis_elegans)_(DBD_0.82)

letter-probability matrix: alength= 4 w= 11 nsites= 1 E= 0
  0.330663	  0.223112	  0.223112	  0.223112	
  0.272757	  0.228295	  0.299748	  0.199199	
  0.033076	  0.033076	  0.033076	  0.900773	
  0.000115	  0.000115	  0.917099	  0.082672	
  0.082672	  0.000115	  0.000115	  0.917099	
  0.000115	  0.999656	  0.000115	  0.000115	
  0.000115	  0.000115	  0.000115	  0.999656	
  0.214516	  0.000115	  0.785254	  0.000115	
  0.027002	  0.027002	  0.836436	  0.109560	
  0.359996	  0.241673	  0.255945	  0.142386	
  0.217039	  0.348883	  0.217039	  0.217039	

URL http://cisbp.ccbr.utoronto.ca/TFreport.php?searchTF=T141643_1.02

MOTIF M1599_1.02 (Bm1_27950)_(Mus_musculus)_(DBD_0.96)

letter-probability matrix: alength= 4 w= 9 nsites= 1 E= 0
  0.610507	  0.080181	  0.080181	  0.229130	
  0.027959	  0.087421	  0.055188	  0.829432	
  0.077434	  0.030859	  0.020893	  0.870814	
  0.237747	  0.206688	  0.478765	  0.076800	
  0.240465	  0.078459	  0.077678	  0.603397	
  0.222149	  0.224382	  0.205070	  0.348399	
  0.230661	  0.273404	  0.181445	  0.314490	
  0.236240	  0.248352	  0.218077	  0.297331	
  0.240132	  0.254981	  0.252444	  0.252444	

URL http://cisbp.ccbr.utoronto.ca/TFreport.php?searchTF=T142563_1.02

MOTIF M1609_1.02 (Bm1_39785)_(Caenorhabditis_elegans)_(DBD_0.96)

letter-probability matrix: alength= 4 w= 10 nsites= 1 E= 0
  0.450923	  0.148771	  0.148771	  0.251536	
  0.298333	  0.204180	  0.289058	  0.208429	
  0.896801	  0.000144	  0.000144	  0.102910	
  0.910076	  0.089635	  0.000144	  0.000144	
  0.089635	  0.807310	  0.000144	  0.102910	
  0.999567	  0.000144	  0.000144	  0.000144	
  0.999567	  0.000144	  0.000144	  0.000144	
  0.000144	  0.000144	  0.000144	  0.999567	
  0.609680	  0.101374	  0.101374	  0.187572	
  0.240264	  0.237286	  0.371677	  0.150773	

URL http://cisbp.ccbr.utoronto.ca/TFreport.php?searchTF=T142568_1.02

MOTIF M1848_1.02 (Bm1_38865)_(Homo_sapiens)_(DBD_0.86)

letter-probability matrix: alength= 4 w= 19 nsites= 1 E= 0
  0.291295	  0.254464	  0.371652	  0.082589	
  0.351562	  0.065848	  0.247768	  0.334821	
  0.343750	  0.033482	  0.609375	  0.013393	
  0.273438	  0.165179	  0.375000	  0.186384	
  0.000000	  0.188616	  0.507812	  0.303571	
  0.043527	  0.821429	  0.000000	  0.135045	
  0.854911	  0.023438	  0.092634	  0.029018	
  0.169643	  0.181920	  0.594866	  0.053571	
  0.010045	  0.600446	  0.039062	  0.350446	
  0.194196	  0.467634	  0.328125	  0.010045	
  0.604911	  0.008929	  0.383929	  0.002232	
  0.599330	  0.018973	  0.206473	  0.175223	
  0.000000	  0.239955	  0.757812	  0.002232	
  0.003348	  0.838170	  0.018973	  0.139509	
  0.353795	  0.018973	  0.602679	  0.024554	
  0.170759	  0.045759	  0.172991	  0.610491	
  0.251116	  0.006696	  0.735491	  0.006696	
  0.655134	  0.036830	  0.247768	  0.060268	
  0.169643	  0.744420	  0.027902	  0.058036	

URL http://cisbp.ccbr.utoronto.ca/TFreport.php?searchTF=T135672_1.02

MOTIF M1850_1.02 (Bm1_31855)_(Drosophila_melanogaster)_(DBD_0.89)

letter-probability matrix: alength= 4 w= 10 nsites= 1 E= 0
  0.157895	  0.421053	  0.263158	  0.157895	
  0.078947	  0.578947	  0.210526	  0.131579	
  0.131579	  0.078947	  0.657895	  0.131579	
  0.000000	  0.078947	  0.000000	  0.921053	
  0.026316	  0.026316	  0.947368	  0.000000	
  1.000000	  0.000000	  0.000000	  0.000000	
  0.000000	  1.000000	  0.000000	  0.000000	
  0.000000	  1.000000	  0.000000	  0.000000	
  0.026316	  0.947368	  0.000000	  0.026316	
  0.000000	  0.973684	  0.026316	  0.000000	

URL http://cisbp.ccbr.utoronto.ca/TFreport.php?searchTF=T131017_1.02

MOTIF M1890_1.02 (Bm1_40785)_(Homo_sapiens)_(DBD_0.84)

letter-probability matrix: alength= 4 w= 18 nsites= 1 E= 0
  0.536953	  0.172787	  0.112112	  0.178148	
  0.135379	  0.112568	  0.522354	  0.229699	
  0.404653	  0.257299	  0.247263	  0.090785	
  0.137203	  0.339074	  0.453695	  0.070027	
  0.208257	  0.267336	  0.035698	  0.488709	
  0.021898	  0.095119	  0.546077	  0.336907	
  0.027030	  0.842153	  0.054859	  0.075958	
  0.001825	  0.113253	  0.027600	  0.857322	
  0.025319	  0.116104	  0.819001	  0.039576	
  0.975707	  0.000228	  0.017108	  0.006957	
  0.000570	  0.005931	  0.000912	  0.992587	
  0.001141	  0.000570	  0.000570	  0.997719	
  0.003307	  0.001141	  0.994526	  0.001026	
  0.001369	  0.007984	  0.990306	  0.000342	
  0.042997	  0.305315	  0.001711	  0.649977	
  0.052464	  0.449703	  0.213618	  0.284215	
  0.175297	  0.476277	  0.253992	  0.094434	
  0.485972	  0.129562	  0.308736	  0.075730	

URL http://cisbp.ccbr.utoronto.ca/TFreport.php?searchTF=T070370_1.02

MOTIF M1960_1.02 (Bm1_12200)_(Mus_musculus)_(DBD_0.93)

letter-probability matrix: alength= 4 w= 8 nsites= 1 E= 0
  0.000000	  1.000000	  0.000000	  0.000000	
  0.000000	  1.000000	  0.000000	  0.000000	
  0.453252	  0.000000	  0.000000	  0.546748	
  0.000000	  0.000000	  0.000000	  1.000000	
  0.000000	  0.000000	  0.000000	  1.000000	
  0.000000	  0.000000	  1.000000	  0.000000	
  0.000000	  0.000000	  0.000000	  1.000000	
  0.000000	  0.283875	  0.201220	  0.514905	

URL http://cisbp.ccbr.utoronto.ca/TFreport.php?searchTF=T142559_1.02

MOTIF M1974_1.02 (Bm1_19850)_(Drosophila_melanogaster)_(DBD_0.84)

letter-probability matrix: alength= 4 w= 7 nsites= 1 E= 0
  0.047619	  0.000000	  0.000000	  0.952381	
  0.000000	  0.000000	  0.000000	  1.000000	
  0.238095	  0.000000	  0.000000	  0.761905	
  1.000000	  0.000000	  0.000000	  0.000000	
  0.000000	  0.142857	  0.000000	  0.857143	
  0.142857	  0.000000	  0.523810	  0.333333	
  0.619048	  0.000000	  0.238095	  0.142857	

URL http://cisbp.ccbr.utoronto.ca/TFreport.php?searchTF=T089130_1.02

MOTIF M2069_1.02 (Bm1_51785)_(Caenorhabditis_elegans)_(DBD_0.91)

letter-probability matrix: alength= 4 w= 11 nsites= 1 E= 0
  0.336735	  0.153061	  0.316327	  0.193878	
  0.081633	  0.724490	  0.193878	  0.000000	
  0.000000	  0.908163	  0.000000	  0.091837	
  0.939394	  0.010101	  0.000000	  0.050505	
  0.010204	  0.989796	  0.000000	  0.000000	
  0.000000	  0.000000	  0.000000	  1.000000	
  0.000000	  0.161616	  0.000000	  0.838384	
  0.071429	  0.275510	  0.642857	  0.010204	
  0.959596	  0.000000	  0.000000	  0.040404	
  0.469388	  0.295918	  0.204082	  0.030612	
  0.520408	  0.204082	  0.153061	  0.122449	

URL http://cisbp.ccbr.utoronto.ca/TFreport.php?searchTF=T089157_1.02

MOTIF M2283_1.02 (Bm1_39570)_(Homo_sapiens)_(DBD_0.74)

letter-probability matrix: alength= 4 w= 15 nsites= 1 E= 0
  0.331190	  0.347267	  0.154341	  0.167203	
  0.421222	  0.183280	  0.176849	  0.218650	
  0.498392	  0.125402	  0.128617	  0.247588	
  0.578778	  0.135048	  0.170418	  0.115756	
  0.443730	  0.019293	  0.282958	  0.254019	
  0.254019	  0.035370	  0.710611	  0.000000	
  0.228296	  0.012862	  0.000000	  0.758842	
  1.000000	  0.000000	  0.000000	  0.000000	
  1.000000	  0.000000	  0.000000	  0.000000	
  1.000000	  0.000000	  0.000000	  0.000000	
  0.051447	  0.893891	  0.032154	  0.022508	
  1.000000	  0.000000	  0.000000	  0.000000	
  0.565916	  0.247588	  0.183280	  0.003215	
  0.781350	  0.057878	  0.073955	  0.086817	
  0.327974	  0.135048	  0.414791	  0.122186	

URL http://cisbp.ccbr.utoronto.ca/TFreport.php?searchTF=T080677_1.02

MOTIF M2308_1.02 (Bm1_23780)_(Mus_musculus)_(DBD_0.82)

letter-probability matrix: alength= 4 w= 14 nsites= 1 E= 0
  0.135641	  0.073433	  0.716558	  0.074369	
  0.027128	  0.103835	  0.176333	  0.692703	
  0.067820	  0.389616	  0.061272	  0.481291	
  0.196913	  0.202526	  0.356408	  0.244153	
  0.017306	  0.817587	  0.044902	  0.120206	
  0.000000	  0.957905	  0.000000	  0.042095	
  0.586529	  0.188026	  0.034144	  0.191300	
  0.064546	  0.053789	  0.044902	  0.836763	
  0.282507	  0.000000	  0.717493	  0.000000	
  0.086997	  0.000000	  0.913003	  0.000000	
  0.134238	  0.799813	  0.005613	  0.060337	
  0.838634	  0.000000	  0.114125	  0.047240	
  0.973807	  0.000000	  0.026193	  0.000000	
  0.000000	  1.000000	  0.000000	  0.000000	

URL http://cisbp.ccbr.utoronto.ca/TFreport.php?searchTF=T138588_1.02

MOTIF M2331_1.02 (Bm1_57210)_(Caenorhabditis_elegans)_(DBD_0.82)

letter-probability matrix: alength= 4 w= 11 nsites= 1 E= 0
  0.566805	  0.000000	  0.433195	  0.000000	
  0.918052	  0.000000	  0.078979	  0.002969	
  0.868765	  0.000000	  0.131235	  0.000000	
  0.954869	  0.000000	  0.045131	  0.000000	
  0.250000	  0.000000	  0.611639	  0.138361	
  0.343527	  0.099466	  0.162708	  0.394299	
  0.000000	  0.000000	  1.000000	  0.000000	
  1.000000	  0.000000	  0.000000	  0.000000	
  0.632126	  0.000000	  0.322447	  0.045428	
  0.914786	  0.000000	  0.075416	  0.009798	
  0.518112	  0.038005	  0.410629	  0.033254	

URL http://cisbp.ccbr.utoronto.ca/TFreport.php?searchTF=T032779_1.02

MOTIF M2335_1.02 (Bm1_13970)_(Caenorhabditis_elegans)_(DBD_0.77)

letter-probability matrix: alength= 4 w= 8 nsites= 1 E= 0
  0.000000	  0.000000	  0.000000	  1.000000	
  0.000000	  0.000000	  1.000000	  0.000000	
  1.000000	  0.000000	  0.000000	  0.000000	
  0.000000	  0.000000	  0.000000	  1.000000	
  1.000000	  0.000000	  0.000000	  0.000000	
  1.000000	  0.000000	  0.000000	  0.000000	
  0.229917	  0.171745	  0.598338	  0.000000	
  0.850416	  0.000000	  0.149584	  0.000000	

URL http://cisbp.ccbr.utoronto.ca/TFreport.php?searchTF=T083852_1.02

