MEME version 4

ALPHABET= ACGT

strands: + -

Background letter frequencies (from uniform background):
A 0.25000 C 0.25000 G 0.25000 T 0.25000 

MOTIF M0114_1.02 cfi-1

letter-probability matrix: alength= 4 w= 8 nsites= 1 E= 0
  0.198827	  0.235670	  0.148775	  0.416728	
  0.162360	  0.175883	  0.159145	  0.502612	
  0.174479	  0.162683	  0.100666	  0.562171	
  0.409838	  0.088745	  0.309749	  0.191668	
  0.912942	  0.000248	  0.035046	  0.051763	
  0.057276	  0.000593	  0.000249	  0.941882	
  0.240120	  0.254968	  0.196593	  0.308320	
  0.268348	  0.215355	  0.271045	  0.245252	

URL http://cisbp.ccbr.utoronto.ca/TFreport.php?searchTF=T007916_1.02

MOTIF M0140_1.02 Y116A8C.22

letter-probability matrix: alength= 4 w= 7 nsites= 1 E= 0
  0.272989	  0.275733	  0.247011	  0.204268	
  0.311542	  0.190859	  0.252531	  0.245068	
  0.409498	  0.106158	  0.183999	  0.300345	
  0.464798	  0.095737	  0.154718	  0.284747	
  0.582238	  0.128622	  0.014110	  0.275030	
  0.576040	  0.000723	  0.229563	  0.193674	
  0.235345	  0.212949	  0.048475	  0.503232	

URL http://cisbp.ccbr.utoronto.ca/TFreport.php?searchTF=T008767_1.02

MOTIF M0141_1.02 hmg-12

letter-probability matrix: alength= 4 w= 12 nsites= 1 E= 0
  0.321078	  0.226307	  0.226307	  0.226307	
  0.226307	  0.226307	  0.226307	  0.321078	
  0.761759	  0.046465	  0.145311	  0.046465	
  0.632674	  0.116336	  0.023174	  0.227815	
  0.669170	  0.000176	  0.000176	  0.330479	
  0.195762	  0.000176	  0.000176	  0.803887	
  0.804397	  0.000176	  0.000176	  0.195252	
  0.517902	  0.000176	  0.000176	  0.481747	
  0.321162	  0.023868	  0.023868	  0.631102	
  0.023868	  0.122715	  0.023868	  0.829549	
  0.295706	  0.203711	  0.296873	  0.203711	
  0.318996	  0.227001	  0.227001	  0.227001	

URL http://cisbp.ccbr.utoronto.ca/TFreport.php?searchTF=T008768_1.02

MOTIF M0148_1.02 bed-3

letter-probability matrix: alength= 4 w= 8 nsites= 1 E= 0
  0.471163	  0.034582	  0.402229	  0.092027	
  0.214888	  0.363599	  0.280981	  0.140532	
  0.000066	  0.006643	  0.000066	  0.993225	
  0.000066	  0.999803	  0.000066	  0.000066	
  0.000066	  0.374967	  0.032952	  0.592015	
  0.000066	  0.973494	  0.026375	  0.000066	
  0.000066	  0.000066	  0.999803	  0.000066	
  0.784847	  0.037463	  0.102859	  0.074832	

URL http://cisbp.ccbr.utoronto.ca/TFreport.php?searchTF=T011238_1.02

MOTIF M0169_1.02 hlh-27

letter-probability matrix: alength= 4 w= 8 nsites= 1 E= 0
  0.136364	  0.136364	  0.727273	  0.000000	
  0.696970	  0.272727	  0.030303	  0.000000	
  0.000000	  1.000000	  0.000000	  0.000000	
  0.975610	  0.000000	  0.024390	  0.000000	
  0.000000	  0.634146	  0.000000	  0.365854	
  0.097561	  0.000000	  0.902439	  0.000000	
  0.000000	  0.894737	  0.000000	  0.105263	
  0.000000	  0.000000	  1.000000	  0.000000	

URL http://cisbp.ccbr.utoronto.ca/TFreport.php?searchTF=T012789_1.02

MOTIF M0170_1.02 hlh-25

letter-probability matrix: alength= 4 w= 8 nsites= 1 E= 0
  0.166667	  0.277778	  0.513889	  0.041667	
  0.637255	  0.215686	  0.088235	  0.058824	
  0.000000	  0.923729	  0.008475	  0.067797	
  0.966102	  0.000000	  0.033898	  0.000000	
  0.000000	  0.694915	  0.000000	  0.305085	
  0.127119	  0.000000	  0.872881	  0.000000	
  0.017857	  0.785714	  0.017857	  0.178571	
  0.043011	  0.032258	  0.913978	  0.010753	

URL http://cisbp.ccbr.utoronto.ca/TFreport.php?searchTF=T012790_1.02

MOTIF M0171_1.02 hlh-26

letter-probability matrix: alength= 4 w= 9 nsites= 1 E= 0
  0.500000	  0.000000	  0.500000	  0.000000	
  1.000000	  0.000000	  0.000000	  0.000000	
  0.000000	  1.000000	  0.000000	  0.000000	
  1.000000	  0.000000	  0.000000	  0.000000	
  0.000000	  1.000000	  0.000000	  0.000000	
  0.000000	  0.000000	  1.000000	  0.000000	
  0.000000	  0.000000	  0.000000	  1.000000	
  0.000000	  0.000000	  1.000000	  0.000000	
  0.000000	  0.500000	  0.000000	  0.500000	

URL http://cisbp.ccbr.utoronto.ca/TFreport.php?searchTF=T012791_1.02

MOTIF M0172_1.02 hlh-12

letter-probability matrix: alength= 4 w= 8 nsites= 1 E= 0
  0.711648	  0.143466	  0.143466	  0.001420	
  0.767638	  0.230828	  0.000767	  0.000767	
  0.000767	  0.997699	  0.000767	  0.000767	
  0.997699	  0.000767	  0.000767	  0.000767	
  0.000767	  0.000767	  0.384202	  0.614264	
  0.230828	  0.767638	  0.000767	  0.000767	
  0.000767	  0.000767	  0.000767	  0.997699	
  0.000767	  0.000767	  0.997699	  0.000767	

URL http://cisbp.ccbr.utoronto.ca/TFreport.php?searchTF=T012794_1.02

MOTIF M0173_1.02 hlh-16

letter-probability matrix: alength= 4 w= 13 nsites= 1 E= 0
  0.206177	  0.206177	  0.299803	  0.287842	
  0.206177	  0.206177	  0.287842	  0.299803	
  0.427648	  0.245227	  0.163562	  0.163562	
  0.122423	  0.796060	  0.040758	  0.040758	
  0.760019	  0.202061	  0.018960	  0.018960	
  0.999635	  0.000122	  0.000122	  0.000122	
  0.000122	  0.000122	  0.000122	  0.999635	
  0.999635	  0.000122	  0.000122	  0.000122	
  0.043944	  0.043944	  0.043944	  0.868167	
  0.043944	  0.043944	  0.639677	  0.272434	
  0.086559	  0.086559	  0.578808	  0.248074	
  0.209363	  0.209363	  0.209363	  0.371910	
  0.306516	  0.231161	  0.231161	  0.231161	

URL http://cisbp.ccbr.utoronto.ca/TFreport.php?searchTF=T013113_1.02

MOTIF M0226_1.02 hlh-29

letter-probability matrix: alength= 4 w= 8 nsites= 1 E= 0
  0.416667	  0.583333	  0.000000	  0.000000	
  0.000000	  1.000000	  0.000000	  0.000000	
  1.000000	  0.000000	  0.000000	  0.000000	
  0.000000	  0.588235	  0.000000	  0.411765	
  0.000000	  0.000000	  1.000000	  0.000000	
  0.000000	  1.000000	  0.000000	  0.000000	
  0.000000	  0.000000	  1.000000	  0.000000	
  0.000000	  0.181818	  0.000000	  0.818182	

URL http://cisbp.ccbr.utoronto.ca/TFreport.php?searchTF=T016860_1.02

MOTIF M0227_1.02 mxl-3

letter-probability matrix: alength= 4 w= 8 nsites= 1 E= 0
  0.083333	  0.666667	  0.250000	  0.000000	
  0.000000	  1.000000	  0.000000	  0.000000	
  1.000000	  0.000000	  0.000000	  0.000000	
  0.000000	  1.000000	  0.000000	  0.000000	
  0.000000	  0.000000	  1.000000	  0.000000	
  0.000000	  0.000000	  0.000000	  1.000000	
  0.000000	  0.000000	  1.000000	  0.000000	
  0.090909	  0.181818	  0.090909	  0.636364	

URL http://cisbp.ccbr.utoronto.ca/TFreport.php?searchTF=T016864_1.02

MOTIF M0228_1.02 hlh-11

letter-probability matrix: alength= 4 w= 9 nsites= 1 E= 0
  1.000000	  0.000000	  0.000000	  0.000000	
  0.000000	  0.000000	  0.000000	  1.000000	
  0.000000	  1.000000	  0.000000	  0.000000	
  1.000000	  0.000000	  0.000000	  0.000000	
  0.000000	  0.000000	  1.000000	  0.000000	
  0.000000	  1.000000	  0.000000	  0.000000	
  0.000000	  0.000000	  0.000000	  1.000000	
  0.000000	  0.000000	  1.000000	  0.000000	
  1.000000	  0.000000	  0.000000	  0.000000	

URL http://cisbp.ccbr.utoronto.ca/TFreport.php?searchTF=T016867_1.02

MOTIF M0239_1.02 ref-1

letter-probability matrix: alength= 4 w= 8 nsites= 1 E= 0
  0.083333	  0.333333	  0.583333	  0.000000	
  0.000000	  1.000000	  0.000000	  0.000000	
  1.000000	  0.000000	  0.000000	  0.000000	
  0.000000	  1.000000	  0.000000	  0.000000	
  0.000000	  0.000000	  1.000000	  0.000000	
  0.000000	  0.055556	  0.000000	  0.944444	
  0.000000	  0.000000	  1.000000	  0.000000	
  0.000000	  0.083333	  0.250000	  0.666667	

URL http://cisbp.ccbr.utoronto.ca/TFreport.php?searchTF=T018398_1.02

MOTIF M0240_1.02 hlh-30

letter-probability matrix: alength= 4 w= 8 nsites= 1 E= 0
  0.000000	  0.000000	  0.000000	  1.000000	
  0.000000	  1.000000	  0.000000	  0.000000	
  1.000000	  0.000000	  0.000000	  0.000000	
  0.000000	  1.000000	  0.000000	  0.000000	
  0.000000	  0.000000	  1.000000	  0.000000	
  0.000000	  0.000000	  0.000000	  1.000000	
  0.000000	  0.000000	  1.000000	  0.000000	
  0.666667	  0.000000	  0.000000	  0.333333	

URL http://cisbp.ccbr.utoronto.ca/TFreport.php?searchTF=T018410_1.02

MOTIF M0249_1.02 hlh-10

letter-probability matrix: alength= 4 w= 8 nsites= 1 E= 0
  0.000000	  1.000000	  0.000000	  0.000000	
  1.000000	  0.000000	  0.000000	  0.000000	
  0.000000	  0.000000	  0.000000	  1.000000	
  1.000000	  0.000000	  0.000000	  0.000000	
  0.000000	  0.000000	  0.000000	  1.000000	
  1.000000	  0.000000	  0.000000	  0.000000	
  0.000000	  0.000000	  0.000000	  1.000000	
  0.000000	  0.000000	  1.000000	  0.000000	

URL http://cisbp.ccbr.utoronto.ca/TFreport.php?searchTF=T018425_1.02

MOTIF M0254_1.02 Y44A6D.3

letter-probability matrix: alength= 4 w= 9 nsites= 1 E= 0
  0.264626	  0.230055	  0.343202	  0.162117	
  0.035056	  0.229738	  0.009650	  0.725557	
  0.000776	  0.000130	  0.998484	  0.000610	
  0.000515	  0.999363	  0.000060	  0.000062	
  0.000655	  0.000121	  0.999191	  0.000033	
  0.015327	  0.953021	  0.012931	  0.018721	
  0.398849	  0.009012	  0.577428	  0.014711	
  0.371096	  0.072709	  0.439862	  0.116333	
  0.247681	  0.247681	  0.211060	  0.293578	

URL http://cisbp.ccbr.utoronto.ca/TFreport.php?searchTF=T022239_1.02

MOTIF M0275_1.02 atf-7

letter-probability matrix: alength= 4 w= 10 nsites= 1 E= 0
  0.275256	  0.135848	  0.360715	  0.228181	
  0.628116	  0.044667	  0.282551	  0.044667	
  0.000048	  0.000048	  0.000048	  0.999855	
  0.000048	  0.000048	  0.999855	  0.000048	
  0.999855	  0.000048	  0.000048	  0.000048	
  0.000048	  0.999855	  0.000048	  0.000048	
  0.000048	  0.000048	  0.999855	  0.000048	
  0.000048	  0.000048	  0.000048	  0.999855	
  0.204469	  0.362470	  0.318861	  0.114200	
  0.383856	  0.205381	  0.205381	  0.205381	

URL http://cisbp.ccbr.utoronto.ca/TFreport.php?searchTF=T024084_1.02

MOTIF M0276_1.02 C27D6.4

letter-probability matrix: alength= 4 w= 10 nsites= 1 E= 0
  0.175570	  0.261504	  0.175570	  0.387356	
  0.095404	  0.095404	  0.639645	  0.169546	
  0.160935	  0.838902	  0.000082	  0.000082	
  0.000082	  0.999755	  0.000082	  0.000082	
  0.999755	  0.000082	  0.000082	  0.000082	
  0.000082	  0.999755	  0.000082	  0.000082	
  0.000082	  0.000082	  0.999755	  0.000082	
  0.000082	  0.000082	  0.000082	  0.999755	
  0.165231	  0.153373	  0.606884	  0.074512	
  0.233539	  0.154677	  0.277113	  0.334671	

URL http://cisbp.ccbr.utoronto.ca/TFreport.php?searchTF=T024086_1.02

MOTIF M0281_1.02 D1005.3

letter-probability matrix: alength= 4 w= 15 nsites= 1 E= 0
  0.327426	  0.224191	  0.224191	  0.224191	
  0.327426	  0.224191	  0.224191	  0.224191	
  0.289712	  0.202351	  0.202351	  0.305586	
  0.094024	  0.094024	  0.094024	  0.717927	
  0.024381	  0.116341	  0.024381	  0.834897	
  0.712753	  0.024381	  0.238485	  0.024381	
  0.024381	  0.433975	  0.024381	  0.517263	
  0.170897	  0.000133	  0.725602	  0.103368	
  0.735701	  0.117902	  0.025942	  0.120455	
  0.742853	  0.025942	  0.117902	  0.113303	
  0.681291	  0.139742	  0.047782	  0.131184	
  0.156109	  0.156109	  0.248069	  0.439714	
  0.322744	  0.225752	  0.225752	  0.225752	
  0.225752	  0.225752	  0.225752	  0.322744	
  0.322744	  0.225752	  0.225752	  0.225752	

URL http://cisbp.ccbr.utoronto.ca/TFreport.php?searchTF=T024492_1.02

MOTIF M0323_1.02 F17A9.3

letter-probability matrix: alength= 4 w= 13 nsites= 1 E= 0
  0.230644	  0.230644	  0.230644	  0.308069	
  0.230644	  0.230644	  0.308069	  0.230644	
  0.195361	  0.042431	  0.042431	  0.719777	
  0.105121	  0.022865	  0.128036	  0.743978	
  0.853680	  0.022865	  0.100590	  0.022865	
  0.000176	  0.673192	  0.000176	  0.326456	
  0.236202	  0.000176	  0.687605	  0.076018	
  0.076018	  0.420964	  0.077601	  0.425417	
  0.790056	  0.095374	  0.019532	  0.095037	
  0.780883	  0.097796	  0.019532	  0.101789	
  0.376765	  0.207745	  0.207745	  0.207745	
  0.227311	  0.227311	  0.227311	  0.318067	
  0.318067	  0.227311	  0.227311	  0.227311	

URL http://cisbp.ccbr.utoronto.ca/TFreport.php?searchTF=T027131_1.02

MOTIF M0324_1.02 F23F12.9

letter-probability matrix: alength= 4 w= 10 nsites= 1 E= 0
  0.468126	  0.173785	  0.271240	  0.086848	
  0.054047	  0.020212	  0.061987	  0.863754	
  0.027586	  0.041762	  0.196689	  0.733962	
  0.589668	  0.017557	  0.345056	  0.047718	
  0.059099	  0.858186	  0.014040	  0.068675	
  0.068675	  0.014040	  0.858186	  0.059099	
  0.047718	  0.345056	  0.017557	  0.589668	
  0.733962	  0.196689	  0.041762	  0.027586	
  0.863754	  0.061987	  0.020212	  0.054047	
  0.086848	  0.271240	  0.173785	  0.468126	

URL http://cisbp.ccbr.utoronto.ca/TFreport.php?searchTF=T027133_1.02

MOTIF M0325_1.02 atf-6

letter-probability matrix: alength= 4 w= 9 nsites= 1 E= 0
  0.188407	  0.512143	  0.146731	  0.152720	
  0.141526	  0.166082	  0.058118	  0.634274	
  0.140550	  0.059476	  0.480855	  0.319119	
  0.916142	  0.001116	  0.007540	  0.075202	
  0.040298	  0.850903	  0.016384	  0.092416	
  0.089481	  0.042693	  0.815682	  0.052145	
  0.059662	  0.024747	  0.000794	  0.914797	
  0.274311	  0.095992	  0.485055	  0.144642	
  0.179118	  0.031755	  0.554488	  0.234638	

URL http://cisbp.ccbr.utoronto.ca/TFreport.php?searchTF=T027136_1.02

MOTIF M0326_1.02 atf-2

letter-probability matrix: alength= 4 w= 10 nsites= 1 E= 0
  0.369233	  0.252504	  0.293368	  0.084896	
  0.065436	  0.042995	  0.019319	  0.872250	
  0.031899	  0.073889	  0.369652	  0.524561	
  0.424684	  0.034513	  0.460054	  0.080749	
  0.025845	  0.653359	  0.087543	  0.233254	
  0.049159	  0.021651	  0.911464	  0.017726	
  0.000020	  0.608158	  0.000147	  0.391676	
  0.884019	  0.036397	  0.074031	  0.005554	
  0.942769	  0.048367	  0.004388	  0.004476	
  0.031283	  0.276736	  0.134702	  0.557279	

URL http://cisbp.ccbr.utoronto.ca/TFreport.php?searchTF=T027587_1.02

MOTIF M0339_1.02 R07H5.10

letter-probability matrix: alength= 4 w= 8 nsites= 1 E= 0
  0.206496	  0.198399	  0.290116	  0.304990	
  0.666270	  0.087505	  0.198680	  0.047546	
  0.031327	  0.012610	  0.017366	  0.938697	
  0.028591	  0.013641	  0.048091	  0.909677	
  0.268619	  0.003014	  0.159700	  0.568667	
  0.036304	  0.873005	  0.034881	  0.055809	
  0.444673	  0.143644	  0.177211	  0.234473	
  0.226169	  0.252468	  0.212998	  0.308365	

URL http://cisbp.ccbr.utoronto.ca/TFreport.php?searchTF=T027926_1.02

MOTIF M0340_1.02 xbp-1

letter-probability matrix: alength= 4 w= 13 nsites= 1 E= 0
  0.228084	  0.228084	  0.228084	  0.315748	
  0.315748	  0.228084	  0.228084	  0.228084	
  0.183803	  0.183803	  0.367187	  0.265207	
  0.441206	  0.157043	  0.157043	  0.244708	
  0.304988	  0.162743	  0.024620	  0.507649	
  0.000152	  0.138275	  0.284790	  0.576783	
  0.999544	  0.000152	  0.000152	  0.000152	
  0.000152	  0.999544	  0.000152	  0.000152	
  0.022068	  0.022068	  0.933796	  0.022068	
  0.022068	  0.022068	  0.022068	  0.933796	
  0.066349	  0.183161	  0.684141	  0.066349	
  0.209921	  0.093109	  0.174988	  0.521983	
  0.323405	  0.225532	  0.225532	  0.225532	

URL http://cisbp.ccbr.utoronto.ca/TFreport.php?searchTF=T027927_1.02

MOTIF M0342_1.02 atf-5

letter-probability matrix: alength= 4 w= 11 nsites= 1 E= 0
  0.190205	  0.190205	  0.370889	  0.248700	
  0.117636	  0.117636	  0.591055	  0.173673	
  0.459760	  0.277889	  0.161189	  0.101162	
  0.000143	  0.000143	  0.000143	  0.999572	
  0.058638	  0.000143	  0.941077	  0.000143	
  0.941077	  0.000143	  0.000143	  0.058638	
  0.000143	  0.999572	  0.000143	  0.000143	
  0.058638	  0.000143	  0.941077	  0.000143	
  0.059937	  0.059937	  0.059937	  0.820188	
  0.228456	  0.440635	  0.198402	  0.132507	
  0.553058	  0.148981	  0.148981	  0.148981	

URL http://cisbp.ccbr.utoronto.ca/TFreport.php?searchTF=T028059_1.02

MOTIF M0344_1.02 jun-1

letter-probability matrix: alength= 4 w= 9 nsites= 1 E= 0
  0.602686	  0.107313	  0.182689	  0.107313	
  0.000099	  0.055805	  0.000099	  0.943998	
  0.000099	  0.000099	  0.999703	  0.000099	
  0.999703	  0.000099	  0.000099	  0.000099	
  0.055805	  0.865590	  0.000099	  0.078506	
  0.055805	  0.000099	  0.194374	  0.749722	
  0.207820	  0.791982	  0.000099	  0.000099	
  0.999703	  0.000099	  0.000099	  0.000099	
  0.142786	  0.240096	  0.142786	  0.474332	

URL http://cisbp.ccbr.utoronto.ca/TFreport.php?searchTF=T028061_1.02

MOTIF M0345_1.02 T27F2.4

letter-probability matrix: alength= 4 w= 10 nsites= 1 E= 0
  0.298947	  0.260958	  0.176162	  0.263933	
  0.164907	  0.082520	  0.082520	  0.670053	
  0.069342	  0.000105	  0.000105	  0.930448	
  0.999686	  0.000105	  0.000105	  0.000105	
  0.000105	  0.930448	  0.000105	  0.069342	
  0.069342	  0.000105	  0.930448	  0.000105	
  0.930448	  0.000105	  0.000105	  0.069342	
  0.999686	  0.000105	  0.000105	  0.000105	
  0.244351	  0.073942	  0.073942	  0.607764	
  0.243525	  0.167585	  0.167585	  0.421305	

URL http://cisbp.ccbr.utoronto.ca/TFreport.php?searchTF=T028062_1.02

MOTIF M0346_1.02 zip-3

letter-probability matrix: alength= 4 w= 9 nsites= 1 E= 0
  0.535636	  0.078528	  0.369982	  0.015855	
  0.001169	  0.000261	  0.000246	  0.998325	
  0.054873	  0.137693	  0.716963	  0.090471	
  0.854058	  0.002509	  0.100484	  0.042948	
  0.024415	  0.611073	  0.048677	  0.315834	
  0.195600	  0.103139	  0.611597	  0.089664	
  0.168167	  0.236266	  0.115003	  0.480563	
  0.192128	  0.410824	  0.230019	  0.167028	
  0.491395	  0.118777	  0.190042	  0.199786	

URL http://cisbp.ccbr.utoronto.ca/TFreport.php?searchTF=T028085_1.02

MOTIF M0347_1.02 W08E12.1

letter-probability matrix: alength= 4 w= 8 nsites= 1 E= 0
  0.003289	  0.003289	  0.003289	  0.990132	
  0.003289	  0.003289	  0.990132	  0.003289	
  0.990132	  0.003289	  0.003289	  0.003289	
  0.003289	  0.990132	  0.003289	  0.003289	
  0.003289	  0.003289	  0.990132	  0.003289	
  0.003289	  0.003289	  0.003289	  0.990132	
  0.661184	  0.332237	  0.003289	  0.003289	
  0.985294	  0.004902	  0.004902	  0.004902	

URL http://cisbp.ccbr.utoronto.ca/TFreport.php?searchTF=T028086_1.02

MOTIF M0349_1.02 Y51H4A.4

letter-probability matrix: alength= 4 w= 12 nsites= 1 E= 0
  0.419014	  0.166041	  0.166041	  0.248903	
  0.229243	  0.146381	  0.305676	  0.318700	
  0.121735	  0.121735	  0.209082	  0.547448	
  0.634796	  0.121735	  0.121735	  0.121735	
  0.000109	  0.000109	  0.000109	  0.999672	
  0.000109	  0.000109	  0.000109	  0.999672	
  0.879115	  0.000109	  0.120666	  0.000109	
  0.000109	  0.877424	  0.000109	  0.122357	
  0.084068	  0.084068	  0.747796	  0.084068	
  0.103728	  0.103728	  0.103728	  0.688815	
  0.531164	  0.212086	  0.128375	  0.128375	
  0.614876	  0.128375	  0.128375	  0.128375	

URL http://cisbp.ccbr.utoronto.ca/TFreport.php?searchTF=T028090_1.02

MOTIF M0350_1.02 Y61A9LA.9

letter-probability matrix: alength= 4 w= 8 nsites= 1 E= 0
  0.840861	  0.000525	  0.000525	  0.158088	
  0.125208	  0.000416	  0.000416	  0.873960	
  0.077189	  0.000384	  0.000384	  0.922043	
  0.269201	  0.000384	  0.000384	  0.730031	
  0.883641	  0.000384	  0.000384	  0.115591	
  0.077189	  0.000384	  0.000384	  0.922043	
  0.291597	  0.042013	  0.000416	  0.665973	
  0.062968	  0.000623	  0.062968	  0.873441	

URL http://cisbp.ccbr.utoronto.ca/TFreport.php?searchTF=T028092_1.02

MOTIF M0358_1.02 ces-2

letter-probability matrix: alength= 4 w= 9 nsites= 1 E= 0
  0.990132	  0.003289	  0.003289	  0.003289	
  0.001656	  0.001656	  0.001656	  0.995033	
  0.167219	  0.001656	  0.001656	  0.829470	
  0.995033	  0.001656	  0.001656	  0.001656	
  0.001656	  0.663907	  0.001656	  0.332781	
  0.498344	  0.001656	  0.498344	  0.001656	
  0.001656	  0.167219	  0.001656	  0.829470	
  0.995033	  0.001656	  0.001656	  0.001656	
  0.990132	  0.003289	  0.003289	  0.003289	

URL http://cisbp.ccbr.utoronto.ca/TFreport.php?searchTF=T028113_1.02

MOTIF M0379_1.02 B0310.2

letter-probability matrix: alength= 4 w= 10 nsites= 1 E= 0
  0.247865	  0.181796	  0.279467	  0.290872	
  0.091444	  0.152280	  0.180498	  0.575778	
  0.026116	  0.000305	  0.965392	  0.008187	
  0.985734	  0.001382	  0.002468	  0.010416	
  0.011232	  0.014714	  0.971445	  0.002609	
  0.019671	  0.000076	  0.756818	  0.223435	
  0.231469	  0.134888	  0.255813	  0.377830	
  0.454899	  0.172444	  0.099492	  0.273165	
  0.304260	  0.264511	  0.223158	  0.208071	
  0.353339	  0.190077	  0.246516	  0.210067	

URL http://cisbp.ccbr.utoronto.ca/TFreport.php?searchTF=T037065_1.02

MOTIF M0380_1.02 ham-2

letter-probability matrix: alength= 4 w= 9 nsites= 1 E= 0
  0.282456	  0.222188	  0.226676	  0.268680	
  0.308881	  0.169518	  0.271227	  0.250374	
  0.246241	  0.231901	  0.205678	  0.316180	
  0.464399	  0.055188	  0.080701	  0.399712	
  0.885184	  0.009932	  0.000738	  0.104146	
  0.071967	  0.036097	  0.850828	  0.041108	
  0.052085	  0.856516	  0.023170	  0.068229	
  0.274969	  0.283343	  0.212015	  0.229673	
  0.233287	  0.221909	  0.271040	  0.273764	

URL http://cisbp.ccbr.utoronto.ca/TFreport.php?searchTF=T037182_1.02

MOTIF M0381_1.02 mnm-2

letter-probability matrix: alength= 4 w= 10 nsites= 1 E= 0
  0.369882	  0.162908	  0.240611	  0.226599	
  0.355105	  0.145826	  0.279336	  0.219733	
  0.177090	  0.161848	  0.360199	  0.300863	
  0.112987	  0.051794	  0.669999	  0.165220	
  0.748363	  0.107543	  0.029901	  0.114193	
  0.401422	  0.055424	  0.133622	  0.409532	
  0.301490	  0.262102	  0.326600	  0.109808	
  0.200023	  0.310578	  0.216683	  0.272717	
  0.200302	  0.001310	  0.734966	  0.063423	
  0.118168	  0.503762	  0.053630	  0.324441	

URL http://cisbp.ccbr.utoronto.ca/TFreport.php?searchTF=T037184_1.02

MOTIF M0382_1.02 die-1

letter-probability matrix: alength= 4 w= 10 nsites= 1 E= 0
  0.592549	  0.110035	  0.187381	  0.110035	
  0.419600	  0.144385	  0.181393	  0.254622	
  0.000134	  0.000134	  0.000134	  0.999598	
  0.000134	  0.000134	  0.000134	  0.999598	
  0.000134	  0.000134	  0.000134	  0.999598	
  0.999598	  0.000134	  0.000134	  0.000134	
  0.999598	  0.000134	  0.000134	  0.000134	
  0.999598	  0.000134	  0.000134	  0.000134	
  0.416613	  0.303189	  0.140099	  0.140099	
  0.303954	  0.232015	  0.232015	  0.232015	

URL http://cisbp.ccbr.utoronto.ca/TFreport.php?searchTF=T037185_1.02

MOTIF M0383_1.02 egrh-1

letter-probability matrix: alength= 4 w= 8 nsites= 1 E= 0
  0.083611	  0.665973	  0.083611	  0.166805	
  0.000303	  0.000303	  0.999092	  0.000303	
  0.000303	  0.091102	  0.333232	  0.575363	
  0.030569	  0.000303	  0.968826	  0.000303	
  0.000303	  0.000303	  0.999092	  0.000303	
  0.000303	  0.000303	  0.999092	  0.000303	
  0.066911	  0.566245	  0.233356	  0.133489	
  0.042013	  0.000416	  0.915557	  0.042013	

URL http://cisbp.ccbr.utoronto.ca/TFreport.php?searchTF=T037189_1.02

MOTIF M0384_1.02 odd-2

letter-probability matrix: alength= 4 w= 9 nsites= 1 E= 0
  0.516980	  0.286131	  0.098444	  0.098444	
  0.000071	  0.999788	  0.000071	  0.000071	
  0.495526	  0.000071	  0.504333	  0.000071	
  0.000071	  0.000071	  0.999788	  0.000071	
  0.106383	  0.000071	  0.000071	  0.893475	
  0.999788	  0.000071	  0.000071	  0.000071	
  0.000071	  0.000071	  0.999788	  0.000071	
  0.000071	  0.999788	  0.000071	  0.000071	
  0.322842	  0.227729	  0.223668	  0.225760	

URL http://cisbp.ccbr.utoronto.ca/TFreport.php?searchTF=T037190_1.02

MOTIF M0385_1.02 C46E10.8

letter-probability matrix: alength= 4 w= 10 nsites= 1 E= 0
  0.149161	  0.067023	  0.702769	  0.081047	
  0.128260	  0.114900	  0.616501	  0.140339	
  0.169301	  0.224007	  0.327562	  0.279130	
  0.196316	  0.310979	  0.051405	  0.441300	
  0.454968	  0.235151	  0.225930	  0.083951	
  0.256448	  0.089741	  0.275043	  0.378769	
  0.442381	  0.068181	  0.296537	  0.192900	
  0.745743	  0.055389	  0.100925	  0.097943	
  0.669747	  0.045920	  0.052295	  0.232038	
  0.272220	  0.021255	  0.050230	  0.656295	

URL http://cisbp.ccbr.utoronto.ca/TFreport.php?searchTF=T037191_1.02

MOTIF M0386_1.02 ref-2

letter-probability matrix: alength= 4 w= 10 nsites= 1 E= 0
  0.156054	  0.091854	  0.340428	  0.411663	
  0.204523	  0.578641	  0.172549	  0.044287	
  0.345248	  0.207320	  0.263555	  0.183876	
  0.011666	  0.834368	  0.052809	  0.101157	
  0.524839	  0.134706	  0.185507	  0.154948	
  0.131642	  0.169032	  0.665199	  0.034127	
  0.007758	  0.670984	  0.110913	  0.210344	
  0.371977	  0.000733	  0.497121	  0.130169	
  0.051507	  0.084920	  0.529383	  0.334191	
  0.029836	  0.094226	  0.717447	  0.158491	

URL http://cisbp.ccbr.utoronto.ca/TFreport.php?searchTF=T037192_1.02

MOTIF M0387_1.02 ztf-3

letter-probability matrix: alength= 4 w= 8 nsites= 1 E= 0
  0.170809	  0.097710	  0.195175	  0.536306	
  0.062656	  0.083472	  0.770400	  0.083472	
  0.000208	  0.000208	  0.000208	  0.999376	
  0.000208	  0.000208	  0.999376	  0.000208	
  0.000208	  0.000208	  0.000208	  0.999376	
  0.021024	  0.000208	  0.957744	  0.021024	
  0.145920	  0.000208	  0.041840	  0.812032	
  0.161405	  0.096972	  0.644652	  0.096972	

URL http://cisbp.ccbr.utoronto.ca/TFreport.php?searchTF=T037194_1.02

MOTIF M0388_1.02 che-1

letter-probability matrix: alength= 4 w= 10 nsites= 1 E= 0
  0.254183	  0.160462	  0.131375	  0.453981	
  0.474945	  0.136074	  0.217718	  0.171263	
  0.228171	  0.117931	  0.411618	  0.242280	
  0.076824	  0.025066	  0.773957	  0.124153	
  0.089088	  0.000088	  0.772496	  0.138328	
  0.145768	  0.640352	  0.024829	  0.189051	
  0.030520	  0.007992	  0.000100	  0.961389	
  0.007282	  0.000136	  0.043614	  0.948968	
  0.021474	  0.868567	  0.029572	  0.080386	
  0.285277	  0.334776	  0.141664	  0.238283	

URL http://cisbp.ccbr.utoronto.ca/TFreport.php?searchTF=T037195_1.02

MOTIF M0389_1.02 scrt-1

letter-probability matrix: alength= 4 w= 9 nsites= 1 E= 0
  0.195257	  0.159863	  0.359358	  0.285522	
  0.294519	  0.163260	  0.303488	  0.238733	
  0.299279	  0.156238	  0.279046	  0.265437	
  0.325210	  0.124520	  0.309349	  0.240921	
  0.281049	  0.123783	  0.371865	  0.223303	
  0.163753	  0.360813	  0.016749	  0.458684	
  0.384179	  0.036639	  0.459946	  0.119236	
  0.293702	  0.106972	  0.396456	  0.202870	
  0.287257	  0.157650	  0.287257	  0.267836	

URL http://cisbp.ccbr.utoronto.ca/TFreport.php?searchTF=T037196_1.02

MOTIF M0445_1.02 F10B5.3

letter-probability matrix: alength= 4 w= 10 nsites= 1 E= 0
  0.327492	  0.061036	  0.122911	  0.488561	
  0.129755	  0.099052	  0.081912	  0.689280	
  0.046791	  0.036441	  0.031680	  0.885088	
  0.034061	  0.549025	  0.006099	  0.410815	
  0.078241	  0.502599	  0.214818	  0.204342	
  0.129147	  0.337292	  0.305195	  0.228366	
  0.506794	  0.143754	  0.172105	  0.177346	
  0.000106	  0.022261	  0.873794	  0.103839	
  0.668173	  0.025395	  0.107184	  0.199248	
  0.655563	  0.079479	  0.100032	  0.164926	

URL http://cisbp.ccbr.utoronto.ca/TFreport.php?searchTF=T057631_1.02

MOTIF M0446_1.02 ztf-2

letter-probability matrix: alength= 4 w= 10 nsites= 1 E= 0
  0.216750	  0.239546	  0.256915	  0.286789	
  0.271080	  0.095815	  0.228701	  0.404404	
  0.076745	  0.105688	  0.699589	  0.117977	
  0.035766	  0.154005	  0.356733	  0.453496	
  0.004182	  0.001324	  0.001463	  0.993031	
  0.025360	  0.408777	  0.040983	  0.524880	
  0.021351	  0.872276	  0.015350	  0.091022	
  0.707918	  0.009046	  0.006503	  0.276532	
  0.311122	  0.004438	  0.658645	  0.025795	
  0.146338	  0.166654	  0.547806	  0.139201	

URL http://cisbp.ccbr.utoronto.ca/TFreport.php?searchTF=T057634_1.02

MOTIF M0447_1.02 F13H6.1

letter-probability matrix: alength= 4 w= 10 nsites= 1 E= 0
  0.391273	  0.146849	  0.267577	  0.194301	
  0.236558	  0.241337	  0.322529	  0.199576	
  0.063325	  0.269963	  0.106515	  0.560196	
  0.004417	  0.002260	  0.968160	  0.025164	
  0.019015	  0.007208	  0.958364	  0.015413	
  0.150280	  0.035251	  0.000029	  0.814440	
  0.000025	  0.973874	  0.003426	  0.022675	
  0.905030	  0.032719	  0.031436	  0.030814	
  0.261983	  0.246726	  0.254240	  0.237052	
  0.139579	  0.281078	  0.155809	  0.423533	

URL http://cisbp.ccbr.utoronto.ca/TFreport.php?searchTF=T057635_1.02

MOTIF M0448_1.02 lin-48

letter-probability matrix: alength= 4 w= 8 nsites= 1 E= 0
  0.420693	  0.210609	  0.368172	  0.000525	
  0.000344	  0.000344	  0.000344	  0.998967	
  0.998967	  0.000344	  0.000344	  0.000344	
  0.998967	  0.000344	  0.000344	  0.000344	
  0.000344	  0.998967	  0.000344	  0.000344	
  0.000344	  0.000344	  0.998967	  0.000344	
  0.000344	  0.000344	  0.998967	  0.000344	
  0.315651	  0.105567	  0.210609	  0.368172	

URL http://cisbp.ccbr.utoronto.ca/TFreport.php?searchTF=T057640_1.02

MOTIF M0449_1.02 ztf-28

letter-probability matrix: alength= 4 w= 10 nsites= 1 E= 0
  0.132379	  0.213935	  0.471383	  0.182303	
  0.345985	  0.191789	  0.243811	  0.218415	
  0.350179	  0.059054	  0.083801	  0.506966	
  0.184570	  0.111948	  0.486887	  0.216595	
  0.953653	  0.012940	  0.016286	  0.017121	
  0.940644	  0.001948	  0.000207	  0.057201	
  0.019368	  0.008968	  0.928559	  0.043105	
  0.014089	  0.939522	  0.019402	  0.026987	
  0.126225	  0.414910	  0.060223	  0.398642	
  0.104876	  0.308827	  0.209094	  0.377203	

URL http://cisbp.ccbr.utoronto.ca/TFreport.php?searchTF=T057642_1.02

MOTIF M0450_1.02 ces-1

letter-probability matrix: alength= 4 w= 7 nsites= 1 E= 0
  0.004902	  0.985294	  0.004902	  0.004902	
  0.985294	  0.004902	  0.004902	  0.004902	
  0.985294	  0.004902	  0.004902	  0.004902	
  0.004902	  0.985294	  0.004902	  0.004902	
  0.985294	  0.004902	  0.004902	  0.004902	
  0.004902	  0.004902	  0.985294	  0.004902	
  0.004902	  0.004902	  0.985294	  0.004902	

URL http://cisbp.ccbr.utoronto.ca/TFreport.php?searchTF=T057644_1.02

MOTIF M0451_1.02 pag-3

letter-probability matrix: alength= 4 w= 10 nsites= 1 E= 0
  0.207715	  0.453123	  0.127251	  0.211911	
  0.291228	  0.294155	  0.161436	  0.253181	
  0.116251	  0.349237	  0.409833	  0.124680	
  0.407697	  0.065400	  0.102568	  0.424335	
  0.019092	  0.030855	  0.924537	  0.025516	
  0.936509	  0.016316	  0.019730	  0.027444	
  0.013438	  0.005197	  0.000868	  0.980498	
  0.063577	  0.005115	  0.004024	  0.927283	
  0.112992	  0.149503	  0.199799	  0.537707	
  0.315187	  0.217711	  0.193092	  0.274010	

URL http://cisbp.ccbr.utoronto.ca/TFreport.php?searchTF=T057645_1.02

MOTIF M0452_1.02 lsy-27

letter-probability matrix: alength= 4 w= 10 nsites= 1 E= 0
  0.154014	  0.246421	  0.378813	  0.220752	
  0.215867	  0.274421	  0.282778	  0.226935	
  0.369908	  0.072476	  0.110305	  0.447311	
  0.242369	  0.111103	  0.459648	  0.186879	
  0.988135	  0.001833	  0.000490	  0.009543	
  0.973770	  0.007108	  0.000185	  0.018938	
  0.001230	  0.006278	  0.989312	  0.003180	
  0.008403	  0.933147	  0.000559	  0.057891	
  0.215865	  0.306327	  0.092264	  0.385544	
  0.158722	  0.261689	  0.236786	  0.342803	

URL http://cisbp.ccbr.utoronto.ca/TFreport.php?searchTF=T057649_1.02

MOTIF M0453_1.02 lsy-2

letter-probability matrix: alength= 4 w= 10 nsites= 1 E= 0
  0.336489	  0.163787	  0.316893	  0.182831	
  0.362570	  0.125615	  0.226607	  0.285208	
  0.066300	  0.053742	  0.055935	  0.824022	
  0.931828	  0.010352	  0.006032	  0.051787	
  0.003777	  0.888023	  0.000537	  0.107662	
  0.094084	  0.064340	  0.499789	  0.341787	
  0.067693	  0.000856	  0.929810	  0.001640	
  0.000605	  0.000001	  0.000033	  0.999361	
  0.711394	  0.092502	  0.142199	  0.053905	
  0.249287	  0.184676	  0.371892	  0.194145	

URL http://cisbp.ccbr.utoronto.ca/TFreport.php?searchTF=T057650_1.02

MOTIF M0454_1.02 F52B5.7

letter-probability matrix: alength= 4 w= 8 nsites= 1 E= 0
  0.083444	  0.516489	  0.050133	  0.349933	
  0.038082	  0.404985	  0.000127	  0.556807	
  0.999684	  0.000105	  0.000105	  0.000105	
  0.010627	  0.000105	  0.000105	  0.989162	
  0.010627	  0.000105	  0.978641	  0.010627	
  0.021838	  0.000109	  0.967080	  0.010973	
  0.137556	  0.012619	  0.699775	  0.150050	
  0.152608	  0.084858	  0.440549	  0.321985	

URL http://cisbp.ccbr.utoronto.ca/TFreport.php?searchTF=T057651_1.02

MOTIF M0455_1.02 lsl-1

letter-probability matrix: alength= 4 w= 10 nsites= 1 E= 0
  0.050361	  0.028197	  0.042065	  0.879377	
  0.869224	  0.029009	  0.018871	  0.082897	
  0.023898	  0.865910	  0.021624	  0.088569	
  0.046986	  0.072230	  0.473359	  0.407424	
  0.046598	  0.016972	  0.890296	  0.046134	
  0.025404	  0.002472	  0.004459	  0.967666	
  0.732418	  0.082794	  0.116321	  0.068467	
  0.137318	  0.166052	  0.451375	  0.245255	
  0.115886	  0.337851	  0.172881	  0.373383	
  0.316372	  0.236729	  0.127347	  0.319551	

URL http://cisbp.ccbr.utoronto.ca/TFreport.php?searchTF=T057653_1.02

MOTIF M0456_1.02 klf-3

letter-probability matrix: alength= 4 w= 9 nsites= 1 E= 0
  0.327408	  0.084877	  0.233039	  0.354676	
  0.189096	  0.003752	  0.806139	  0.001012	
  0.000007	  0.004308	  0.992854	  0.002831	
  0.000001	  0.000000	  0.999999	  0.000000	
  0.076941	  0.729993	  0.000000	  0.193067	
  0.006130	  0.000001	  0.985594	  0.008275	
  0.056226	  0.059703	  0.361180	  0.522892	
  0.232760	  0.094633	  0.478190	  0.194417	
  0.234890	  0.146807	  0.383414	  0.234890	

URL http://cisbp.ccbr.utoronto.ca/TFreport.php?searchTF=T057655_1.02

MOTIF M0457_1.02 F55C5.11

letter-probability matrix: alength= 4 w= 9 nsites= 1 E= 0
  0.246654	  0.214431	  0.234624	  0.304291	
  0.282361	  0.233501	  0.215548	  0.268590	
  0.155541	  0.163515	  0.427053	  0.253891	
  0.186643	  0.029642	  0.589455	  0.194260	
  0.052401	  0.262151	  0.198129	  0.487319	
  0.008957	  0.049027	  0.927396	  0.014620	
  0.913559	  0.014258	  0.026242	  0.045941	
  0.001742	  0.977680	  0.001180	  0.019398	
  0.639025	  0.144019	  0.156014	  0.060943	

URL http://cisbp.ccbr.utoronto.ca/TFreport.php?searchTF=T057656_1.02

MOTIF M0458_1.02 K02D7.2

letter-probability matrix: alength= 4 w= 7 nsites= 1 E= 0
  0.996269	  0.001244	  0.001244	  0.001244	
  0.001244	  0.996269	  0.001244	  0.001244	
  0.996269	  0.001244	  0.001244	  0.001244	
  0.001244	  0.001244	  0.996269	  0.001244	
  0.001244	  0.001244	  0.996269	  0.001244	
  0.001244	  0.001244	  0.001244	  0.996269	
  0.001244	  0.001244	  0.996269	  0.001244	

URL http://cisbp.ccbr.utoronto.ca/TFreport.php?searchTF=T060869_1.02

MOTIF M0459_1.02 K11D2.4

letter-probability matrix: alength= 4 w= 10 nsites= 1 E= 0
  0.528741	  0.239966	  0.154547	  0.076746	
  0.235058	  0.077465	  0.340301	  0.347176	
  0.853694	  0.015174	  0.044682	  0.086451	
  0.918917	  0.018788	  0.014199	  0.048096	
  0.945718	  0.009796	  0.015059	  0.029428	
  0.929401	  0.018257	  0.014077	  0.038265	
  0.960132	  0.018121	  0.004337	  0.017410	
  0.459014	  0.198161	  0.188497	  0.154328	
  0.181025	  0.272772	  0.313762	  0.232441	
  0.292221	  0.212196	  0.179023	  0.316560	

URL http://cisbp.ccbr.utoronto.ca/TFreport.php?searchTF=T060871_1.02

MOTIF M0460_1.02 M03D4.4

letter-probability matrix: alength= 4 w= 11 nsites= 1 E= 0
  0.209932	  0.370204	  0.209932	  0.209932	
  0.540912	  0.106509	  0.178643	  0.173935	
  0.018685	  0.185363	  0.018685	  0.777267	
  0.000009	  0.000009	  0.999973	  0.000009	
  0.000009	  0.999973	  0.000009	  0.000009	
  0.999973	  0.000009	  0.000009	  0.000009	
  0.000009	  0.000009	  0.000009	  0.999973	
  0.000009	  0.000009	  0.999973	  0.000009	
  0.879769	  0.040077	  0.040077	  0.040077	
  0.291686	  0.237695	  0.143500	  0.327120	
  0.231324	  0.306028	  0.231324	  0.231324	

URL http://cisbp.ccbr.utoronto.ca/TFreport.php?searchTF=T060933_1.02

MOTIF M0461_1.02 ztf-14

letter-probability matrix: alength= 4 w= 10 nsites= 1 E= 0
  0.211318	  0.219943	  0.195072	  0.373667	
  0.212459	  0.071432	  0.543892	  0.172216	
  0.071560	  0.016619	  0.678940	  0.232882	
  0.128264	  0.030695	  0.738107	  0.102934	
  0.188573	  0.116686	  0.202246	  0.492495	
  0.000986	  0.063178	  0.921454	  0.014382	
  0.034436	  0.001019	  0.943023	  0.021522	
  0.060997	  0.208684	  0.190723	  0.539596	
  0.198745	  0.653291	  0.078416	  0.069548	
  0.164666	  0.303056	  0.207248	  0.325030	

URL http://cisbp.ccbr.utoronto.ca/TFreport.php?searchTF=T060934_1.02

MOTIF M0487_1.02 ztf-16

letter-probability matrix: alength= 4 w= 10 nsites= 1 E= 0
  0.257430	  0.217185	  0.217185	  0.308200	
  0.182965	  0.239678	  0.212575	  0.364781	
  0.126826	  0.348213	  0.108074	  0.416887	
  0.217028	  0.483004	  0.134293	  0.165675	
  0.263791	  0.288633	  0.102019	  0.345557	
  0.064489	  0.021682	  0.876992	  0.036837	
  0.073013	  0.000326	  0.863187	  0.063474	
  0.989628	  0.000201	  0.000123	  0.010048	
  0.261905	  0.123715	  0.117682	  0.496698	
  0.247358	  0.219387	  0.265294	  0.267960	

URL http://cisbp.ccbr.utoronto.ca/TFreport.php?searchTF=T061407_1.02

MOTIF M0489_1.02 egl-43

letter-probability matrix: alength= 4 w= 10 nsites= 1 E= 0
  0.369910	  0.176489	  0.293906	  0.159694	
  0.206144	  0.110894	  0.423509	  0.259453	
  0.009141	  0.000240	  0.985130	  0.005489	
  0.979414	  0.000225	  0.019825	  0.000536	
  0.117085	  0.065556	  0.050044	  0.767316	
  0.052309	  0.075730	  0.802053	  0.069908	
  0.394441	  0.283573	  0.191995	  0.129991	
  0.161823	  0.135166	  0.491029	  0.211982	
  0.254273	  0.350166	  0.120110	  0.275451	
  0.280850	  0.295250	  0.162037	  0.261863	

URL http://cisbp.ccbr.utoronto.ca/TFreport.php?searchTF=T061409_1.02

MOTIF M0490_1.02 ztf-27

letter-probability matrix: alength= 4 w= 8 nsites= 1 E= 0
  0.229320	  0.255984	  0.263780	  0.250916	
  0.269109	  0.243500	  0.233953	  0.253438	
  0.342370	  0.106260	  0.184176	  0.367194	
  0.058705	  0.005220	  0.344651	  0.591423	
  0.002948	  0.000705	  0.926167	  0.070179	
  0.025929	  0.000737	  0.930155	  0.043179	
  0.000100	  0.361129	  0.000198	  0.638573	
  0.022737	  0.000293	  0.976500	  0.000470	

URL http://cisbp.ccbr.utoronto.ca/TFreport.php?searchTF=T061498_1.02

MOTIF M0491_1.02 T22C8.4

letter-probability matrix: alength= 4 w= 8 nsites= 1 E= 0
  0.582226	  0.083887	  0.083887	  0.250000	
  0.000587	  0.000587	  0.998239	  0.000587	
  0.000525	  0.998424	  0.000525	  0.000525	
  0.998424	  0.000525	  0.000525	  0.000525	
  0.000525	  0.000525	  0.998424	  0.000525	
  0.000525	  0.000525	  0.998424	  0.000525	
  0.000525	  0.000525	  0.998424	  0.000525	
  0.071937	  0.000712	  0.712963	  0.214387	

URL http://cisbp.ccbr.utoronto.ca/TFreport.php?searchTF=T061501_1.02

MOTIF M0492_1.02 ztf-19

letter-probability matrix: alength= 4 w= 10 nsites= 1 E= 0
  0.191185	  0.299838	  0.187399	  0.321578	
  0.434373	  0.011634	  0.338290	  0.215703	
  0.072394	  0.118170	  0.556755	  0.252680	
  0.038220	  0.058169	  0.002755	  0.900857	
  0.004021	  0.003566	  0.721592	  0.270821	
  0.004412	  0.007060	  0.001776	  0.986752	
  0.942731	  0.006289	  0.023076	  0.027904	
  0.839473	  0.104875	  0.025605	  0.030047	
  0.329916	  0.186576	  0.080547	  0.402961	
  0.389696	  0.175101	  0.282977	  0.152226	

URL http://cisbp.ccbr.utoronto.ca/TFreport.php?searchTF=T061503_1.02

MOTIF M0493_1.02 lin-29

letter-probability matrix: alength= 4 w= 8 nsites= 1 E= 0
  0.242861	  0.157196	  0.428469	  0.171473	
  0.777565	  0.090973	  0.030392	  0.101070	
  0.838146	  0.060683	  0.020295	  0.080876	
  0.989600	  0.000101	  0.000101	  0.010198	
  0.989600	  0.000101	  0.000101	  0.010198	
  0.918922	  0.030392	  0.010198	  0.040489	
  0.718555	  0.156289	  0.083403	  0.041753	
  0.569619	  0.127964	  0.104719	  0.197699	

URL http://cisbp.ccbr.utoronto.ca/TFreport.php?searchTF=T061509_1.02

MOTIF M0494_1.02 ztf-6

letter-probability matrix: alength= 4 w= 10 nsites= 1 E= 0
  0.270269	  0.194303	  0.295721	  0.239707	
  0.082263	  0.007242	  0.039249	  0.871246	
  0.079259	  0.012971	  0.059903	  0.847867	
  0.249612	  0.252120	  0.052452	  0.445816	
  0.238745	  0.569863	  0.031356	  0.160036	
  0.902361	  0.039449	  0.013263	  0.044926	
  0.032511	  0.046600	  0.855419	  0.065470	
  0.339072	  0.356456	  0.077185	  0.227287	
  0.281245	  0.264867	  0.194266	  0.259622	
  0.270749	  0.247446	  0.221671	  0.260133	

URL http://cisbp.ccbr.utoronto.ca/TFreport.php?searchTF=T061510_1.02

MOTIF M0495_1.02 sptf-3

letter-probability matrix: alength= 4 w= 10 nsites= 1 E= 0
  0.422132	  0.109058	  0.359751	  0.109058	
  0.094324	  0.020369	  0.667367	  0.217940	
  0.000225	  0.000225	  0.999324	  0.000225	
  0.000225	  0.000225	  0.999324	  0.000225	
  0.000225	  0.000225	  0.999324	  0.000225	
  0.000225	  0.913738	  0.000225	  0.085811	
  0.000225	  0.000225	  0.999324	  0.000225	
  0.000225	  0.000225	  0.429360	  0.570189	
  0.343604	  0.141167	  0.374062	  0.141167	
  0.229857	  0.229857	  0.229857	  0.310430	

