MEME version 4

ALPHABET= ACGT

strands: + -

Background letter frequencies (from uniform background):
A 0.25000 C 0.25000 G 0.25000 T 0.25000 

MOTIF M0482_1.02 (Cd36_61610)_(Neurospora_crassa)_(DBD_0.75)

letter-probability matrix: alength= 4 w= 10 nsites= 1 E= 0
  0.269622	  0.207893	  0.295014	  0.227471	
  0.221481	  0.230520	  0.308073	  0.239927	
  0.001518	  0.000218	  0.979590	  0.018674	
  0.174199	  0.441510	  0.029970	  0.354320	
  0.000399	  0.000217	  0.964849	  0.034535	
  0.001007	  0.065798	  0.885891	  0.047304	
  0.010090	  0.042164	  0.899247	  0.048500	
  0.083781	  0.065904	  0.733778	  0.116537	
  0.158734	  0.261708	  0.229805	  0.349754	
  0.323602	  0.206338	  0.239730	  0.230330	

URL http://cisbp.ccbr.utoronto.ca/TFreport.php?searchTF=T067979_1.02

MOTIF M0779_1.02 (Cd36_04890)_(Dictyostelium_discoideum)_(DBD_0.71)

letter-probability matrix: alength= 4 w= 8 nsites= 1 E= 0
  0.096972	  0.161405	  0.225838	  0.515786	
  0.292641	  0.706871	  0.000244	  0.000244	
  0.000244	  0.000244	  0.999269	  0.000244	
  0.999269	  0.000244	  0.000244	  0.000244	
  0.000244	  0.000244	  0.000244	  0.999269	
  0.000244	  0.999269	  0.000244	  0.000244	
  0.000263	  0.000263	  0.683754	  0.315720	
  0.111317	  0.148299	  0.259246	  0.481139	

URL http://cisbp.ccbr.utoronto.ca/TFreport.php?searchTF=T086087_1.02

MOTIF M0792_1.02 (Cd36_45460)_(Neurospora_crassa)_(DBD_0.91)

letter-probability matrix: alength= 4 w= 8 nsites= 1 E= 0
  0.246114	  0.263959	  0.251086	  0.238840	
  0.289615	  0.264688	  0.175661	  0.270036	
  0.101067	  0.108395	  0.696303	  0.094234	
  0.794489	  0.034733	  0.044598	  0.126179	
  0.025614	  0.062373	  0.046671	  0.865343	
  0.449630	  0.160521	  0.097361	  0.292488	
  0.295846	  0.232721	  0.265029	  0.206405	
  0.224078	  0.276441	  0.282025	  0.217456	

URL http://cisbp.ccbr.utoronto.ca/TFreport.php?searchTF=T086093_1.02

MOTIF M0818_1.02 (Cd36_21640)_(Candida_albicans)_(DBD_0.96)

letter-probability matrix: alength= 4 w= 10 nsites= 1 E= 0
  0.319251	  0.197023	  0.286703	  0.197023	
  0.611647	  0.095513	  0.197327	  0.095513	
  0.999354	  0.000215	  0.000215	  0.000215	
  0.000215	  0.000215	  0.000215	  0.999354	
  0.000215	  0.087309	  0.912261	  0.000215	
  0.087309	  0.000215	  0.000215	  0.912261	
  0.000215	  0.912261	  0.000215	  0.087309	
  0.000215	  0.000215	  0.999354	  0.000215	
  0.140286	  0.376972	  0.140282	  0.342460	
  0.358864	  0.154702	  0.244642	  0.241792	

URL http://cisbp.ccbr.utoronto.ca/TFreport.php?searchTF=T087060_1.02

MOTIF M0819_1.02 (Cd36_01290)_(Candida_albicans)_(DBD_1.00)

letter-probability matrix: alength= 4 w= 10 nsites= 1 E= 0
  0.214289	  0.286382	  0.218618	  0.280711	
  0.294242	  0.195274	  0.274349	  0.236135	
  0.215817	  0.245779	  0.389332	  0.149072	
  0.125801	  0.141841	  0.102997	  0.629361	
  0.011443	  0.035781	  0.869061	  0.083715	
  0.174768	  0.064294	  0.066252	  0.694686	
  0.000482	  0.871103	  0.079025	  0.049391	
  0.122680	  0.252038	  0.357659	  0.267623	
  0.093913	  0.137328	  0.615462	  0.153296	
  0.270634	  0.247340	  0.273353	  0.208672	

URL http://cisbp.ccbr.utoronto.ca/TFreport.php?searchTF=T087059_1.02

MOTIF M0829_1.02 (Cd36_54680)_(Candida_albicans)_(DBD_0.95)

letter-probability matrix: alength= 4 w= 9 nsites= 1 E= 0
  0.172623	  0.296222	  0.276195	  0.254960	
  0.103807	  0.337827	  0.088459	  0.469907	
  0.635288	  0.126986	  0.095974	  0.141752	
  0.768928	  0.100988	  0.086921	  0.043164	
  0.005263	  0.129106	  0.027956	  0.837676	
  0.329906	  0.130165	  0.103421	  0.436508	
  0.374164	  0.137647	  0.086894	  0.401294	
  0.446995	  0.161184	  0.192972	  0.198849	
  0.268242	  0.215269	  0.211007	  0.305482	

URL http://cisbp.ccbr.utoronto.ca/TFreport.php?searchTF=T102990_1.02

MOTIF M2118_1.02 (Cd36_07150)_(Saccharomyces_cerevisiae)_(DBD_0.88)

letter-probability matrix: alength= 4 w= 5 nsites= 1 E= 0
  0.000000	  0.000000	  0.000000	  1.000000	
  0.000000	  0.000000	  0.010160	  0.989840	
  0.005578	  0.000000	  0.994422	  0.000000	
  0.000000	  0.000000	  0.998223	  0.001777	
  0.158006	  0.378979	  0.030665	  0.432350	

URL http://cisbp.ccbr.utoronto.ca/TFreport.php?searchTF=T070740_1.02

MOTIF M4208_1.02 (Cd36_41250)_(Saccharomyces_cerevisiae)_(DBD_0.80)

letter-probability matrix: alength= 4 w= 21 nsites= 1 E= 0
  0.261529	  0.229270	  0.172952	  0.336249	
  0.168474	  0.201074	  0.381034	  0.249418	
  0.097684	  0.455860	  0.290116	  0.156340	
  0.269202	  0.101553	  0.104155	  0.525089	
  0.279409	  0.271500	  0.275034	  0.174056	
  0.393314	  0.146775	  0.262911	  0.196999	
  0.130193	  0.147261	  0.085376	  0.637170	
  0.402545	  0.060597	  0.041016	  0.495841	
  0.097427	  0.234068	  0.033912	  0.634593	
  0.750868	  0.125165	  0.046003	  0.077965	
  0.865617	  0.018378	  0.018798	  0.097207	
  0.097207	  0.018798	  0.018378	  0.865617	
  0.077965	  0.046003	  0.125165	  0.750868	
  0.634593	  0.033912	  0.234068	  0.097427	
  0.350237	  0.112232	  0.128639	  0.408892	
  0.637170	  0.085376	  0.147261	  0.130193	
  0.149412	  0.047445	  0.623403	  0.179740	
  0.201987	  0.158587	  0.554009	  0.085417	
  0.196195	  0.137159	  0.097629	  0.569017	
  0.356039	  0.265821	  0.188299	  0.189841	
  0.409458	  0.235182	  0.244325	  0.111035	

URL http://cisbp.ccbr.utoronto.ca/TFreport.php?searchTF=T112846_1.02

MOTIF M4217_1.02 (Cd36_09290)_(Saccharomyces_cerevisiae)_(DBD_0.54)

letter-probability matrix: alength= 4 w= 8 nsites= 1 E= 0
  0.513075	  0.160895	  0.248858	  0.077172	
  0.272549	  0.076780	  0.041351	  0.609320	
  0.670106	  0.315845	  0.006581	  0.007468	
  0.946809	  0.053191	  0.000000	  0.000000	
  1.000000	  0.000000	  0.000000	  0.000000	
  0.007021	  0.855953	  0.004388	  0.132638	
  0.950104	  0.017114	  0.015356	  0.017426	
  0.580308	  0.170674	  0.108697	  0.140321	

URL http://cisbp.ccbr.utoronto.ca/TFreport.php?searchTF=T083457_1.02

MOTIF M4239_1.02 (Cd36_42380)_(Saccharomyces_cerevisiae)_(DBD_0.74)

letter-probability matrix: alength= 4 w= 7 nsites= 1 E= 0
  0.093123	  0.059999	  0.505577	  0.341301	
  0.095242	  0.202811	  0.059809	  0.642138	
  0.000000	  0.000000	  1.000000	  0.000000	
  0.000000	  0.000000	  1.000000	  0.000000	
  0.146597	  0.000000	  0.853403	  0.000000	
  0.001114	  0.001304	  0.996309	  0.001273	
  0.221005	  0.130670	  0.241650	  0.406675	

URL http://cisbp.ccbr.utoronto.ca/TFreport.php?searchTF=T067973_1.02

MOTIF M4240_1.02 (Cd36_24290)_(Saccharomyces_cerevisiae)_(DBD_0.74)

letter-probability matrix: alength= 4 w= 8 nsites= 1 E= 0
  0.149579	  0.113163	  0.070576	  0.666681	
  0.084934	  0.000888	  0.887596	  0.026582	
  0.045697	  0.041194	  0.013738	  0.899371	
  0.000997	  0.000997	  0.997009	  0.000997	
  0.000793	  0.101753	  0.792847	  0.104608	
  0.187352	  0.603413	  0.093865	  0.115371	
  0.440019	  0.021210	  0.348251	  0.190519	
  0.080985	  0.408432	  0.236464	  0.274119	

URL http://cisbp.ccbr.utoronto.ca/TFreport.php?searchTF=T067964_1.02

MOTIF M4255_1.02 (Cd36_24010)_(Saccharomyces_cerevisiae)_(DBD_0.55)

letter-probability matrix: alength= 4 w= 8 nsites= 1 E= 0
  0.538827	  0.103527	  0.357108	  0.000539	
  0.000997	  0.000997	  0.000997	  0.997009	
  0.000972	  0.000972	  0.972361	  0.025695	
  0.997009	  0.000997	  0.000997	  0.000997	
  0.000719	  0.719011	  0.275700	  0.004570	
  0.091972	  0.022445	  0.000885	  0.884699	
  0.105908	  0.888764	  0.000889	  0.004440	
  0.810068	  0.023153	  0.106526	  0.060253	

URL http://cisbp.ccbr.utoronto.ca/TFreport.php?searchTF=T030554_1.02

MOTIF M4257_1.02 (Cd36_53950)_(Saccharomyces_cerevisiae)_(DBD_0.77)

letter-probability matrix: alength= 4 w= 5 nsites= 1 E= 0
  0.000454	  0.000454	  0.998639	  0.000454	
  0.998639	  0.000454	  0.000454	  0.000454	
  0.000454	  0.000454	  0.000454	  0.998639	
  0.742740	  0.000454	  0.000454	  0.256352	
  0.613884	  0.000454	  0.269056	  0.116606	

URL http://cisbp.ccbr.utoronto.ca/TFreport.php?searchTF=T086094_1.02

MOTIF M4265_1.02 (Cd36_33070)_(Saccharomyces_cerevisiae)_(DBD_0.70)

letter-probability matrix: alength= 4 w= 9 nsites= 1 E= 0
  0.336788	  0.051813	  0.290155	  0.321244	
  0.751296	  0.036269	  0.000000	  0.212435	
  0.316062	  0.082902	  0.000000	  0.601036	
  1.000000	  0.000000	  0.000000	  0.000000	
  0.000000	  0.000000	  1.000000	  0.000000	
  0.000000	  0.000000	  1.000000	  0.000000	
  0.088083	  0.000000	  0.911917	  0.000000	
  0.020725	  0.005181	  0.974094	  0.000000	
  0.129534	  0.233161	  0.290155	  0.347150	

URL http://cisbp.ccbr.utoronto.ca/TFreport.php?searchTF=T067971_1.02

MOTIF M4266_1.02 (Cd36_09990)_(Saccharomyces_cerevisiae)_(DBD_0.92)

letter-probability matrix: alength= 4 w= 21 nsites= 1 E= 0
  0.277896	  0.250994	  0.386874	  0.084236	
  0.337701	  0.191203	  0.147499	  0.323596	
  0.253161	  0.345476	  0.088062	  0.313301	
  0.160289	  0.200315	  0.154575	  0.484821	
  0.545495	  0.139664	  0.154641	  0.160199	
  0.115326	  0.098646	  0.701617	  0.084410	
  0.287085	  0.198825	  0.266325	  0.247765	
  0.332186	  0.110816	  0.027332	  0.529666	
  0.907072	  0.007916	  0.025927	  0.059085	
  0.012689	  0.007855	  0.023849	  0.955608	
  0.981186	  0.002417	  0.004390	  0.012006	
  0.038291	  0.001865	  0.005177	  0.954667	
  0.970929	  0.002253	  0.006019	  0.020798	
  0.044741	  0.004462	  0.003313	  0.947483	
  0.883835	  0.010075	  0.024913	  0.081177	
  0.186324	  0.062165	  0.094376	  0.657135	
  0.264806	  0.122748	  0.129197	  0.483248	
  0.137280	  0.380802	  0.369687	  0.112231	
  0.266096	  0.228247	  0.383999	  0.121658	
  0.350006	  0.176397	  0.172576	  0.301021	
  0.248908	  0.193837	  0.270884	  0.286371	

URL http://cisbp.ccbr.utoronto.ca/TFreport.php?searchTF=T150929_1.02

MOTIF M4276_1.02 (Cd36_52720)_(Saccharomyces_cerevisiae)_(DBD_0.79)

letter-probability matrix: alength= 4 w= 7 nsites= 1 E= 0
  0.071259	  0.298663	  0.583022	  0.047056	
  0.007434	  0.498571	  0.033741	  0.460255	
  0.000000	  0.000000	  1.000000	  0.000000	
  0.000000	  0.000000	  1.000000	  0.000000	
  0.000000	  0.000000	  1.000000	  0.000000	
  0.008921	  0.011618	  0.969378	  0.010083	
  0.179476	  0.146057	  0.353710	  0.320756	

URL http://cisbp.ccbr.utoronto.ca/TFreport.php?searchTF=T067975_1.02

MOTIF M4296_1.02 (Cd36_51520)_(Saccharomyces_cerevisiae)_(DBD_0.56)

letter-probability matrix: alength= 4 w= 8 nsites= 1 E= 0
  0.000997	  0.000997	  0.000997	  0.997009	
  0.000974	  0.000974	  0.023687	  0.974364	
  0.972947	  0.000973	  0.000973	  0.025107	
  0.000520	  0.520128	  0.478832	  0.000520	
  0.209451	  0.144356	  0.620503	  0.025690	
  0.035966	  0.036987	  0.028984	  0.898064	
  0.816276	  0.083576	  0.085666	  0.014483	
  0.992266	  0.000992	  0.000992	  0.005749	

URL http://cisbp.ccbr.utoronto.ca/TFreport.php?searchTF=T030558_1.02

MOTIF M4320_1.02 (Cd36_27910)_(Saccharomyces_cerevisiae)_(DBD_0.77)

letter-probability matrix: alength= 4 w= 6 nsites= 1 E= 0
  0.011904	  0.011904	  0.964289	  0.011904	
  0.964289	  0.011904	  0.011904	  0.011904	
  0.011904	  0.011904	  0.011904	  0.964289	
  0.964289	  0.011904	  0.011904	  0.011904	
  0.964289	  0.011904	  0.011904	  0.011904	
  0.011904	  0.011904	  0.964289	  0.011904	

URL http://cisbp.ccbr.utoronto.ca/TFreport.php?searchTF=T086092_1.02

MOTIF M4330_1.02 (Cd36_08440)_(Saccharomyces_cerevisiae)_(DBD_0.79)

letter-probability matrix: alength= 4 w= 5 nsites= 1 E= 0
  0.831197	  0.002137	  0.164530	  0.002137	
  0.002137	  0.002137	  0.993590	  0.002137	
  0.002137	  0.002137	  0.993590	  0.002137	
  0.002137	  0.002137	  0.993590	  0.002137	
  0.002137	  0.002137	  0.985043	  0.010684	

URL http://cisbp.ccbr.utoronto.ca/TFreport.php?searchTF=T067957_1.02

MOTIF M4333_1.02 (Cd36_24700)_(Saccharomyces_cerevisiae)_(DBD_0.74)

letter-probability matrix: alength= 4 w= 5 nsites= 1 E= 0
  1.000000	  0.000000	  0.000000	  0.000000	
  0.000000	  0.000000	  0.000000	  1.000000	
  0.000000	  1.000000	  0.000000	  0.000000	
  1.000000	  0.000000	  0.000000	  0.000000	
  0.500000	  0.000000	  0.500000	  0.000000	

URL http://cisbp.ccbr.utoronto.ca/TFreport.php?searchTF=T086091_1.02

MOTIF M4343_1.02 (Cd36_31600)_(Saccharomyces_cerevisiae)_(DBD_0.48)

letter-probability matrix: alength= 4 w= 16 nsites= 1 E= 0
  0.088000	  0.066000	  0.637000	  0.209000	
  0.062000	  0.064000	  0.851000	  0.023000	
  0.030000	  0.113000	  0.052000	  0.805000	
  0.239000	  0.048000	  0.062000	  0.651000	
  0.200200	  0.127127	  0.624625	  0.048048	
  0.007007	  0.752753	  0.012012	  0.228228	
  0.038000	  0.702000	  0.054000	  0.206000	
  0.646000	  0.055000	  0.207000	  0.092000	
  0.027000	  0.190000	  0.060000	  0.723000	
  0.223000	  0.029000	  0.718000	  0.030000	
  0.215000	  0.199000	  0.535000	  0.051000	
  0.084000	  0.660000	  0.022000	  0.234000	
  0.616617	  0.109109	  0.240240	  0.034034	
  0.871000	  0.013000	  0.102000	  0.014000	
  0.083000	  0.749000	  0.109000	  0.059000	
  0.078000	  0.181000	  0.694000	  0.047000	

URL http://cisbp.ccbr.utoronto.ca/TFreport.php?searchTF=T139162_1.02

MOTIF M4351_1.02 (Cd36_84830)_(Saccharomyces_cerevisiae)_(DBD_0.96)

letter-probability matrix: alength= 4 w= 21 nsites= 1 E= 0
  0.208696	  0.405151	  0.169819	  0.216333	
  0.324620	  0.374099	  0.083387	  0.217895	
  0.301249	  0.154976	  0.428176	  0.115598	
  0.306024	  0.165499	  0.201064	  0.327413	
  0.459041	  0.103429	  0.354844	  0.082686	
  0.376416	  0.091208	  0.405793	  0.126584	
  0.782067	  0.073699	  0.071140	  0.073094	
  0.898580	  0.035998	  0.046491	  0.018931	
  0.904580	  0.009331	  0.050773	  0.035316	
  0.855891	  0.014949	  0.042479	  0.086681	
  0.408314	  0.016047	  0.034020	  0.541619	
  0.086681	  0.042479	  0.014949	  0.855891	
  0.035316	  0.050773	  0.009331	  0.904580	
  0.018931	  0.046491	  0.035998	  0.898580	
  0.073094	  0.071140	  0.073699	  0.782067	
  0.082090	  0.342064	  0.042679	  0.533167	
  0.271462	  0.297502	  0.077857	  0.353179	
  0.238045	  0.293678	  0.217545	  0.250731	
  0.343065	  0.192549	  0.174988	  0.289398	
  0.309174	  0.194568	  0.293870	  0.202389	
  0.250790	  0.161885	  0.159905	  0.427421	

URL http://cisbp.ccbr.utoronto.ca/TFreport.php?searchTF=T067982_1.02

MOTIF M4353_1.02 (Cd36_82190)_(Saccharomyces_cerevisiae)_(DBD_0.57)

letter-probability matrix: alength= 4 w= 8 nsites= 1 E= 0
  0.008288	  0.000990	  0.000990	  0.989732	
  0.010035	  0.000973	  0.015509	  0.973482	
  0.737797	  0.104878	  0.104929	  0.052396	
  0.015762	  0.590638	  0.309112	  0.084488	
  0.254049	  0.072890	  0.672389	  0.000672	
  0.031668	  0.000966	  0.000966	  0.966400	
  0.727478	  0.081121	  0.190673	  0.000727	
  0.990765	  0.003606	  0.004638	  0.000991	

URL http://cisbp.ccbr.utoronto.ca/TFreport.php?searchTF=T030560_1.02

MOTIF M4358_1.02 (Cd36_12870)_(Saccharomyces_cerevisiae)_(DBD_0.74)

letter-probability matrix: alength= 4 w= 21 nsites= 1 E= 0
  0.238137	  0.351012	  0.318876	  0.091974	
  0.304244	  0.218676	  0.268163	  0.208917	
  0.183252	  0.334601	  0.161611	  0.320536	
  0.380384	  0.205961	  0.136230	  0.277425	
  0.361194	  0.083363	  0.272196	  0.283247	
  0.314341	  0.158488	  0.325605	  0.201566	
  0.223861	  0.008509	  0.078272	  0.689359	
  0.001687	  0.002580	  0.991893	  0.003841	
  0.081869	  0.803549	  0.002038	  0.112544	
  0.002807	  0.003670	  0.992575	  0.000947	
  0.001829	  0.002616	  0.993720	  0.001835	
  0.028000	  0.000382	  0.970390	  0.001228	
  0.001832	  0.000673	  0.957292	  0.040203	
  0.055743	  0.069990	  0.081078	  0.793189	
  0.692062	  0.073178	  0.107723	  0.127037	
  0.311437	  0.113318	  0.345056	  0.230189	
  0.091252	  0.320491	  0.122052	  0.466205	
  0.368966	  0.155747	  0.180509	  0.294778	
  0.144665	  0.505633	  0.101710	  0.247992	
  0.391596	  0.070070	  0.375890	  0.162444	
  0.233430	  0.281348	  0.171032	  0.314191	

URL http://cisbp.ccbr.utoronto.ca/TFreport.php?searchTF=T067959_1.02

MOTIF M4366_1.02 (Cd36_70830)_(Saccharomyces_cerevisiae)_(DBD_0.86)

letter-probability matrix: alength= 4 w= 20 nsites= 1 E= 0
  0.247387	  0.159698	  0.111426	  0.481488	
  0.167380	  0.275851	  0.314154	  0.242614	
  0.169124	  0.204936	  0.102300	  0.523640	
  0.089436	  0.084552	  0.161973	  0.664039	
  0.170372	  0.033669	  0.129287	  0.666672	
  0.130139	  0.808174	  0.009383	  0.052304	
  0.011105	  0.812592	  0.007233	  0.169071	
  0.121686	  0.405354	  0.243077	  0.229883	
  0.601855	  0.076270	  0.171089	  0.150786	
  0.663071	  0.007104	  0.035697	  0.294128	
  0.294128	  0.035697	  0.007104	  0.663071	
  0.150786	  0.171089	  0.076270	  0.601855	
  0.169982	  0.443223	  0.270397	  0.116398	
  0.169071	  0.007233	  0.812592	  0.011105	
  0.052304	  0.009383	  0.808174	  0.130139	
  0.721932	  0.093347	  0.103155	  0.081565	
  0.479693	  0.291824	  0.080904	  0.147579	
  0.547301	  0.066068	  0.216109	  0.170522	
  0.176817	  0.317440	  0.108132	  0.397611	
  0.247463	  0.235867	  0.262819	  0.253851	

URL http://cisbp.ccbr.utoronto.ca/TFreport.php?searchTF=T112847_1.02

MOTIF M4375_1.02 (Cd36_85720)_(Saccharomyces_cerevisiae)_(DBD_0.71)

letter-probability matrix: alength= 4 w= 9 nsites= 1 E= 0
  0.079001	  0.082062	  0.764130	  0.074807	
  0.212205	  0.071026	  0.295015	  0.421755	
  0.002743	  0.003419	  0.990721	  0.003117	
  0.000000	  0.000000	  1.000000	  0.000000	
  0.000000	  1.000000	  0.000000	  0.000000	
  0.005487	  0.006838	  0.356441	  0.631234	
  0.109965	  0.221151	  0.302010	  0.366874	
  0.324101	  0.172824	  0.217040	  0.286035	
  0.142660	  0.177801	  0.477983	  0.201556	

URL http://cisbp.ccbr.utoronto.ca/TFreport.php?searchTF=T067984_1.02

MOTIF M4376_1.02 (Cd36_80620)_(Saccharomyces_cerevisiae)_(DBD_0.74)

letter-probability matrix: alength= 4 w= 20 nsites= 1 E= 0
  0.240122	  0.196861	  0.220816	  0.342201	
  0.277890	  0.146179	  0.267804	  0.308128	
  0.341839	  0.174534	  0.219739	  0.263888	
  0.571702	  0.146030	  0.143912	  0.138356	
  0.495698	  0.110596	  0.176615	  0.217091	
  0.379266	  0.157960	  0.126669	  0.336105	
  0.179551	  0.004748	  0.813593	  0.002108	
  0.014558	  0.004260	  0.000952	  0.980230	
  0.950367	  0.047308	  0.000771	  0.001554	
  0.979678	  0.011390	  0.000976	  0.007956	
  0.986667	  0.001016	  0.002691	  0.009625	
  0.001767	  0.797833	  0.001297	  0.199103	
  0.989636	  0.001249	  0.003667	  0.005447	
  0.823954	  0.069661	  0.032500	  0.073884	
  0.684172	  0.025110	  0.106580	  0.184138	
  0.212491	  0.210952	  0.446148	  0.130410	
  0.353169	  0.173423	  0.321436	  0.151971	
  0.208011	  0.239547	  0.274318	  0.278123	
  0.315164	  0.071640	  0.432442	  0.180754	
  0.338566	  0.263541	  0.274442	  0.123450	

URL http://cisbp.ccbr.utoronto.ca/TFreport.php?searchTF=T083459_1.02

MOTIF M4392_1.02 (Cd36_27450)_(Saccharomyces_cerevisiae)_(DBD_0.72)

letter-probability matrix: alength= 4 w= 9 nsites= 1 E= 0
  0.625000	  0.125000	  0.125000	  0.125000	
  1.000000	  0.000000	  0.000000	  0.000000	
  1.000000	  0.000000	  0.000000	  0.000000	
  0.875000	  0.125000	  0.000000	  0.000000	
  0.750000	  0.000000	  0.250000	  0.000000	
  0.000000	  0.000000	  1.000000	  0.000000	
  0.781250	  0.156250	  0.031250	  0.031250	
  0.812500	  0.062500	  0.062500	  0.062500	
  0.625000	  0.125000	  0.125000	  0.125000	

URL http://cisbp.ccbr.utoronto.ca/TFreport.php?searchTF=T067967_1.02

MOTIF M4412_1.02 (Cd36_31890)_(Saccharomyces_cerevisiae)_(DBD_0.72)

letter-probability matrix: alength= 4 w= 5 nsites= 1 E= 0
  0.996835	  0.001055	  0.001055	  0.001055	
  0.203586	  0.001055	  0.794304	  0.001055	
  0.001055	  0.001055	  0.996835	  0.001055	
  0.001055	  0.001055	  0.996835	  0.001055	
  0.001055	  0.001055	  0.996835	  0.001055	

URL http://cisbp.ccbr.utoronto.ca/TFreport.php?searchTF=T067968_1.02

MOTIF M4414_1.02 (Cd36_12620)_(Saccharomyces_cerevisiae)_(DBD_0.75)

letter-probability matrix: alength= 4 w= 6 nsites= 1 E= 0
  0.000000	  0.500000	  0.500000	  0.000000	
  0.500000	  0.500000	  0.000000	  0.000000	
  0.000000	  0.000000	  1.000000	  0.000000	
  0.000000	  0.000000	  1.000000	  0.000000	
  0.000000	  0.500000	  0.500000	  0.000000	
  0.000000	  0.000000	  1.000000	  0.000000	

URL http://cisbp.ccbr.utoronto.ca/TFreport.php?searchTF=T071973_1.02

