MEME version 4

ALPHABET= ACGT

strands: + -

Background letter frequencies (from uniform background):
A 0.25000 C 0.25000 G 0.25000 T 0.25000 

MOTIF M0085_1.02 (estExt_Genewise1Plus.C_10142)_(Mus_musculus)_(DBD_0.75)

letter-probability matrix: alength= 4 w= 10 nsites= 1 E= 0
  0.213214	  0.176319	  0.135951	  0.474516	
  0.222124	  0.321576	  0.134725	  0.321576	
  0.004784	  0.213834	  0.753855	  0.027528	
  0.000431	  0.961004	  0.000168	  0.038397	
  0.000296	  0.937765	  0.000164	  0.061775	
  0.001274	  0.327763	  0.135950	  0.535013	
  0.122837	  0.314460	  0.391841	  0.170862	
  0.454990	  0.254748	  0.230506	  0.059756	
  0.118505	  0.001133	  0.841307	  0.039054	
  0.002871	  0.001657	  0.957955	  0.037517	

URL http://cisbp.ccbr.utoronto.ca/TFreport.php?searchTF=T005055_1.02

MOTIF M0105_1.02 (gw1.153.44.1)_(Mus_musculus)_(DBD_0.87)

letter-probability matrix: alength= 4 w= 9 nsites= 1 E= 0
  0.265180	  0.185010	  0.202433	  0.347377	
  0.185396	  0.187259	  0.108039	  0.519306	
  0.151265	  0.141039	  0.100387	  0.607308	
  0.095920	  0.138866	  0.056459	  0.708755	
  0.354424	  0.113351	  0.333784	  0.198441	
  0.739186	  0.094212	  0.057143	  0.109459	
  0.023279	  0.024473	  0.020037	  0.932211	
  0.285933	  0.246105	  0.089636	  0.378326	
  0.254088	  0.232219	  0.267115	  0.246578	

URL http://cisbp.ccbr.utoronto.ca/TFreport.php?searchTF=T008122_1.02

MOTIF M0175_1.02 (fgenesh1_pg.C_scaffold_78000044)_(Mus_musculus)_(DBD_0.65)

letter-probability matrix: alength= 4 w= 9 nsites= 1 E= 0
  0.237177	  0.246857	  0.223365	  0.292601	
  0.263053	  0.221929	  0.327785	  0.187233	
  0.059666	  0.787422	  0.047407	  0.105506	
  0.799512	  0.000774	  0.059383	  0.140331	
  0.018558	  0.805027	  0.000347	  0.176069	
  0.048592	  0.094015	  0.857013	  0.000380	
  0.032567	  0.226622	  0.003298	  0.737513	
  0.075226	  0.001633	  0.788785	  0.134356	
  0.183543	  0.327814	  0.217554	  0.271089	

URL http://cisbp.ccbr.utoronto.ca/TFreport.php?searchTF=T019500_1.02

MOTIF M0178_1.02 (e_gw1.32.74.1)_(Mus_musculus)_(DBD_0.75)

letter-probability matrix: alength= 4 w= 10 nsites= 1 E= 0
  0.315548	  0.181281	  0.304970	  0.198202	
  0.342567	  0.215650	  0.329097	  0.112687	
  0.036295	  0.956859	  0.000000	  0.006845	
  0.887444	  0.026036	  0.052040	  0.034479	
  0.022313	  0.233167	  0.582932	  0.161589	
  0.161589	  0.582932	  0.233167	  0.022313	
  0.034479	  0.052040	  0.026036	  0.887444	
  0.006845	  0.000000	  0.956859	  0.036295	
  0.112687	  0.329097	  0.215650	  0.342567	
  0.198202	  0.304970	  0.181281	  0.315548	

URL http://cisbp.ccbr.utoronto.ca/TFreport.php?searchTF=T019033_1.02

MOTIF M0184_1.02 (gw1.14.63.1)_(Mus_musculus)_(DBD_0.76)

letter-probability matrix: alength= 4 w= 9 nsites= 1 E= 0
  0.267667	  0.262367	  0.202299	  0.267667	
  0.266552	  0.251029	  0.393692	  0.088727	
  0.012172	  0.981588	  0.003630	  0.002610	
  0.970200	  0.006603	  0.007749	  0.015448	
  0.005096	  0.134094	  0.852816	  0.007993	
  0.093201	  0.112703	  0.784273	  0.009823	
  0.001777	  0.039843	  0.000291	  0.958089	
  0.005090	  0.000808	  0.989542	  0.004560	
  0.062982	  0.344762	  0.233424	  0.358832	

URL http://cisbp.ccbr.utoronto.ca/TFreport.php?searchTF=T020092_1.02

MOTIF M0194_1.02 (estExt_Genewise1Plus.C_1550081)_(Mus_musculus)_(DBD_0.95)

letter-probability matrix: alength= 4 w= 10 nsites= 1 E= 0
  0.361199	  0.183013	  0.272775	  0.183013	
  0.138914	  0.651658	  0.134874	  0.074555	
  0.000046	  0.999862	  0.000046	  0.000046	
  0.999862	  0.000046	  0.000046	  0.000046	
  0.000046	  0.000046	  0.000046	  0.999862	
  0.999862	  0.000046	  0.000046	  0.000046	
  0.000046	  0.000046	  0.000046	  0.999862	
  0.000046	  0.000046	  0.999862	  0.000046	
  0.067033	  0.298563	  0.220536	  0.413869	
  0.175491	  0.236272	  0.175491	  0.412746	

URL http://cisbp.ccbr.utoronto.ca/TFreport.php?searchTF=T019395_1.02

MOTIF M0213_1.02 (gw1.8.78.1)_(Mus_musculus)_(DBD_0.95)

letter-probability matrix: alength= 4 w= 11 nsites= 1 E= 0
  0.201784	  0.295980	  0.300452	  0.201784	
  0.274925	  0.079923	  0.079923	  0.565228	
  0.731885	  0.120705	  0.024371	  0.123039	
  0.189822	  0.517890	  0.000302	  0.291985	
  0.195173	  0.614669	  0.000302	  0.189856	
  0.809704	  0.000302	  0.000302	  0.189691	
  0.000302	  0.194479	  0.093488	  0.711731	
  0.905907	  0.000302	  0.000302	  0.093488	
  0.243671	  0.144721	  0.237061	  0.374546	
  0.170379	  0.170379	  0.392660	  0.266582	
  0.225931	  0.225931	  0.322206	  0.225931	

URL http://cisbp.ccbr.utoronto.ca/TFreport.php?searchTF=T020177_1.02

MOTIF M0214_1.02 (gw1.275.68.1)_(Mus_musculus)_(DBD_0.87)

letter-probability matrix: alength= 4 w= 9 nsites= 1 E= 0
  0.745050	  0.002475	  0.250000	  0.002475	
  0.747512	  0.250000	  0.001244	  0.001244	
  0.001244	  0.996269	  0.001244	  0.001244	
  0.996269	  0.001244	  0.001244	  0.001244	
  0.001244	  0.001244	  0.374378	  0.623134	
  0.623134	  0.374378	  0.001244	  0.001244	
  0.001244	  0.001244	  0.001244	  0.996269	
  0.001244	  0.001244	  0.996269	  0.001244	
  0.002475	  0.002475	  0.497525	  0.497525	

URL http://cisbp.ccbr.utoronto.ca/TFreport.php?searchTF=T020116_1.02

MOTIF M0221_1.02 (e_gw1.88.17.1)_(Mus_musculus)_(DBD_0.77)

letter-probability matrix: alength= 4 w= 9 nsites= 1 E= 0
  0.188660	  0.365019	  0.265058	  0.181263	
  0.161107	  0.707733	  0.075344	  0.055816	
  0.553702	  0.064497	  0.272224	  0.109577	
  0.016383	  0.817513	  0.076422	  0.089682	
  0.280383	  0.069142	  0.649469	  0.001006	
  0.058979	  0.006216	  0.030483	  0.904321	
  0.000165	  0.000010	  0.999805	  0.000020	
  0.194467	  0.254745	  0.333707	  0.217080	
  0.178079	  0.273753	  0.233277	  0.314891	

URL http://cisbp.ccbr.utoronto.ca/TFreport.php?searchTF=T019071_1.02

MOTIF M0240_1.02 (estExt_fgenesh1_pg.C_1730023)_(Caenorhabditis_elegans)_(DBD_0.80)

letter-probability matrix: alength= 4 w= 8 nsites= 1 E= 0
  0.000000	  0.000000	  0.000000	  1.000000	
  0.000000	  1.000000	  0.000000	  0.000000	
  1.000000	  0.000000	  0.000000	  0.000000	
  0.000000	  1.000000	  0.000000	  0.000000	
  0.000000	  0.000000	  1.000000	  0.000000	
  0.000000	  0.000000	  0.000000	  1.000000	
  0.000000	  0.000000	  1.000000	  0.000000	
  0.666667	  0.000000	  0.000000	  0.333333	

URL http://cisbp.ccbr.utoronto.ca/TFreport.php?searchTF=T019149_1.02

MOTIF M0300_1.02 (e_gw1.2604.1.1)_(Mus_musculus)_(DBD_0.68)

letter-probability matrix: alength= 4 w= 10 nsites= 1 E= 0
  0.291870	  0.184253	  0.277636	  0.246241	
  0.530199	  0.133387	  0.274034	  0.062380	
  0.035631	  0.062379	  0.001238	  0.900752	
  0.073796	  0.082377	  0.556301	  0.287525	
  0.757933	  0.025806	  0.125285	  0.090976	
  0.084682	  0.638364	  0.084682	  0.192271	
  0.156906	  0.065082	  0.710273	  0.067738	
  0.117142	  0.166233	  0.068950	  0.647675	
  0.368627	  0.407396	  0.102492	  0.121484	
  0.489340	  0.124345	  0.187365	  0.198951	

URL http://cisbp.ccbr.utoronto.ca/TFreport.php?searchTF=T028707_1.02

MOTIF M0313_1.02 (estExt_Genewise1Plus.C_1380034)_(Mus_musculus)_(DBD_0.57)

letter-probability matrix: alength= 4 w= 10 nsites= 1 E= 0
  0.231876	  0.201583	  0.288935	  0.277606	
  0.445882	  0.170725	  0.317366	  0.066026	
  0.064153	  0.042152	  0.047053	  0.846642	
  0.027177	  0.055277	  0.142931	  0.774614	
  0.304859	  0.000145	  0.492675	  0.202320	
  0.087581	  0.673554	  0.077678	  0.161187	
  0.302455	  0.164339	  0.376882	  0.156324	
  0.234880	  0.313900	  0.134166	  0.317055	
  0.391736	  0.281628	  0.160869	  0.165768	
  0.466130	  0.183913	  0.171480	  0.178478	

URL http://cisbp.ccbr.utoronto.ca/TFreport.php?searchTF=T029149_1.02

MOTIF M0319_1.02 (estExt_Genewise1Plus.C_2390031)_(Mus_musculus)_(DBD_0.86)

letter-probability matrix: alength= 4 w= 10 nsites= 1 E= 0
  0.183122	  0.183122	  0.270541	  0.363215	
  0.645397	  0.087274	  0.180054	  0.087274	
  0.000184	  0.000184	  0.000184	  0.999448	
  0.000184	  0.000184	  0.724689	  0.274944	
  0.999448	  0.000184	  0.000184	  0.000184	
  0.000184	  0.999448	  0.000184	  0.000184	
  0.000184	  0.000184	  0.999448	  0.000184	
  0.000184	  0.000184	  0.000184	  0.999448	
  0.547966	  0.317911	  0.067062	  0.067062	
  0.511272	  0.162909	  0.162909	  0.162909	

URL http://cisbp.ccbr.utoronto.ca/TFreport.php?searchTF=T029156_1.02

MOTIF M0323_1.02 (estExt_Genewise1Plus.C_5620021)_(Caenorhabditis_elegans)_(DBD_0.63)

letter-probability matrix: alength= 4 w= 13 nsites= 1 E= 0
  0.230644	  0.230644	  0.230644	  0.308069	
  0.230644	  0.230644	  0.308069	  0.230644	
  0.195361	  0.042431	  0.042431	  0.719777	
  0.105121	  0.022865	  0.128036	  0.743978	
  0.853680	  0.022865	  0.100590	  0.022865	
  0.000176	  0.673192	  0.000176	  0.326456	
  0.236202	  0.000176	  0.687605	  0.076018	
  0.076018	  0.420964	  0.077601	  0.425417	
  0.790056	  0.095374	  0.019532	  0.095037	
  0.780883	  0.097796	  0.019532	  0.101789	
  0.376765	  0.207745	  0.207745	  0.207745	
  0.227311	  0.227311	  0.227311	  0.318067	
  0.318067	  0.227311	  0.227311	  0.227311	

URL http://cisbp.ccbr.utoronto.ca/TFreport.php?searchTF=T029171_1.02

MOTIF M0392_1.02 (e_gw1.176.33.1)_(Mus_musculus)_(DBD_0.88)

letter-probability matrix: alength= 4 w= 9 nsites= 1 E= 0
  0.249730	  0.075696	  0.598878	  0.075696	
  0.000046	  0.000046	  0.694134	  0.305774	
  0.000046	  0.000046	  0.999863	  0.000046	
  0.000046	  0.084914	  0.914995	  0.000046	
  0.000046	  0.000046	  0.999863	  0.000046	
  0.000046	  0.914995	  0.084914	  0.000046	
  0.000046	  0.000046	  0.999863	  0.000046	
  0.000046	  0.000046	  0.582071	  0.417838	
  0.174350	  0.174350	  0.476951	  0.174350	

URL http://cisbp.ccbr.utoronto.ca/TFreport.php?searchTF=T062550_1.02

MOTIF M0396_1.02 (estExt_Genewise1.C_2190045)_(Mus_musculus)_(DBD_0.76)

letter-probability matrix: alength= 4 w= 10 nsites= 1 E= 0
  0.421366	  0.195525	  0.181878	  0.201232	
  0.443805	  0.205154	  0.147552	  0.203489	
  0.163505	  0.668656	  0.069838	  0.098002	
  0.486448	  0.000004	  0.513153	  0.000396	
  0.006671	  0.000189	  0.993136	  0.000004	
  0.203978	  0.028198	  0.090710	  0.677114	
  0.859283	  0.000001	  0.104554	  0.036161	
  0.044236	  0.000000	  0.942389	  0.013374	
  0.034714	  0.675756	  0.116217	  0.173312	
  0.351094	  0.201449	  0.184650	  0.262806	

URL http://cisbp.ccbr.utoronto.ca/TFreport.php?searchTF=T063953_1.02

MOTIF M0415_1.02 (e_gw1.100.7.1)_(Mus_musculus)_(DBD_0.79)

letter-probability matrix: alength= 4 w= 8 nsites= 1 E= 0
  0.314286	  0.285714	  0.257143	  0.142857	
  0.018519	  0.018519	  0.018519	  0.944444	
  0.946429	  0.017857	  0.017857	  0.017857	
  0.875000	  0.017857	  0.089286	  0.017857	
  0.017857	  0.946429	  0.017857	  0.017857	
  0.017857	  0.017857	  0.946429	  0.017857	
  0.017857	  0.017857	  0.910714	  0.053571	
  0.200000	  0.225000	  0.200000	  0.375000	

URL http://cisbp.ccbr.utoronto.ca/TFreport.php?searchTF=T062427_1.02

MOTIF M0422_1.02 (estExt_Genewise1.C_1820007)_(Mus_musculus)_(DBD_0.86)

letter-probability matrix: alength= 4 w= 10 nsites= 1 E= 0
  0.099420	  0.445568	  0.350496	  0.104517	
  0.165680	  0.468744	  0.100490	  0.265087	
  0.353510	  0.011916	  0.594613	  0.039961	
  0.000395	  0.066783	  0.736166	  0.196656	
  0.000102	  0.013897	  0.926755	  0.059245	
  0.132555	  0.042394	  0.663148	  0.161903	
  0.092275	  0.114981	  0.655087	  0.137657	
  0.080950	  0.000229	  0.832002	  0.086820	
  0.000241	  0.253500	  0.164904	  0.581356	
  0.234156	  0.462196	  0.203566	  0.100082	

URL http://cisbp.ccbr.utoronto.ca/TFreport.php?searchTF=T063948_1.02

MOTIF M0457_1.02 (gw1.98.63.1)_(Caenorhabditis_elegans)_(DBD_0.71)

letter-probability matrix: alength= 4 w= 9 nsites= 1 E= 0
  0.246654	  0.214431	  0.234624	  0.304291	
  0.282361	  0.233501	  0.215548	  0.268590	
  0.155541	  0.163515	  0.427053	  0.253891	
  0.186643	  0.029642	  0.589455	  0.194260	
  0.052401	  0.262151	  0.198129	  0.487319	
  0.008957	  0.049027	  0.927396	  0.014620	
  0.913559	  0.014258	  0.026242	  0.045941	
  0.001742	  0.977680	  0.001180	  0.019398	
  0.639025	  0.144019	  0.156014	  0.060943	

URL http://cisbp.ccbr.utoronto.ca/TFreport.php?searchTF=T066251_1.02

MOTIF M0602_1.02 (estExt_fgenesh1_pg.C_2820007)_(Strongylocentrotus_purpuratus)_(DBD_0.90)

letter-probability matrix: alength= 4 w= 10 nsites= 1 E= 0
  0.334306	  0.105854	  0.260358	  0.299483	
  0.098465	  0.109915	  0.064053	  0.727567	
  0.111151	  0.079114	  0.036266	  0.773469	
  0.056820	  0.257210	  0.007463	  0.678507	
  0.365262	  0.099546	  0.464339	  0.070854	
  0.583532	  0.125098	  0.106602	  0.184768	
  0.536686	  0.140529	  0.140529	  0.182256	
  0.252363	  0.226075	  0.141297	  0.380265	
  0.252666	  0.215308	  0.190961	  0.341064	
  0.251219	  0.207748	  0.211945	  0.329088	

URL http://cisbp.ccbr.utoronto.ca/TFreport.php?searchTF=T074076_1.02

MOTIF M0622_1.02 (gw1.58.79.1)_(Caenorhabditis_elegans)_(DBD_0.89)

letter-probability matrix: alength= 4 w= 10 nsites= 1 E= 0
  0.399025	  0.136869	  0.188486	  0.275620	
  0.310127	  0.107445	  0.086227	  0.496201	
  0.141909	  0.062501	  0.661946	  0.133645	
  0.088249	  0.038098	  0.002204	  0.871450	
  0.698396	  0.039204	  0.103419	  0.158981	
  0.217536	  0.066179	  0.106951	  0.609334	
  0.133729	  0.655771	  0.067075	  0.143425	
  0.388300	  0.157871	  0.198697	  0.255132	
  0.411135	  0.162215	  0.172246	  0.254404	
  0.291260	  0.149040	  0.185715	  0.373985	

URL http://cisbp.ccbr.utoronto.ca/TFreport.php?searchTF=T075398_1.02

MOTIF M0633_1.02 (gw1.451.51.1)_(Homo_sapiens)_(DBD_0.94)

letter-probability matrix: alength= 4 w= 10 nsites= 1 E= 0
  0.152291	  0.152291	  0.246263	  0.449154	
  0.765274	  0.048025	  0.048025	  0.138675	
  0.999536	  0.000155	  0.000155	  0.000155	
  0.000155	  0.000155	  0.000155	  0.999536	
  0.129788	  0.000155	  0.489012	  0.381045	
  0.000155	  0.000155	  0.000155	  0.999536	
  0.908886	  0.000155	  0.000155	  0.090805	
  0.091796	  0.000155	  0.000155	  0.907895	
  0.279387	  0.195482	  0.097864	  0.427268	
  0.393611	  0.202130	  0.202130	  0.202130	

URL http://cisbp.ccbr.utoronto.ca/TFreport.php?searchTF=T075396_1.02

MOTIF M0638_1.02 (estExt_fgenesh1_pg.C_4980001)_(Xenopus_tropicalis)_(DBD_0.96)

letter-probability matrix: alength= 4 w= 8 nsites= 1 E= 0
  0.378267	  0.195508	  0.164943	  0.261282	
  0.375292	  0.175512	  0.126179	  0.323017	
  0.285151	  0.129414	  0.071024	  0.514410	
  0.172389	  0.072223	  0.561019	  0.194368	
  0.181021	  0.077371	  0.070712	  0.670896	
  0.389944	  0.092388	  0.168343	  0.349325	
  0.309791	  0.096149	  0.234135	  0.359926	
  0.204176	  0.411161	  0.159013	  0.225650	

URL http://cisbp.ccbr.utoronto.ca/TFreport.php?searchTF=T075374_1.02

MOTIF M0710_1.02 (gw1.70.19.1)_(Mus_musculus)_(DBD_0.96)

letter-probability matrix: alength= 4 w= 10 nsites= 1 E= 0
  0.273969	  0.224307	  0.302782	  0.198942	
  0.487672	  0.100448	  0.244604	  0.167276	
  0.092545	  0.704648	  0.163645	  0.039162	
  0.101165	  0.886031	  0.012143	  0.000661	
  0.000629	  0.000385	  0.998745	  0.000241	
  0.003523	  0.004524	  0.991646	  0.000307	
  0.973452	  0.007177	  0.011033	  0.008338	
  0.692543	  0.034137	  0.018548	  0.254772	
  0.273496	  0.101625	  0.596624	  0.028255	
  0.097991	  0.269045	  0.080229	  0.552735	

URL http://cisbp.ccbr.utoronto.ca/TFreport.php?searchTF=T079051_1.02

MOTIF M0713_1.02 (gw1.419.23.1)_(Drosophila_melanogaster)_(DBD_0.69)

letter-probability matrix: alength= 4 w= 8 nsites= 1 E= 0
  0.001244	  0.996269	  0.001244	  0.001244	
  0.000996	  0.997012	  0.000996	  0.000996	
  0.000996	  0.000996	  0.997012	  0.000996	
  0.000996	  0.000996	  0.997012	  0.000996	
  0.997012	  0.000996	  0.000996	  0.000996	
  0.897410	  0.000996	  0.000996	  0.100598	
  0.332965	  0.001106	  0.664823	  0.001106	
  0.001420	  0.285511	  0.001420	  0.711648	

URL http://cisbp.ccbr.utoronto.ca/TFreport.php?searchTF=T079047_1.02

MOTIF M0716_1.02 (e_gw1.158.7.1)_(Ciona_intestinalis)_(DBD_0.45)

letter-probability matrix: alength= 4 w= 9 nsites= 1 E= 0
  0.368242	  0.114290	  0.468127	  0.049340	
  0.308395	  0.076049	  0.024813	  0.590743	
  0.646708	  0.181616	  0.004022	  0.167653	
  0.772964	  0.084795	  0.023109	  0.119132	
  0.851766	  0.032050	  0.072046	  0.044138	
  0.047651	  0.799427	  0.020778	  0.132144	
  0.913005	  0.021906	  0.025965	  0.039124	
  0.603968	  0.130781	  0.103910	  0.161341	
  0.205251	  0.355752	  0.205251	  0.233746	

URL http://cisbp.ccbr.utoronto.ca/TFreport.php?searchTF=T083052_1.02

MOTIF M0723_1.02 (e_gw1.6.120.1)_(Mus_musculus)_(DBD_0.96)

letter-probability matrix: alength= 4 w= 10 nsites= 1 E= 0
  0.304424	  0.223279	  0.262020	  0.210276	
  0.213777	  0.233909	  0.245902	  0.306412	
  0.293934	  0.159709	  0.385043	  0.161314	
  0.246234	  0.175262	  0.129837	  0.448667	
  0.528194	  0.286995	  0.062145	  0.122666	
  0.598965	  0.187767	  0.067034	  0.146233	
  0.718961	  0.066540	  0.146615	  0.067884	
  0.033458	  0.590092	  0.077500	  0.298951	
  0.671272	  0.049858	  0.121410	  0.157460	
  0.326891	  0.210530	  0.210530	  0.252050	

URL http://cisbp.ccbr.utoronto.ca/TFreport.php?searchTF=T083078_1.02

MOTIF M0728_1.02 (estExt_fgenesh1_pg.C_8020003)_(Mus_musculus)_(DBD_0.74)

letter-probability matrix: alength= 4 w= 12 nsites= 1 E= 0
  0.394926	  0.201691	  0.201691	  0.201691	
  0.357836	  0.147163	  0.347838	  0.147163	
  0.159006	  0.172368	  0.068783	  0.599842	
  0.841382	  0.113021	  0.022798	  0.022798	
  0.999531	  0.000156	  0.000156	  0.000156	
  0.999531	  0.000156	  0.000156	  0.000156	
  0.000156	  0.999531	  0.000156	  0.000156	
  0.999531	  0.000156	  0.000156	  0.000156	
  0.854605	  0.048465	  0.048465	  0.048465	
  0.691020	  0.102993	  0.102993	  0.102993	
  0.181373	  0.360053	  0.181373	  0.277201	
  0.317926	  0.227358	  0.227358	  0.227358	

URL http://cisbp.ccbr.utoronto.ca/TFreport.php?searchTF=T083121_1.02

MOTIF M0736_1.02 (gw1.151.3.1)_(Mus_musculus)_(DBD_0.92)

letter-probability matrix: alength= 4 w= 8 nsites= 1 E= 0
  0.309467	  0.142959	  0.547336	  0.000238	
  0.295052	  0.000164	  0.000164	  0.704620	
  0.619510	  0.295749	  0.000141	  0.084600	
  0.888534	  0.069545	  0.000139	  0.041782	
  0.999584	  0.000139	  0.000139	  0.000139	
  0.000139	  0.957940	  0.000139	  0.041782	
  0.999572	  0.000143	  0.000143	  0.000143	
  0.660068	  0.132164	  0.056750	  0.151018	

URL http://cisbp.ccbr.utoronto.ca/TFreport.php?searchTF=T083270_1.02

MOTIF M0737_1.02 (estExt_fgenesh1_pg.C_4750008)_(Mus_musculus)_(DBD_0.90)

letter-probability matrix: alength= 4 w= 10 nsites= 1 E= 0
  0.329842	  0.082156	  0.060257	  0.527746	
  0.520070	  0.108198	  0.255689	  0.116043	
  0.283345	  0.081996	  0.128595	  0.506065	
  0.209230	  0.033229	  0.701648	  0.055893	
  0.071321	  0.155585	  0.032694	  0.740400	
  0.638753	  0.232646	  0.070072	  0.058529	
  0.729556	  0.133278	  0.066184	  0.070983	
  0.865457	  0.036352	  0.043959	  0.054231	
  0.059316	  0.519509	  0.058726	  0.362449	
  0.777489	  0.053307	  0.067092	  0.102112	

URL http://cisbp.ccbr.utoronto.ca/TFreport.php?searchTF=T083118_1.02

MOTIF M0738_1.02 (gw1.101.93.1)_(Oryzias_latipes)_(DBD_0.61)

letter-probability matrix: alength= 4 w= 8 nsites= 1 E= 0
  0.352700	  0.000587	  0.646127	  0.000587	
  0.000384	  0.000384	  0.000384	  0.998848	
  0.922043	  0.077189	  0.000384	  0.000384	
  0.998848	  0.000384	  0.000384	  0.000384	
  0.998848	  0.000384	  0.000384	  0.000384	
  0.000384	  0.922043	  0.000384	  0.077189	
  0.998848	  0.000384	  0.000384	  0.000384	
  0.499446	  0.222284	  0.055987	  0.222284	

URL http://cisbp.ccbr.utoronto.ca/TFreport.php?searchTF=T083255_1.02

MOTIF M0756_1.02 (e_gw1.27.204.1)_(Strongylocentrotus_purpuratus)_(DBD_0.71)

letter-probability matrix: alength= 4 w= 9 nsites= 1 E= 0
  0.233668	  0.224506	  0.348592	  0.193234	
  0.280037	  0.209542	  0.191507	  0.318914	
  0.404308	  0.290666	  0.110187	  0.194839	
  0.447462	  0.238314	  0.104961	  0.209263	
  0.768976	  0.018266	  0.173306	  0.039451	
  0.016176	  0.708777	  0.031930	  0.243117	
  0.578790	  0.107871	  0.169176	  0.144162	
  0.340778	  0.228430	  0.226157	  0.204635	
  0.301280	  0.239377	  0.210196	  0.249146	

URL http://cisbp.ccbr.utoronto.ca/TFreport.php?searchTF=T083060_1.02

MOTIF M0817_1.02 (e_gw1.1.48.1)_(Drosophila_melanogaster)_(DBD_0.62)

letter-probability matrix: alength= 4 w= 8 nsites= 1 E= 0
  0.729854	  0.111199	  0.158788	  0.000159	
  0.000118	  0.011877	  0.000118	  0.987888	
  0.235301	  0.023636	  0.740945	  0.000118	
  0.047154	  0.799741	  0.141228	  0.011877	
  0.070673	  0.000118	  0.752705	  0.176505	
  0.000118	  0.000118	  0.999647	  0.000118	
  0.000118	  0.000118	  0.999647	  0.000118	
  0.055699	  0.351776	  0.092709	  0.499815	

URL http://cisbp.ccbr.utoronto.ca/TFreport.php?searchTF=T086833_1.02

MOTIF M0911_1.02 (gw1.23495.1.1)_(Mus_musculus)_(DBD_0.70)

letter-probability matrix: alength= 4 w= 10 nsites= 1 E= 0
  0.247073	  0.284202	  0.206373	  0.262352	
  0.149870	  0.075171	  0.040036	  0.734924	
  0.706549	  0.090958	  0.126519	  0.075974	
  0.851645	  0.008910	  0.044131	  0.095313	
  0.070692	  0.091682	  0.096383	  0.741243	
  0.120799	  0.217919	  0.226813	  0.434469	
  0.367812	  0.088905	  0.402450	  0.140833	
  0.215590	  0.296895	  0.274069	  0.213445	
  0.220651	  0.269503	  0.211999	  0.297847	
  0.238452	  0.238452	  0.243269	  0.279826	

URL http://cisbp.ccbr.utoronto.ca/TFreport.php?searchTF=T102028_1.02

MOTIF M0927_1.02 (gw1.243.47.1)_(Mus_musculus)_(DBD_0.91)

letter-probability matrix: alength= 4 w= 8 nsites= 1 E= 0
  0.239075	  0.258987	  0.292007	  0.209931	
  0.193409	  0.338596	  0.209518	  0.258477	
  0.196306	  0.190504	  0.105601	  0.507589	
  0.649964	  0.079592	  0.135222	  0.135222	
  0.927406	  0.055834	  0.000602	  0.016158	
  0.131551	  0.181162	  0.073655	  0.613631	
  0.187274	  0.215416	  0.200852	  0.396458	
  0.315394	  0.201104	  0.274190	  0.209311	

URL http://cisbp.ccbr.utoronto.ca/TFreport.php?searchTF=T102036_1.02

MOTIF M0928_1.02 (gw1.29.137.1)_(Mus_musculus)_(DBD_0.89)

letter-probability matrix: alength= 4 w= 7 nsites= 1 E= 0
  0.144397	  0.120611	  0.119411	  0.615582	
  0.644210	  0.107557	  0.134025	  0.114208	
  0.733858	  0.022383	  0.092602	  0.151156	
  0.080543	  0.104458	  0.116604	  0.698395	
  0.170686	  0.157563	  0.174135	  0.497616	
  0.375164	  0.124881	  0.304102	  0.195853	
  0.313095	  0.175301	  0.329148	  0.182456	

URL http://cisbp.ccbr.utoronto.ca/TFreport.php?searchTF=T102054_1.02

MOTIF M0937_1.02 (estExt_fgenesh1_pg.C_1120047)_(Mus_musculus)_(DBD_0.93)

letter-probability matrix: alength= 4 w= 7 nsites= 1 E= 0
  0.189564	  0.248322	  0.164799	  0.397314	
  0.171082	  0.164374	  0.433608	  0.230936	
  0.736823	  0.172837	  0.000112	  0.090229	
  0.119808	  0.193619	  0.030750	  0.655823	
  0.544071	  0.336662	  0.000272	  0.118995	
  0.130720	  0.456257	  0.144468	  0.268555	
  0.205555	  0.335531	  0.229457	  0.229457	

URL http://cisbp.ccbr.utoronto.ca/TFreport.php?searchTF=T101186_1.02

MOTIF M0939_1.02 (gw1.500.18.1)_(Mus_musculus)_(DBD_0.84)

letter-probability matrix: alength= 4 w= 10 nsites= 1 E= 0
  0.226902	  0.245800	  0.321989	  0.205309	
  0.242216	  0.287100	  0.200303	  0.270381	
  0.160115	  0.052242	  0.025685	  0.761958	
  0.833901	  0.014384	  0.087892	  0.063823	
  0.916212	  0.019111	  0.030884	  0.033793	
  0.098357	  0.140978	  0.128844	  0.631820	
  0.120820	  0.238483	  0.315544	  0.325154	
  0.252984	  0.097839	  0.489472	  0.159705	
  0.192219	  0.295490	  0.272772	  0.239520	
  0.187034	  0.293327	  0.188913	  0.330726	

URL http://cisbp.ccbr.utoronto.ca/TFreport.php?searchTF=T102103_1.02

MOTIF M0943_1.02 (gw1.61.82.1)_(Mus_musculus)_(DBD_0.96)

letter-probability matrix: alength= 4 w= 8 nsites= 1 E= 0
  0.281218	  0.216834	  0.307701	  0.194247	
  0.129122	  0.376440	  0.129122	  0.365315	
  0.165282	  0.184501	  0.049782	  0.600435	
  0.689510	  0.110607	  0.091467	  0.108417	
  0.925332	  0.042528	  0.028507	  0.003633	
  0.103670	  0.106828	  0.082370	  0.707132	
  0.155855	  0.155855	  0.181078	  0.507211	
  0.479837	  0.103902	  0.258126	  0.158135	

URL http://cisbp.ccbr.utoronto.ca/TFreport.php?searchTF=T102115_1.02

MOTIF M0952_1.02 (estExt_Genewise1Plus.C_1120095)_(Mus_musculus)_(DBD_0.98)

letter-probability matrix: alength= 4 w= 8 nsites= 1 E= 0
  0.177918	  0.245015	  0.196630	  0.380437	
  0.185511	  0.128139	  0.489368	  0.196982	
  0.844182	  0.107594	  0.012408	  0.035815	
  0.079962	  0.206759	  0.066790	  0.646488	
  0.600471	  0.307266	  0.010998	  0.081265	
  0.102580	  0.523557	  0.126551	  0.247311	
  0.201123	  0.352101	  0.245653	  0.201123	
  0.225861	  0.295869	  0.223613	  0.254657	

URL http://cisbp.ccbr.utoronto.ca/TFreport.php?searchTF=T101351_1.02

MOTIF M0954_1.02 (gw1.685.15.1)_(Mus_musculus)_(DBD_0.91)

letter-probability matrix: alength= 4 w= 9 nsites= 1 E= 0
  0.269860	  0.244180	  0.310413	  0.175547	
  0.222956	  0.322782	  0.189991	  0.264271	
  0.095770	  0.046616	  0.010402	  0.847212	
  0.799391	  0.056478	  0.097891	  0.046240	
  0.967307	  0.000597	  0.022077	  0.010019	
  0.039713	  0.048993	  0.055795	  0.855498	
  0.112128	  0.104548	  0.131584	  0.651740	
  0.377268	  0.097803	  0.400597	  0.124332	
  0.274391	  0.207380	  0.363054	  0.155175	

URL http://cisbp.ccbr.utoronto.ca/TFreport.php?searchTF=T102129_1.02

MOTIF M0960_1.02 (estExt_Genewise1Plus.C_530068)_(Mus_musculus)_(DBD_0.88)

letter-probability matrix: alength= 4 w= 8 nsites= 1 E= 0
  0.179449	  0.275859	  0.239820	  0.304872	
  0.098405	  0.330001	  0.069345	  0.502249	
  0.556556	  0.215243	  0.116952	  0.111249	
  0.735866	  0.107883	  0.030909	  0.125342	
  0.077738	  0.120704	  0.010521	  0.791037	
  0.332583	  0.184360	  0.088845	  0.394212	
  0.425109	  0.147281	  0.128040	  0.299569	
  0.296228	  0.237729	  0.233021	  0.233021	

URL http://cisbp.ccbr.utoronto.ca/TFreport.php?searchTF=T101371_1.02

MOTIF M0961_1.02 (estExt_Genewise1Plus.C_810019)_(Mus_musculus)_(DBD_0.93)

letter-probability matrix: alength= 4 w= 9 nsites= 1 E= 0
  0.239869	  0.317378	  0.190584	  0.252168	
  0.133763	  0.050707	  0.022333	  0.793196	
  0.850989	  0.020830	  0.051749	  0.076432	
  0.959274	  0.011777	  0.004509	  0.024439	
  0.324957	  0.077765	  0.136141	  0.461136	
  0.139125	  0.306548	  0.136371	  0.417956	
  0.193728	  0.061958	  0.611831	  0.132483	
  0.201560	  0.269370	  0.319285	  0.209785	
  0.174474	  0.290550	  0.187125	  0.347851	

URL http://cisbp.ccbr.utoronto.ca/TFreport.php?searchTF=T101377_1.02

MOTIF M0967_1.02 (estExt_Genewise1.C_3330012)_(Mus_musculus)_(DBD_0.96)

letter-probability matrix: alength= 4 w= 8 nsites= 1 E= 0
  0.222888	  0.280526	  0.201677	  0.294909	
  0.135819	  0.056902	  0.017838	  0.789441	
  0.749166	  0.066617	  0.112052	  0.072165	
  0.950512	  0.000309	  0.023975	  0.025204	
  0.033254	  0.061201	  0.073271	  0.832275	
  0.170087	  0.110643	  0.160182	  0.559089	
  0.345558	  0.104080	  0.393532	  0.156830	
  0.274902	  0.209855	  0.329118	  0.186125	

URL http://cisbp.ccbr.utoronto.ca/TFreport.php?searchTF=T101335_1.02

MOTIF M0970_1.02 (estExt_Genewise1Plus.C_9230010)_(Mus_musculus)_(DBD_0.91)

letter-probability matrix: alength= 4 w= 9 nsites= 1 E= 0
  0.212858	  0.299055	  0.164125	  0.323962	
  0.153798	  0.038307	  0.030742	  0.777153	
  0.777780	  0.031389	  0.089698	  0.101134	
  0.945835	  0.014470	  0.014615	  0.025080	
  0.045414	  0.028101	  0.156932	  0.769554	
  0.119773	  0.689246	  0.071208	  0.119773	
  0.076693	  0.566686	  0.114412	  0.242210	
  0.157784	  0.314576	  0.287500	  0.240141	
  0.219437	  0.296208	  0.221642	  0.262713	

URL http://cisbp.ccbr.utoronto.ca/TFreport.php?searchTF=T101380_1.02

MOTIF M0972_1.02 (estExt_Genewise1Plus.C_6580001)_(Mus_musculus)_(DBD_0.89)

letter-probability matrix: alength= 4 w= 8 nsites= 1 E= 0
  0.205661	  0.300734	  0.189849	  0.303757	
  0.125034	  0.075837	  0.035114	  0.764015	
  0.752473	  0.068263	  0.113678	  0.065586	
  0.947059	  0.000567	  0.020767	  0.031606	
  0.052681	  0.078591	  0.069010	  0.799717	
  0.162578	  0.134445	  0.157773	  0.545203	
  0.352715	  0.124669	  0.349206	  0.173410	
  0.314813	  0.200734	  0.311680	  0.172773	

URL http://cisbp.ccbr.utoronto.ca/TFreport.php?searchTF=T101373_1.02

MOTIF M0983_1.02 (estExt_fgenesh1_pg.C_7330009)_(Mus_musculus)_(DBD_0.93)

letter-probability matrix: alength= 4 w= 8 nsites= 1 E= 0
  0.745050	  0.002475	  0.002475	  0.250000	
  0.200397	  0.001984	  0.001984	  0.795635	
  0.001984	  0.001984	  0.001984	  0.994048	
  0.795635	  0.001984	  0.001984	  0.200397	
  0.994048	  0.001984	  0.001984	  0.001984	
  0.001984	  0.001984	  0.001984	  0.994048	
  0.200397	  0.001984	  0.001984	  0.795635	
  0.992574	  0.002475	  0.002475	  0.002475	

URL http://cisbp.ccbr.utoronto.ca/TFreport.php?searchTF=T101222_1.02

MOTIF M0986_1.02 (gw1.402.28.1)_(Mus_musculus)_(DBD_0.95)

letter-probability matrix: alength= 4 w= 8 nsites= 1 E= 0
  0.189995	  0.349674	  0.216372	  0.243959	
  0.346204	  0.117569	  0.222968	  0.313258	
  0.166529	  0.071892	  0.112750	  0.648829	
  0.124022	  0.065396	  0.678891	  0.131691	
  0.130979	  0.087798	  0.034989	  0.746234	
  0.347480	  0.244865	  0.090081	  0.317573	
  0.297997	  0.259066	  0.239148	  0.203789	
  0.241315	  0.241315	  0.234183	  0.283186	

URL http://cisbp.ccbr.utoronto.ca/TFreport.php?searchTF=T102079_1.02

MOTIF M0995_1.02 (estExt_Genewise1.C_360086)_(Mus_musculus)_(DBD_0.95)

letter-probability matrix: alength= 4 w= 7 nsites= 1 E= 0
  0.198929	  0.327978	  0.255430	  0.217663	
  0.220805	  0.126126	  0.131273	  0.521797	
  0.509991	  0.118438	  0.182070	  0.189501	
  0.706385	  0.038868	  0.107787	  0.146960	
  0.169953	  0.139146	  0.120967	  0.569934	
  0.143686	  0.234541	  0.190115	  0.431657	
  0.324622	  0.125544	  0.396494	  0.153340	

URL http://cisbp.ccbr.utoronto.ca/TFreport.php?searchTF=T101336_1.02

MOTIF M1000_1.02 (gw1.11.140.1)_(Mus_musculus)_(DBD_0.86)

letter-probability matrix: alength= 4 w= 8 nsites= 1 E= 0
  0.216987	  0.314139	  0.148389	  0.320485	
  0.078163	  0.026544	  0.007454	  0.887839	
  0.853506	  0.044228	  0.065324	  0.036942	
  0.978482	  0.000211	  0.008551	  0.012756	
  0.002825	  0.026803	  0.027897	  0.942475	
  0.104556	  0.090897	  0.098468	  0.706079	
  0.391058	  0.094524	  0.371986	  0.142431	
  0.297757	  0.193694	  0.374758	  0.133791	

URL http://cisbp.ccbr.utoronto.ca/TFreport.php?searchTF=T101954_1.02

MOTIF M1017_1.02 (estExt_Genewise1.C_8830005)_(Mus_musculus)_(DBD_0.79)

letter-probability matrix: alength= 4 w= 8 nsites= 1 E= 0
  0.260569	  0.255410	  0.285108	  0.198913	
  0.177845	  0.320830	  0.230652	  0.270673	
  0.114497	  0.403649	  0.048938	  0.432917	
  0.580843	  0.152091	  0.107177	  0.159889	
  0.790662	  0.111371	  0.053137	  0.044830	
  0.121087	  0.104221	  0.012262	  0.762430	
  0.136206	  0.248183	  0.120804	  0.494807	
  0.509367	  0.130735	  0.162905	  0.196993	

URL http://cisbp.ccbr.utoronto.ca/TFreport.php?searchTF=T101343_1.02

MOTIF M1018_1.02 (estExt_Genewise1Plus.C_160138)_(Mus_musculus)_(DBD_0.85)

letter-probability matrix: alength= 4 w= 7 nsites= 1 E= 0
  0.166165	  0.321495	  0.042224	  0.470117	
  0.399981	  0.230769	  0.126649	  0.242601	
  0.594697	  0.152635	  0.003519	  0.249149	
  0.073485	  0.207904	  0.000173	  0.718437	
  0.290140	  0.244781	  0.169078	  0.296001	
  0.318793	  0.229188	  0.201249	  0.250771	
  0.293737	  0.247815	  0.271153	  0.187295	

URL http://cisbp.ccbr.utoronto.ca/TFreport.php?searchTF=T101355_1.02

MOTIF M1020_1.02 (e_gw1.33250.3.1)_(Mus_musculus)_(DBD_0.70)

letter-probability matrix: alength= 4 w= 8 nsites= 1 E= 0
  0.245580	  0.266033	  0.173057	  0.315330	
  0.119000	  0.042484	  0.026819	  0.811696	
  0.775973	  0.070395	  0.099895	  0.053738	
  0.952272	  0.000511	  0.019863	  0.027354	
  0.039124	  0.063862	  0.062598	  0.834416	
  0.140547	  0.106223	  0.141959	  0.611271	
  0.355145	  0.111333	  0.377106	  0.156417	
  0.288606	  0.209571	  0.335312	  0.166511	

URL http://cisbp.ccbr.utoronto.ca/TFreport.php?searchTF=T100967_1.02

MOTIF M1028_1.02 (estExt_Genewise1Plus.C_1330025)_(Mus_musculus)_(DBD_0.93)

letter-probability matrix: alength= 4 w= 9 nsites= 1 E= 0
  0.184447	  0.364076	  0.184447	  0.267030	
  0.116544	  0.046445	  0.001308	  0.835703	
  0.822965	  0.097799	  0.078485	  0.000750	
  0.891592	  0.011056	  0.021179	  0.076173	
  0.116988	  0.045699	  0.100693	  0.736620	
  0.189372	  0.123188	  0.282510	  0.404930	
  0.430266	  0.105047	  0.303203	  0.161484	
  0.227412	  0.274998	  0.297901	  0.199689	
  0.184723	  0.307617	  0.234829	  0.272832	

URL http://cisbp.ccbr.utoronto.ca/TFreport.php?searchTF=T101354_1.02

MOTIF M1039_1.02 (gw1.95.32.1)_(Mus_musculus)_(DBD_0.93)

letter-probability matrix: alength= 4 w= 9 nsites= 1 E= 0
  0.242312	  0.257296	  0.295961	  0.204430	
  0.220659	  0.319456	  0.195707	  0.264177	
  0.154275	  0.070017	  0.048849	  0.726860	
  0.769056	  0.097044	  0.104080	  0.029820	
  0.865538	  0.002324	  0.041819	  0.090319	
  0.169786	  0.096018	  0.129611	  0.604584	
  0.206223	  0.152774	  0.242005	  0.398999	
  0.320167	  0.100368	  0.423623	  0.155842	
  0.220298	  0.266395	  0.297371	  0.215936	

URL http://cisbp.ccbr.utoronto.ca/TFreport.php?searchTF=T102174_1.02

MOTIF M1054_1.02 (estExt_Genewise1.C_1710057)_(Mus_musculus)_(DBD_0.88)

letter-probability matrix: alength= 4 w= 9 nsites= 1 E= 0
  0.266806	  0.229642	  0.205721	  0.297830	
  0.116229	  0.082729	  0.031676	  0.769366	
  0.886269	  0.000274	  0.097224	  0.016233	
  0.956010	  0.016164	  0.000365	  0.027461	
  0.057873	  0.196026	  0.082125	  0.663976	
  0.104695	  0.230685	  0.333971	  0.330648	
  0.326888	  0.077449	  0.441252	  0.154411	
  0.189730	  0.271946	  0.338866	  0.199458	
  0.170012	  0.319216	  0.175189	  0.335583	

URL http://cisbp.ccbr.utoronto.ca/TFreport.php?searchTF=T101332_1.02

MOTIF M1063_1.02 (gw1.31.151.1)_(Mus_musculus)_(DBD_0.81)

letter-probability matrix: alength= 4 w= 10 nsites= 1 E= 0
  0.221818	  0.204764	  0.161073	  0.412344	
  0.207435	  0.166471	  0.084337	  0.541758	
  0.621586	  0.036682	  0.185355	  0.156378	
  0.910510	  0.013383	  0.034261	  0.041846	
  0.138801	  0.083349	  0.268550	  0.509300	
  0.088820	  0.300850	  0.045450	  0.564880	
  0.170729	  0.062808	  0.652021	  0.114443	
  0.204093	  0.304470	  0.254315	  0.237122	
  0.175698	  0.304530	  0.186563	  0.333209	
  0.196959	  0.273964	  0.238173	  0.290905	

URL http://cisbp.ccbr.utoronto.ca/TFreport.php?searchTF=T102065_1.02

MOTIF M1073_1.02 (estExt_fgenesh1_pg.C_700024)_(Mus_musculus)_(DBD_0.96)

letter-probability matrix: alength= 4 w= 9 nsites= 1 E= 0
  0.180771	  0.316470	  0.149490	  0.353269	
  0.087724	  0.051635	  0.011521	  0.849119	
  0.903434	  0.012506	  0.065773	  0.018287	
  0.983264	  0.000463	  0.000459	  0.015814	
  0.010033	  0.092380	  0.055474	  0.842112	
  0.094530	  0.082180	  0.432210	  0.391080	
  0.500756	  0.052254	  0.345889	  0.101101	
  0.173376	  0.345662	  0.269201	  0.211761	
  0.208474	  0.298812	  0.208474	  0.284239	

URL http://cisbp.ccbr.utoronto.ca/TFreport.php?searchTF=T101220_1.02

MOTIF M1085_1.02 (e_gw1.237.54.1)_(Caenorhabditis_elegans)_(DBD_0.71)

letter-probability matrix: alength= 4 w= 9 nsites= 1 E= 0
  0.141463	  0.262970	  0.153245	  0.442322	
  0.140870	  0.062667	  0.055581	  0.740881	
  0.653699	  0.052596	  0.071711	  0.221993	
  0.923705	  0.035460	  0.039189	  0.001646	
  0.158548	  0.118636	  0.073410	  0.649406	
  0.341859	  0.096005	  0.176690	  0.385445	
  0.185952	  0.067053	  0.623587	  0.123407	
  0.170282	  0.272449	  0.298107	  0.259162	
  0.152968	  0.314262	  0.202396	  0.330374	

URL http://cisbp.ccbr.utoronto.ca/TFreport.php?searchTF=T100948_1.02

MOTIF M1088_1.02 (gw1.237.23.1)_(Drosophila_melanogaster)_(DBD_0.98)

letter-probability matrix: alength= 4 w= 10 nsites= 1 E= 0
  0.248652	  0.156039	  0.439269	  0.156039	
  0.235559	  0.409426	  0.243856	  0.111159	
  0.000140	  0.000140	  0.000140	  0.999581	
  0.999581	  0.000140	  0.000140	  0.000140	
  0.999581	  0.000140	  0.000140	  0.000140	
  0.000140	  0.000140	  0.000140	  0.999581	
  0.000140	  0.000140	  0.000140	  0.999581	
  0.999581	  0.000140	  0.000140	  0.000140	
  0.270161	  0.309740	  0.212726	  0.207374	
  0.227694	  0.227694	  0.227694	  0.316917	

URL http://cisbp.ccbr.utoronto.ca/TFreport.php?searchTF=T102030_1.02

MOTIF M1091_1.02 (e_gw1.262.34.1)_(Drosophila_melanogaster)_(DBD_0.93)

letter-probability matrix: alength= 4 w= 9 nsites= 1 E= 0
  0.195086	  0.348431	  0.193145	  0.263338	
  0.106150	  0.078638	  0.022985	  0.792228	
  0.745347	  0.066944	  0.120765	  0.066944	
  0.803281	  0.077378	  0.027625	  0.091717	
  0.084325	  0.168120	  0.072579	  0.674976	
  0.130553	  0.189007	  0.314751	  0.365689	
  0.403315	  0.108823	  0.304819	  0.183043	
  0.228660	  0.290684	  0.273756	  0.206900	
  0.186386	  0.283672	  0.249092	  0.280850	

URL http://cisbp.ccbr.utoronto.ca/TFreport.php?searchTF=T100953_1.02

MOTIF M1096_1.02 (estExt_fgenesh1_pg.C_5820013)_(Drosophila_melanogaster)_(DBD_0.86)

letter-probability matrix: alength= 4 w= 8 nsites= 1 E= 0
  0.207448	  0.325343	  0.141866	  0.325343	
  0.070500	  0.046787	  0.081909	  0.800803	
  0.823901	  0.041432	  0.064978	  0.069690	
  0.800902	  0.045410	  0.085263	  0.068425	
  0.078337	  0.041722	  0.098595	  0.781347	
  0.084961	  0.693803	  0.089317	  0.131919	
  0.101356	  0.577459	  0.132772	  0.188413	
  0.148880	  0.348326	  0.299807	  0.202987	

URL http://cisbp.ccbr.utoronto.ca/TFreport.php?searchTF=T101214_1.02

MOTIF M1097_1.02 (estExt_fgenesh1_pg.C_3870005)_(Drosophila_melanogaster)_(DBD_0.95)

letter-probability matrix: alength= 4 w= 10 nsites= 1 E= 0
  0.292329	  0.229079	  0.288644	  0.189949	
  0.136427	  0.336877	  0.156525	  0.370171	
  0.034513	  0.118059	  0.009674	  0.837754	
  0.801571	  0.072692	  0.093201	  0.032536	
  0.970781	  0.007894	  0.008025	  0.013300	
  0.013300	  0.008025	  0.007894	  0.970781	
  0.032536	  0.093201	  0.072692	  0.801571	
  0.837754	  0.009674	  0.118059	  0.034513	
  0.370171	  0.156525	  0.336877	  0.136427	
  0.189949	  0.288644	  0.229079	  0.292329	

URL http://cisbp.ccbr.utoronto.ca/TFreport.php?searchTF=T101206_1.02

MOTIF M1100_1.02 (estExt_Genewise1Plus.C_1120085)_(Drosophila_melanogaster)_(DBD_0.91)

letter-probability matrix: alength= 4 w= 10 nsites= 1 E= 0
  0.242321	  0.223690	  0.225939	  0.308050	
  0.316659	  0.218727	  0.272551	  0.192063	
  0.250815	  0.136280	  0.401302	  0.211603	
  0.221772	  0.208857	  0.400074	  0.169296	
  0.316946	  0.132785	  0.339927	  0.210341	
  0.162016	  0.080455	  0.565491	  0.192038	
  0.797439	  0.000347	  0.148622	  0.053592	
  0.013593	  0.128969	  0.069378	  0.788059	
  0.565158	  0.248913	  0.091570	  0.094359	
  0.266128	  0.224522	  0.243222	  0.266128	

URL http://cisbp.ccbr.utoronto.ca/TFreport.php?searchTF=T101350_1.02

MOTIF M1110_1.02 (e_gw1.303.30.1)_(Caenorhabditis_elegans)_(DBD_0.79)

letter-probability matrix: alength= 4 w= 10 nsites= 1 E= 0
  0.240816	  0.226792	  0.271519	  0.260873	
  0.280565	  0.227422	  0.286233	  0.205780	
  0.235681	  0.250255	  0.341204	  0.172860	
  0.169104	  0.395643	  0.124029	  0.311224	
  0.427182	  0.203814	  0.190035	  0.178968	
  0.688905	  0.115020	  0.173314	  0.022762	
  0.081639	  0.159542	  0.022028	  0.736792	
  0.316472	  0.253975	  0.165213	  0.264340	
  0.234629	  0.269888	  0.289457	  0.206027	
  0.340075	  0.196206	  0.267513	  0.196206	

URL http://cisbp.ccbr.utoronto.ca/TFreport.php?searchTF=T100958_1.02

MOTIF M1125_1.02 (gw1.95.138.1)_(Mus_musculus)_(DBD_0.96)

letter-probability matrix: alength= 4 w= 10 nsites= 1 E= 0
  0.232947	  0.273366	  0.293187	  0.200499	
  0.212847	  0.340554	  0.181376	  0.265223	
  0.136717	  0.049300	  0.011335	  0.802648	
  0.797526	  0.087489	  0.088368	  0.026616	
  0.889584	  0.000658	  0.045639	  0.064120	
  0.150641	  0.058844	  0.122107	  0.668408	
  0.186789	  0.142591	  0.242253	  0.428367	
