MEME version 4

ALPHABET= ACGT

strands: + -

Background letter frequencies (from uniform background):
A 0.25000 C 0.25000 G 0.25000 T 0.25000 

MOTIF M0089_1.02 (CHGG_06902)_(Neurospora_crassa)_(DBD_0.82)

letter-probability matrix: alength= 4 w= 7 nsites= 1 E= 0
  0.369545	  0.179877	  0.228668	  0.221910	
  0.000965	  0.948168	  0.044015	  0.006852	
  0.012568	  0.000671	  0.983503	  0.003258	
  0.071096	  0.667829	  0.015395	  0.245680	
  0.023686	  0.002259	  0.958019	  0.016037	
  0.258220	  0.169662	  0.072516	  0.499602	
  0.227545	  0.339458	  0.178993	  0.254004	

URL http://cisbp.ccbr.utoronto.ca/TFreport.php?searchTF=T005122_1.02

MOTIF M0090_1.02 (CHGG_05230)_(Neurospora_crassa)_(DBD_0.87)

letter-probability matrix: alength= 4 w= 9 nsites= 1 E= 0
  0.267934	  0.217183	  0.260016	  0.254867	
  0.253271	  0.236148	  0.207361	  0.303220	
  0.244019	  0.201794	  0.295080	  0.259108	
  0.555310	  0.001732	  0.212624	  0.230333	
  0.031649	  0.841093	  0.000193	  0.127065	
  0.319537	  0.007220	  0.669729	  0.003514	
  0.097180	  0.809624	  0.007005	  0.086191	
  0.054095	  0.015344	  0.871960	  0.058601	
  0.292764	  0.177570	  0.157491	  0.372176	

URL http://cisbp.ccbr.utoronto.ca/TFreport.php?searchTF=T005121_1.02

MOTIF M0099_1.02 (CHGG_00576)_(Nectria_haematococca)_(DBD_0.98)

letter-probability matrix: alength= 4 w= 10 nsites= 1 E= 0
  0.282479	  0.173160	  0.181256	  0.363105	
  0.200768	  0.319145	  0.136963	  0.343123	
  0.492646	  0.261305	  0.149200	  0.096849	
  0.029691	  0.074764	  0.001569	  0.893977	
  0.120064	  0.011447	  0.815301	  0.053187	
  0.053187	  0.815301	  0.011447	  0.120064	
  0.893977	  0.001569	  0.074764	  0.029691	
  0.096849	  0.149200	  0.261305	  0.492646	
  0.343123	  0.136963	  0.319145	  0.200768	
  0.363105	  0.181256	  0.173160	  0.282479	

URL http://cisbp.ccbr.utoronto.ca/TFreport.php?searchTF=T005120_1.02

MOTIF M0112_1.02 (CHGG_07655)_(Neurospora_crassa)_(DBD_0.87)

letter-probability matrix: alength= 4 w= 8 nsites= 1 E= 0
  0.231893	  0.272129	  0.231893	  0.264086	
  0.199782	  0.275126	  0.241587	  0.283505	
  0.239406	  0.256765	  0.190216	  0.313613	
  0.169991	  0.163325	  0.418109	  0.248575	
  0.699238	  0.072966	  0.111051	  0.116745	
  0.096923	  0.120773	  0.014210	  0.768095	
  0.556969	  0.037808	  0.314980	  0.090243	
  0.186997	  0.278967	  0.206664	  0.327371	

URL http://cisbp.ccbr.utoronto.ca/TFreport.php?searchTF=T006995_1.02

MOTIF M0113_1.02 (CHGG_09197)_(Neurospora_crassa)_(DBD_0.95)

letter-probability matrix: alength= 4 w= 8 nsites= 1 E= 0
  0.332237	  0.332237	  0.003289	  0.332237	
  0.992574	  0.002475	  0.002475	  0.002475	
  0.992574	  0.002475	  0.002475	  0.002475	
  0.992574	  0.002475	  0.002475	  0.002475	
  0.002475	  0.002475	  0.002475	  0.992574	
  0.002475	  0.002475	  0.002475	  0.992574	
  0.002475	  0.002475	  0.002475	  0.992574	
  0.250000	  0.002475	  0.250000	  0.497525	

URL http://cisbp.ccbr.utoronto.ca/TFreport.php?searchTF=T006996_1.02

MOTIF M0120_1.02 (CHGG_00654)_(Brachypodium_distachyon)_(DBD_0.50)

letter-probability matrix: alength= 4 w= 9 nsites= 1 E= 0
  0.272464	  0.249013	  0.236869	  0.241654	
  0.261998	  0.275431	  0.237066	  0.225504	
  0.238381	  0.240777	  0.294086	  0.226755	
  0.286283	  0.225198	  0.256462	  0.232057	
  0.594823	  0.008570	  0.343183	  0.053424	
  0.349996	  0.216572	  0.014410	  0.419022	
  0.394922	  0.092637	  0.162177	  0.350264	
  0.379104	  0.115332	  0.192061	  0.313504	
  0.355375	  0.183676	  0.195034	  0.265914	

URL http://cisbp.ccbr.utoronto.ca/TFreport.php?searchTF=T008546_1.02

MOTIF M0134_1.02 (CHGG_02028)_(Pongo_pygmaeus)_(DBD_0.51)

letter-probability matrix: alength= 4 w= 8 nsites= 1 E= 0
  0.295752	  0.289896	  0.225771	  0.188580	
  0.256034	  0.248467	  0.263831	  0.231669	
  0.369207	  0.139960	  0.273515	  0.217317	
  0.334398	  0.133264	  0.250218	  0.282120	
  0.408108	  0.081576	  0.176185	  0.334131	
  0.716329	  0.002147	  0.001706	  0.279818	
  0.604747	  0.000300	  0.139047	  0.255906	
  0.270214	  0.135533	  0.076647	  0.517606	

URL http://cisbp.ccbr.utoronto.ca/TFreport.php?searchTF=T008547_1.02

MOTIF M0139_1.02 (CHGG_10430)_(Neurospora_crassa)_(DBD_0.54)

letter-probability matrix: alength= 4 w= 10 nsites= 1 E= 0
  0.201025	  0.307957	  0.244501	  0.246517	
  0.321984	  0.166011	  0.320153	  0.191852	
  0.414247	  0.188211	  0.192640	  0.204903	
  0.431510	  0.064433	  0.100297	  0.403760	
  0.423723	  0.047936	  0.000049	  0.528292	
  0.528292	  0.000049	  0.047936	  0.423723	
  0.403760	  0.100297	  0.064433	  0.431510	
  0.204903	  0.192640	  0.188211	  0.414247	
  0.191852	  0.320153	  0.166011	  0.321984	
  0.246517	  0.244501	  0.307957	  0.201025	

URL http://cisbp.ccbr.utoronto.ca/TFreport.php?searchTF=T008548_1.02

MOTIF M0234_1.02 (CHGG_05891)_(Neurospora_crassa)_(DBD_0.91)

letter-probability matrix: alength= 4 w= 9 nsites= 1 E= 0
  0.269108	  0.205431	  0.331993	  0.193468	
  0.159193	  0.533850	  0.206462	  0.100496	
  0.059491	  0.939955	  0.000044	  0.000510	
  0.935853	  0.000093	  0.018384	  0.045671	
  0.000144	  0.750505	  0.011714	  0.237638	
  0.079917	  0.020105	  0.889792	  0.010186	
  0.149161	  0.300373	  0.065041	  0.485425	
  0.093731	  0.070841	  0.652254	  0.183174	
  0.241695	  0.256640	  0.267114	  0.234551	

URL http://cisbp.ccbr.utoronto.ca/TFreport.php?searchTF=T011448_1.02

MOTIF M0235_1.02 (CHGG_00821)_(Neurospora_crassa)_(DBD_0.92)

letter-probability matrix: alength= 4 w= 8 nsites= 1 E= 0
  0.274385	  0.205312	  0.348812	  0.171491	
  0.190278	  0.136796	  0.336463	  0.336463	
  0.075030	  0.878218	  0.030505	  0.016247	
  0.751431	  0.000270	  0.135908	  0.112390	
  0.002837	  0.782682	  0.078471	  0.136010	
  0.236992	  0.000239	  0.711963	  0.050807	
  0.167264	  0.223536	  0.126415	  0.482785	
  0.153853	  0.085285	  0.605464	  0.155399	

URL http://cisbp.ccbr.utoronto.ca/TFreport.php?searchTF=T011443_1.02

MOTIF M0236_1.02 (CHGG_09086)_(Neurospora_crassa)_(DBD_0.69)

letter-probability matrix: alength= 4 w= 14 nsites= 1 E= 0
  0.339409	  0.220197	  0.220197	  0.220197	
  0.168352	  0.168352	  0.168352	  0.494944	
  0.168352	  0.494944	  0.168352	  0.168352	
  0.573389	  0.154731	  0.074270	  0.197609	
  0.021655	  0.935036	  0.021655	  0.021655	
  0.102116	  0.021655	  0.854575	  0.021655	
  0.000213	  0.080674	  0.000213	  0.918899	
  0.582192	  0.085093	  0.332502	  0.000213	
  0.327972	  0.526230	  0.030016	  0.115781	
  0.081861	  0.081861	  0.583379	  0.252899	
  0.668651	  0.167626	  0.081861	  0.081861	
  0.175943	  0.258335	  0.175943	  0.389780	
  0.228559	  0.228559	  0.314324	  0.228559	
  0.228559	  0.228559	  0.228559	  0.314324	

URL http://cisbp.ccbr.utoronto.ca/TFreport.php?searchTF=T011451_1.02

MOTIF M0278_1.02 (CHGG_10488)_(Aspergillus_nidulans)_(DBD_0.62)

letter-probability matrix: alength= 4 w= 9 nsites= 1 E= 0
  0.248440	  0.175072	  0.312686	  0.263802	
  0.348841	  0.201264	  0.236185	  0.213709	
  0.250961	  0.137730	  0.144792	  0.466518	
  0.192616	  0.159285	  0.330530	  0.317569	
  0.547798	  0.306711	  0.100074	  0.045418	
  0.083480	  0.792037	  0.004829	  0.119654	
  0.161924	  0.013834	  0.778312	  0.045930	
  0.238359	  0.306059	  0.081759	  0.373822	
  0.313093	  0.147894	  0.356559	  0.182454	

URL http://cisbp.ccbr.utoronto.ca/TFreport.php?searchTF=T022523_1.02

MOTIF M0279_1.02 (CHGG_05948)_(Aspergillus_nidulans)_(DBD_0.66)

letter-probability matrix: alength= 4 w= 10 nsites= 1 E= 0
  0.246840	  0.196081	  0.257201	  0.299878	
  0.404547	  0.230507	  0.142781	  0.222165	
  0.184351	  0.378595	  0.128283	  0.308771	
  0.636412	  0.020156	  0.194119	  0.149314	
  0.177436	  0.522892	  0.092598	  0.207075	
  0.207075	  0.092598	  0.522892	  0.177436	
  0.149314	  0.194119	  0.020156	  0.636412	
  0.308771	  0.128283	  0.378595	  0.184351	
  0.222165	  0.142781	  0.230507	  0.404547	
  0.299878	  0.257201	  0.196081	  0.246840	

URL http://cisbp.ccbr.utoronto.ca/TFreport.php?searchTF=T022514_1.02

MOTIF M0330_1.02 (CHGG_03387)_(Neurospora_crassa)_(DBD_0.98)

letter-probability matrix: alength= 4 w= 8 nsites= 1 E= 0
  0.690951	  0.077454	  0.154141	  0.077454	
  0.000525	  0.000525	  0.000525	  0.998424	
  0.053046	  0.000525	  0.053046	  0.893382	
  0.998424	  0.000525	  0.000525	  0.000525	
  0.000525	  0.945903	  0.053046	  0.000525	
  0.053046	  0.000525	  0.893382	  0.053046	
  0.000525	  0.053046	  0.000525	  0.945903	
  0.784188	  0.071937	  0.071937	  0.071937	

URL http://cisbp.ccbr.utoronto.ca/TFreport.php?searchTF=T022513_1.02

MOTIF M0331_1.02 (CHGG_06554)_(Neurospora_crassa)_(DBD_0.75)

letter-probability matrix: alength= 4 w= 10 nsites= 1 E= 0
  0.138972	  0.117246	  0.552400	  0.191382	
  0.407664	  0.450538	  0.049921	  0.091876	
  0.018202	  0.000228	  0.064170	  0.917399	
  0.109798	  0.113142	  0.249297	  0.527762	
  0.898816	  0.005480	  0.085719	  0.009985	
  0.003372	  0.668907	  0.109469	  0.218251	
  0.178122	  0.123035	  0.455988	  0.242856	
  0.305077	  0.126541	  0.094686	  0.473696	
  0.502827	  0.177727	  0.146973	  0.172474	
  0.496385	  0.129976	  0.163588	  0.210051	

URL http://cisbp.ccbr.utoronto.ca/TFreport.php?searchTF=T022515_1.02

MOTIF M0333_1.02 (CHGG_09042)_(Neurospora_crassa)_(DBD_0.70)

letter-probability matrix: alength= 4 w= 9 nsites= 1 E= 0
  0.226007	  0.214985	  0.259970	  0.299037	
  0.362284	  0.189129	  0.305646	  0.142941	
  0.035974	  0.098770	  0.000200	  0.865056	
  0.112334	  0.000555	  0.714424	  0.172686	
  0.745300	  0.051614	  0.051100	  0.151986	
  0.120675	  0.535446	  0.187373	  0.156507	
  0.203170	  0.147532	  0.236050	  0.413247	
  0.260935	  0.335047	  0.220141	  0.183877	
  0.299449	  0.221837	  0.250121	  0.228593	

URL http://cisbp.ccbr.utoronto.ca/TFreport.php?searchTF=T022522_1.02

MOTIF M0341_1.02 (CHGG_08220)_(Schizosaccharomyces_pombe)_(DBD_0.68)

letter-probability matrix: alength= 4 w= 10 nsites= 1 E= 0
  0.570600	  0.126453	  0.170367	  0.132581	
  0.195785	  0.086320	  0.008371	  0.709524	
  0.193607	  0.163160	  0.313589	  0.329644	
  0.494817	  0.042071	  0.276108	  0.187005	
  0.071217	  0.695225	  0.054727	  0.178831	
  0.178831	  0.054727	  0.695225	  0.071217	
  0.187005	  0.276108	  0.042071	  0.494817	
  0.329644	  0.313589	  0.163160	  0.193607	
  0.709524	  0.008371	  0.086320	  0.195785	
  0.132581	  0.170367	  0.126453	  0.570600	

URL http://cisbp.ccbr.utoronto.ca/TFreport.php?searchTF=T022520_1.02

MOTIF M0463_1.02 (CHGG_03244)_(Neurospora_crassa)_(DBD_0.97)

letter-probability matrix: alength= 4 w= 9 nsites= 1 E= 0
  0.282318	  0.185496	  0.344824	  0.187361	
  0.100407	  0.208352	  0.065316	  0.625925	
  0.155963	  0.340229	  0.104545	  0.399263	
  0.327377	  0.063505	  0.513429	  0.095690	
  0.000083	  0.092693	  0.828236	  0.078988	
  0.068514	  0.057803	  0.818146	  0.055537	
  0.103622	  0.544981	  0.033810	  0.317587	
  0.271605	  0.229144	  0.258359	  0.240892	
  0.188301	  0.301280	  0.278117	  0.232303	

URL http://cisbp.ccbr.utoronto.ca/TFreport.php?searchTF=T032865_1.02

MOTIF M0467_1.02 (CHGG_10305)_(Neurospora_crassa)_(DBD_0.87)

letter-probability matrix: alength= 4 w= 8 nsites= 1 E= 0
  0.200133	  0.133644	  0.599069	  0.067154	
  0.000370	  0.000370	  0.998891	  0.000370	
  0.000370	  0.000370	  0.037352	  0.961908	
  0.000370	  0.000370	  0.998891	  0.000370	
  0.000370	  0.000370	  0.998891	  0.000370	
  0.000370	  0.998891	  0.000370	  0.000370	
  0.185281	  0.037352	  0.776997	  0.000370	
  0.578256	  0.158088	  0.105567	  0.158088	

URL http://cisbp.ccbr.utoronto.ca/TFreport.php?searchTF=T032889_1.02

MOTIF M0469_1.02 (CHGG_02842)_(Neurospora_crassa)_(DBD_0.91)

letter-probability matrix: alength= 4 w= 10 nsites= 1 E= 0
  0.135111	  0.173485	  0.132435	  0.558969	
  0.036396	  0.008797	  0.948091	  0.006716	
  0.090702	  0.038382	  0.076522	  0.794394	
  0.000618	  0.001681	  0.991595	  0.006106	
  0.003099	  0.000230	  0.993412	  0.003258	
  0.008631	  0.977890	  0.002171	  0.011307	
  0.083917	  0.020902	  0.487765	  0.407416	
  0.128276	  0.306184	  0.274290	  0.291251	
  0.384309	  0.167578	  0.230776	  0.217337	
  0.242545	  0.177894	  0.351141	  0.228420	

URL http://cisbp.ccbr.utoronto.ca/TFreport.php?searchTF=T032863_1.02

MOTIF M0473_1.02 (CHGG_09160)_(Neurospora_crassa)_(DBD_0.93)

letter-probability matrix: alength= 4 w= 10 nsites= 1 E= 0
  0.289992	  0.212694	  0.304860	  0.192453	
  0.226165	  0.376631	  0.131797	  0.265407	
  0.199332	  0.017725	  0.681959	  0.100985	
  0.075701	  0.801743	  0.000218	  0.122338	
  0.645987	  0.007697	  0.129125	  0.217192	
  0.158375	  0.581123	  0.012121	  0.248381	
  0.244520	  0.088173	  0.432376	  0.234932	
  0.170600	  0.075893	  0.538789	  0.214718	
  0.377946	  0.137655	  0.240989	  0.243411	
  0.151477	  0.459636	  0.144089	  0.244798	

URL http://cisbp.ccbr.utoronto.ca/TFreport.php?searchTF=T032883_1.02

MOTIF M0477_1.02 (CHGG_00101)_(Neurospora_crassa)_(DBD_0.92)

letter-probability matrix: alength= 4 w= 9 nsites= 1 E= 0
  0.150339	  0.311965	  0.076930	  0.460766	
  0.204481	  0.685724	  0.049426	  0.060369	
  0.857399	  0.044876	  0.048130	  0.049596	
  0.038252	  0.042275	  0.857654	  0.061818	
  0.034879	  0.050496	  0.813949	  0.100675	
  0.114329	  0.120191	  0.555064	  0.210415	
  0.264307	  0.126104	  0.511379	  0.098210	
  0.170320	  0.346429	  0.179053	  0.304198	
  0.357377	  0.210354	  0.230164	  0.202106	

URL http://cisbp.ccbr.utoronto.ca/TFreport.php?searchTF=T032855_1.02

MOTIF M0482_1.02 (CHGG_03330)_(Neurospora_crassa)_(DBD_0.96)

letter-probability matrix: alength= 4 w= 10 nsites= 1 E= 0
  0.269622	  0.207893	  0.295014	  0.227471	
  0.221481	  0.230520	  0.308073	  0.239927	
  0.001518	  0.000218	  0.979590	  0.018674	
  0.174199	  0.441510	  0.029970	  0.354320	
  0.000399	  0.000217	  0.964849	  0.034535	
  0.001007	  0.065798	  0.885891	  0.047304	
  0.010090	  0.042164	  0.899247	  0.048500	
  0.083781	  0.065904	  0.733778	  0.116537	
  0.158734	  0.261708	  0.229805	  0.349754	
  0.323602	  0.206338	  0.239730	  0.230330	

URL http://cisbp.ccbr.utoronto.ca/TFreport.php?searchTF=T032866_1.02

MOTIF M0484_1.02 (CHGG_05033)_(Neurospora_crassa)_(DBD_0.81)

letter-probability matrix: alength= 4 w= 9 nsites= 1 E= 0
  0.263824	  0.057701	  0.599012	  0.079462	
  0.306847	  0.094288	  0.136503	  0.462362	
  0.003417	  0.000402	  0.811461	  0.184719	
  0.000117	  0.000000	  0.999883	  0.000000	
  0.000079	  0.986535	  0.000000	  0.013386	
  0.095950	  0.004322	  0.443116	  0.456611	
  0.156563	  0.315279	  0.296918	  0.231240	
  0.534596	  0.081574	  0.087489	  0.296341	
  0.157278	  0.059028	  0.644202	  0.139493	

URL http://cisbp.ccbr.utoronto.ca/TFreport.php?searchTF=T032870_1.02

MOTIF M0573_1.02 (CHGG_02070)_(Neurospora_crassa)_(DBD_0.79)

letter-probability matrix: alength= 4 w= 10 nsites= 1 E= 0
  0.344037	  0.159343	  0.260886	  0.235734	
  0.420850	  0.150195	  0.213352	  0.215603	
  0.307388	  0.159709	  0.183428	  0.349475	
  0.176238	  0.042337	  0.774989	  0.006437	
  0.000000	  0.227118	  0.000003	  0.772878	
  0.069065	  0.285816	  0.615650	  0.029469	
  0.083207	  0.056289	  0.794062	  0.066442	
  0.152358	  0.030931	  0.711245	  0.105465	
  0.509784	  0.090224	  0.284009	  0.115982	
  0.155783	  0.116277	  0.288751	  0.439188	

URL http://cisbp.ccbr.utoronto.ca/TFreport.php?searchTF=T069800_1.02

MOTIF M0577_1.02 (CHGG_02890)_(Neurospora_crassa)_(DBD_0.87)

letter-probability matrix: alength= 4 w= 8 nsites= 1 E= 0
  0.077454	  0.230828	  0.000767	  0.690951	
  0.166851	  0.000554	  0.832040	  0.000554	
  0.000525	  0.000525	  0.000525	  0.998424	
  0.000525	  0.998424	  0.000525	  0.000525	
  0.998424	  0.000525	  0.000525	  0.000525	
  0.000525	  0.998424	  0.000525	  0.000525	
  0.945903	  0.000525	  0.053046	  0.000525	
  0.077454	  0.614264	  0.077454	  0.230828	

URL http://cisbp.ccbr.utoronto.ca/TFreport.php?searchTF=T070818_1.02

MOTIF M0743_1.02 (CHGG_03006)_(Neurospora_crassa)_(DBD_0.77)

letter-probability matrix: alength= 4 w= 12 nsites= 1 E= 0
  0.325852	  0.224716	  0.224716	  0.224716	
  0.224716	  0.224716	  0.224716	  0.325852	
  0.320320	  0.126731	  0.230111	  0.322838	
  0.150068	  0.054508	  0.740916	  0.054508	
  0.110630	  0.000255	  0.000255	  0.888861	
  0.802598	  0.101332	  0.000255	  0.095815	
  0.999235	  0.000255	  0.000255	  0.000255	
  0.898099	  0.000255	  0.000255	  0.101392	
  0.025539	  0.521340	  0.025539	  0.427581	
  0.923383	  0.025539	  0.025539	  0.025539	
  0.438479	  0.218912	  0.123524	  0.219085	
  0.412759	  0.195747	  0.195747	  0.195747	

URL http://cisbp.ccbr.utoronto.ca/TFreport.php?searchTF=T080692_1.02

MOTIF M0744_1.02 (CHGG_03283)_(Neurospora_crassa)_(DBD_0.76)

letter-probability matrix: alength= 4 w= 8 nsites= 1 E= 0
  0.570513	  0.071937	  0.356838	  0.000712	
  0.059272	  0.000587	  0.000587	  0.939554	
  0.939554	  0.059272	  0.000587	  0.000587	
  0.998239	  0.000587	  0.000587	  0.000587	
  0.998239	  0.000587	  0.000587	  0.000587	
  0.000587	  0.880869	  0.000587	  0.117958	
  0.998239	  0.000587	  0.000587	  0.000587	
  0.499004	  0.200199	  0.000996	  0.299801	

URL http://cisbp.ccbr.utoronto.ca/TFreport.php?searchTF=T080693_1.02

MOTIF M0745_1.02 (CHGG_02048)_(Neurospora_crassa)_(DBD_0.61)

letter-probability matrix: alength= 4 w= 10 nsites= 1 E= 0
  0.227337	  0.227337	  0.227337	  0.317989	
  0.358861	  0.170204	  0.298544	  0.172391	
  0.484493	  0.000117	  0.515274	  0.000117	
  0.000117	  0.999650	  0.000117	  0.000117	
  0.999650	  0.000117	  0.000117	  0.000117	
  0.999650	  0.000117	  0.000117	  0.000117	
  0.999650	  0.000117	  0.000117	  0.000117	
  0.000117	  0.999650	  0.000117	  0.000117	
  0.931661	  0.022780	  0.022780	  0.022780	
  0.168823	  0.298703	  0.256580	  0.275894	

URL http://cisbp.ccbr.utoronto.ca/TFreport.php?searchTF=T080691_1.02

MOTIF M0791_1.02 (CHGG_01922)_(Neurospora_crassa)_(DBD_0.94)

letter-probability matrix: alength= 4 w= 9 nsites= 1 E= 0
  0.238290	  0.282447	  0.248015	  0.231248	
  0.249185	  0.272652	  0.259355	  0.218808	
  0.236587	  0.439798	  0.109543	  0.214073	
  0.059758	  0.068055	  0.757717	  0.114470	
  0.902683	  0.000129	  0.000123	  0.097064	
  0.048477	  0.051992	  0.000705	  0.898826	
  0.141843	  0.359503	  0.271706	  0.226948	
  0.208434	  0.289925	  0.254582	  0.247058	
  0.248381	  0.255945	  0.266390	  0.229284	

URL http://cisbp.ccbr.utoronto.ca/TFreport.php?searchTF=T083877_1.02

MOTIF M0792_1.02 (CHGG_06479)_(Neurospora_crassa)_(DBD_0.97)

letter-probability matrix: alength= 4 w= 8 nsites= 1 E= 0
  0.246114	  0.263959	  0.251086	  0.238840	
  0.289615	  0.264688	  0.175661	  0.270036	
  0.101067	  0.108395	  0.696303	  0.094234	
  0.794489	  0.034733	  0.044598	  0.126179	
  0.025614	  0.062373	  0.046671	  0.865343	
  0.449630	  0.160521	  0.097361	  0.292488	
  0.295846	  0.232721	  0.265029	  0.206405	
  0.224078	  0.276441	  0.282025	  0.217456	

URL http://cisbp.ccbr.utoronto.ca/TFreport.php?searchTF=T083880_1.02

MOTIF M1112_1.02 (CHGG_00810)_(Neurospora_crassa)_(DBD_0.91)

letter-probability matrix: alength= 4 w= 9 nsites= 1 E= 0
  0.288128	  0.164581	  0.309020	  0.238270	
  0.162124	  0.343216	  0.190254	  0.304406	
  0.171589	  0.525894	  0.122132	  0.180386	
  0.492037	  0.158944	  0.218887	  0.130133	
  0.602711	  0.139971	  0.202641	  0.054677	
  0.023687	  0.105104	  0.038281	  0.832928	
  0.528154	  0.069365	  0.198222	  0.204259	
  0.332990	  0.197970	  0.132703	  0.336337	
  0.354698	  0.162596	  0.217298	  0.265408	

URL http://cisbp.ccbr.utoronto.ca/TFreport.php?searchTF=T089185_1.02

MOTIF M1114_1.02 (CHGG_07578)_(Neurospora_crassa)_(DBD_0.96)

letter-probability matrix: alength= 4 w= 8 nsites= 1 E= 0
  0.209810	  0.248689	  0.243765	  0.297735	
  0.169404	  0.268348	  0.296570	  0.265678	
  0.128561	  0.266774	  0.173539	  0.431126	
  0.418284	  0.236550	  0.131126	  0.214040	
  0.620568	  0.129106	  0.226022	  0.024304	
  0.203970	  0.136725	  0.099283	  0.560021	
  0.279320	  0.235653	  0.176330	  0.308697	
  0.292088	  0.158706	  0.150966	  0.398240	

URL http://cisbp.ccbr.utoronto.ca/TFreport.php?searchTF=T089189_1.02

MOTIF M1250_1.02 (CHGG_10171)_(Neurospora_crassa)_(DBD_0.98)

letter-probability matrix: alength= 4 w= 10 nsites= 1 E= 0
  0.283600	  0.227595	  0.232192	  0.256612	
  0.230392	  0.212679	  0.304839	  0.252089	
  0.293438	  0.240247	  0.235489	  0.230826	
  0.116548	  0.031134	  0.065255	  0.787062	
  0.076460	  0.000184	  0.028411	  0.894946	
  0.057969	  0.862560	  0.029076	  0.050396	
  0.020561	  0.408869	  0.193136	  0.377434	
  0.547873	  0.105219	  0.207689	  0.139218	
  0.169023	  0.290044	  0.145479	  0.395454	
  0.259381	  0.227762	  0.298359	  0.214498	

URL http://cisbp.ccbr.utoronto.ca/TFreport.php?searchTF=T105490_1.02

MOTIF M1297_1.02 (CHGG_06470)_(Dictyostelium_discoideum)_(DBD_0.88)

letter-probability matrix: alength= 4 w= 10 nsites= 1 E= 0
  0.233777	  0.598464	  0.083460	  0.084299	
  0.030948	  0.562453	  0.044359	  0.362240	
  0.506429	  0.042836	  0.155615	  0.295120	
  0.524310	  0.062308	  0.043907	  0.369475	
  0.657133	  0.044163	  0.042009	  0.256695	
  0.290800	  0.112464	  0.066862	  0.529873	
  0.281986	  0.340992	  0.131875	  0.245147	
  0.228299	  0.247314	  0.296088	  0.228299	
  0.301159	  0.033037	  0.594451	  0.071353	
  0.207356	  0.056511	  0.520315	  0.215818	

URL http://cisbp.ccbr.utoronto.ca/TFreport.php?searchTF=T110927_1.02

MOTIF M1367_1.02 (CHGG_10355)_(Neurospora_crassa)_(DBD_0.88)

letter-probability matrix: alength= 4 w= 10 nsites= 1 E= 0
  0.301236	  0.210165	  0.218742	  0.269857	
  0.276538	  0.228686	  0.268365	  0.226410	
  0.203728	  0.266877	  0.248834	  0.280560	
  0.281877	  0.242614	  0.270824	  0.204685	
  0.137148	  0.101602	  0.633374	  0.127876	
  0.227355	  0.051240	  0.003375	  0.718030	
  0.161004	  0.050980	  0.101639	  0.686377	
  0.170377	  0.482032	  0.139493	  0.208098	
  0.261423	  0.180574	  0.356431	  0.201571	
  0.216521	  0.275252	  0.172033	  0.336194	

URL http://cisbp.ccbr.utoronto.ca/TFreport.php?searchTF=T115605_1.02

MOTIF M1368_1.02 (CHGG_08140)_(Neurospora_crassa)_(DBD_0.89)

letter-probability matrix: alength= 4 w= 8 nsites= 1 E= 0
  0.640274	  0.022574	  0.067498	  0.269654	
  0.381311	  0.000085	  0.618519	  0.000085	
  0.008276	  0.991560	  0.000082	  0.000082	
  0.000082	  0.999754	  0.000082	  0.000082	
  0.000082	  0.999754	  0.000082	  0.000082	
  0.000083	  0.016606	  0.000083	  0.983229	
  0.782377	  0.043568	  0.163081	  0.010973	
  0.365006	  0.174651	  0.285692	  0.174651	

URL http://cisbp.ccbr.utoronto.ca/TFreport.php?searchTF=T115602_1.02

MOTIF M1420_1.02 (CHGG_02523)_(Neurospora_crassa)_(DBD_0.93)

letter-probability matrix: alength= 4 w= 10 nsites= 1 E= 0
  0.435026	  0.147733	  0.211750	  0.205492	
  0.284690	  0.183351	  0.314632	  0.217327	
  0.175588	  0.232326	  0.364360	  0.227726	
  0.162248	  0.059094	  0.625859	  0.152799	
  0.153098	  0.058620	  0.108971	  0.679311	
  0.278014	  0.227619	  0.115316	  0.379052	
  0.399591	  0.076741	  0.420078	  0.103590	
  0.114621	  0.508586	  0.097674	  0.279118	
  0.666838	  0.055288	  0.178136	  0.099738	
  0.177973	  0.250043	  0.147177	  0.424807	

URL http://cisbp.ccbr.utoronto.ca/TFreport.php?searchTF=T130316_1.02

MOTIF M1707_1.02 (CHGG_00728)_(Fusarium_graminearum)_(DBD_1.00)

letter-probability matrix: alength= 4 w= 10 nsites= 1 E= 0
  0.192549	  0.235180	  0.235180	  0.337091	
  0.277270	  0.205407	  0.164843	  0.352480	
  0.179663	  0.299191	  0.244957	  0.276188	
  0.299683	  0.198885	  0.222010	  0.279422	
  0.108949	  0.200513	  0.226077	  0.464461	
  0.033757	  0.952597	  0.009386	  0.004260	
  0.000026	  0.841233	  0.158360	  0.000381	
  0.007102	  0.000121	  0.982798	  0.009978	
  0.286327	  0.133906	  0.367651	  0.212116	
  0.387804	  0.162471	  0.247274	  0.202451	

URL http://cisbp.ccbr.utoronto.ca/TFreport.php?searchTF=T156154_1.02

MOTIF M1718_1.02 (CHGG_03119)_(Neurospora_crassa)_(DBD_0.96)

letter-probability matrix: alength= 4 w= 10 nsites= 1 E= 0
  0.259404	  0.225515	  0.225515	  0.289567	
  0.287950	  0.207014	  0.183605	  0.321432	
  0.292654	  0.188480	  0.234861	  0.284005	
  0.315695	  0.158345	  0.183971	  0.341989	
  0.230782	  0.217343	  0.351242	  0.200633	
  0.038458	  0.897466	  0.043797	  0.020279	
  0.000328	  0.858858	  0.140556	  0.000258	
  0.000636	  0.000140	  0.999054	  0.000170	
  0.384504	  0.230893	  0.204784	  0.179820	
  0.250394	  0.215516	  0.312010	  0.222080	

URL http://cisbp.ccbr.utoronto.ca/TFreport.php?searchTF=T156183_1.02

MOTIF M1720_1.02 (CHGG_02677)_(Neurospora_crassa)_(DBD_0.87)

letter-probability matrix: alength= 4 w= 7 nsites= 1 E= 0
  0.203955	  0.184546	  0.423224	  0.188275	
  0.000292	  0.992488	  0.000533	  0.006687	
  0.090292	  0.000060	  0.909640	  0.000009	
  0.131709	  0.572835	  0.217152	  0.078304	
  0.243083	  0.240664	  0.255546	  0.260708	
  0.296444	  0.204764	  0.219611	  0.279181	
  0.290956	  0.217712	  0.235845	  0.255487	

URL http://cisbp.ccbr.utoronto.ca/TFreport.php?searchTF=T156178_1.02

MOTIF M1721_1.02 (CHGG_02493)_(Neurospora_crassa)_(DBD_0.90)

letter-probability matrix: alength= 4 w= 10 nsites= 1 E= 0
  0.471842	  0.188038	  0.186167	  0.153953	
  0.513380	  0.098595	  0.133089	  0.254937	
  0.284168	  0.230342	  0.225781	  0.259710	
  0.147861	  0.011897	  0.006211	  0.834032	
  0.274820	  0.122256	  0.564599	  0.038326	
  0.004606	  0.989604	  0.000165	  0.005625	
  0.000176	  0.993184	  0.005876	  0.000764	
  0.016142	  0.008260	  0.964336	  0.011262	
  0.362695	  0.124407	  0.341573	  0.171325	
  0.272857	  0.210387	  0.295582	  0.221174	

URL http://cisbp.ccbr.utoronto.ca/TFreport.php?searchTF=T156175_1.02

MOTIF M1722_1.02 (CHGG_02417)_(Neurospora_crassa)_(DBD_0.95)

letter-probability matrix: alength= 4 w= 9 nsites= 1 E= 0
  0.253258	  0.248243	  0.271621	  0.226877	
  0.203860	  0.223058	  0.277947	  0.295135	
  0.344665	  0.129357	  0.125534	  0.400444	
  0.105804	  0.210942	  0.179753	  0.503501	
  0.006588	  0.987517	  0.000393	  0.005502	
  0.000099	  0.978024	  0.021661	  0.000216	
  0.015357	  0.000607	  0.983943	  0.000093	
  0.304515	  0.127577	  0.375673	  0.192235	
  0.256613	  0.212209	  0.310309	  0.220869	

URL http://cisbp.ccbr.utoronto.ca/TFreport.php?searchTF=T156173_1.02

MOTIF M1723_1.02 (CHGG_06618)_(Neurospora_crassa)_(DBD_0.89)

letter-probability matrix: alength= 4 w= 9 nsites= 1 E= 0
  0.193372	  0.229205	  0.203287	  0.374135	
  0.330476	  0.099537	  0.137076	  0.432911	
  0.114844	  0.461080	  0.195111	  0.228965	
  0.007851	  0.973290	  0.018554	  0.000304	
  0.000869	  0.982503	  0.016612	  0.000016	
  0.005064	  0.000023	  0.974783	  0.020130	
  0.195265	  0.374039	  0.153601	  0.277095	
  0.253975	  0.239185	  0.272391	  0.234449	
  0.237320	  0.275726	  0.251995	  0.234959	

URL http://cisbp.ccbr.utoronto.ca/TFreport.php?searchTF=T156220_1.02

MOTIF M1724_1.02 (CHGG_06534)_(Neurospora_crassa)_(DBD_0.84)

letter-probability matrix: alength= 4 w= 8 nsites= 1 E= 0
  0.160072	  0.339928	  0.120104	  0.379896	
  0.015294	  0.000151	  0.000151	  0.984403	
  0.000149	  0.000149	  0.969720	  0.029982	
  0.015066	  0.984636	  0.000149	  0.000149	
  0.000149	  0.999553	  0.000149	  0.000149	
  0.000149	  0.000149	  0.984636	  0.015066	
  0.000182	  0.200036	  0.745094	  0.054688	
  0.166759	  0.416482	  0.250000	  0.166759	

URL http://cisbp.ccbr.utoronto.ca/TFreport.php?searchTF=T156219_1.02

MOTIF M1726_1.02 (CHGG_09596)_(Neurospora_crassa)_(DBD_1.00)

letter-probability matrix: alength= 4 w= 10 nsites= 1 E= 0
  0.219060	  0.219060	  0.219060	  0.342819	
  0.043666	  0.148034	  0.043666	  0.764634	
  0.340157	  0.000122	  0.189712	  0.470010	
  0.592947	  0.189712	  0.217220	  0.000122	
  0.000122	  0.312616	  0.687140	  0.000122	
  0.000122	  0.999634	  0.000122	  0.000122	
  0.000122	  0.092567	  0.907189	  0.000122	
  0.000122	  0.907189	  0.092567	  0.000122	
  0.031062	  0.123507	  0.814370	  0.031062	
  0.206456	  0.291677	  0.295411	  0.206456	

URL http://cisbp.ccbr.utoronto.ca/TFreport.php?searchTF=T156249_1.02

MOTIF M1730_1.02 (CHGG_02757)_(Neurospora_crassa)_(DBD_0.85)

letter-probability matrix: alength= 4 w= 10 nsites= 1 E= 0
  0.257162	  0.210546	  0.188614	  0.343678	
  0.266932	  0.214218	  0.186232	  0.332618	
  0.279339	  0.211120	  0.200824	  0.308717	
  0.229727	  0.283410	  0.197728	  0.289135	
  0.199745	  0.272338	  0.160299	  0.367618	
  0.239888	  0.459516	  0.139794	  0.160802	
  0.127531	  0.588962	  0.060241	  0.223265	
  0.247156	  0.004759	  0.566808	  0.181276	
  0.365025	  0.196363	  0.196363	  0.242249	
  0.223324	  0.244355	  0.227835	  0.304485	

URL http://cisbp.ccbr.utoronto.ca/TFreport.php?searchTF=T156179_1.02

MOTIF M1733_1.02 (CHGG_08197)_(Neurospora_crassa)_(DBD_0.79)

letter-probability matrix: alength= 4 w= 8 nsites= 1 E= 0
  0.001656	  0.001656	  0.001656	  0.995033	
  0.997012	  0.000996	  0.000996	  0.000996	
  0.399402	  0.000996	  0.000996	  0.598606	
  0.000996	  0.797809	  0.200199	  0.000996	
  0.000996	  0.100598	  0.399402	  0.499004	
  0.000996	  0.997012	  0.000996	  0.000996	
  0.000996	  0.997012	  0.000996	  0.000996	
  0.000996	  0.000996	  0.997012	  0.000996	

URL http://cisbp.ccbr.utoronto.ca/TFreport.php?searchTF=T156235_1.02

MOTIF M1734_1.02 (CHGG_07320)_(Neurospora_crassa)_(DBD_0.87)

letter-probability matrix: alength= 4 w= 8 nsites= 1 E= 0
  0.324200	  0.145673	  0.242587	  0.287540	
  0.495789	  0.056045	  0.178779	  0.269387	
  0.128603	  0.277753	  0.028695	  0.564948	
  0.542726	  0.280509	  0.112911	  0.063854	
  0.053493	  0.862262	  0.018908	  0.065337	
  0.054837	  0.044897	  0.815966	  0.084299	
  0.507501	  0.120241	  0.252017	  0.120241	
  0.262801	  0.165902	  0.380465	  0.190832	

URL http://cisbp.ccbr.utoronto.ca/TFreport.php?searchTF=T156226_1.02

MOTIF M1735_1.02 (CHGG_09150)_(Neurospora_crassa)_(DBD_0.90)

letter-probability matrix: alength= 4 w= 10 nsites= 1 E= 0
  0.274890	  0.238978	  0.205690	  0.280443	
  0.281944	  0.226265	  0.226265	  0.265525	
  0.265719	  0.215387	  0.213244	  0.305649	
  0.266965	  0.168531	  0.106391	  0.458114	
  0.095408	  0.419122	  0.090755	  0.394715	
  0.107235	  0.716960	  0.074815	  0.100990	
  0.000913	  0.942656	  0.056188	  0.000244	
  0.004346	  0.000048	  0.952688	  0.042918	
  0.476776	  0.152482	  0.190004	  0.180738	
  0.263307	  0.215577	  0.235879	  0.285237	

URL http://cisbp.ccbr.utoronto.ca/TFreport.php?searchTF=T156243_1.02

MOTIF M1736_1.02 (CHGG_08641)_(Neurospora_crassa)_(DBD_0.79)

letter-probability matrix: alength= 4 w= 7 nsites= 1 E= 0
  0.407129	  0.131516	  0.182935	  0.278420	
  0.276101	  0.185076	  0.308205	  0.230619	
  0.142455	  0.403037	  0.407088	  0.047419	
  0.001881	  0.917486	  0.000665	  0.079969	
  0.062893	  0.000330	  0.935834	  0.000943	
  0.170292	  0.711601	  0.018869	  0.099238	
  0.123411	  0.261261	  0.405662	  0.209667	

URL http://cisbp.ccbr.utoronto.ca/TFreport.php?searchTF=T156238_1.02

MOTIF M1737_1.02 (CHGG_00505)_(Neurospora_crassa)_(DBD_1.00)

letter-probability matrix: alength= 4 w= 8 nsites= 1 E= 0
  0.267268	  0.223241	  0.208148	  0.301343	
  0.245272	  0.230989	  0.224162	  0.299576	
  0.314589	  0.145659	  0.135811	  0.403940	
  0.237656	  0.174308	  0.159306	  0.428729	
  0.226839	  0.430197	  0.141775	  0.201189	
  0.169538	  0.540815	  0.049062	  0.240586	
  0.259575	  0.089037	  0.482532	  0.168856	
  0.240020	  0.186927	  0.305125	  0.267929	

URL http://cisbp.ccbr.utoronto.ca/TFreport.php?searchTF=T156153_1.02

MOTIF M1739_1.02 (CHGG_08910)_(Neurospora_crassa)_(DBD_0.86)

letter-probability matrix: alength= 4 w= 10 nsites= 1 E= 0
  0.293526	  0.217449	  0.171052	  0.317973	
  0.258696	  0.203497	  0.195518	  0.342288	
  0.271733	  0.203328	  0.269030	  0.255909	
  0.236940	  0.239321	  0.173783	  0.349956	
  0.104794	  0.224079	  0.187167	  0.483959	
  0.001467	  0.937224	  0.036705	  0.024604	
  0.009956	  0.835627	  0.154190	  0.000227	
  0.045987	  0.014708	  0.887455	  0.051850	
  0.332075	  0.153755	  0.280160	  0.234009	
  0.245247	  0.228667	  0.260413	  0.265673	

URL http://cisbp.ccbr.utoronto.ca/TFreport.php?searchTF=T156240_1.02

MOTIF M1747_1.02 (CHGG_05670)_(Neurospora_crassa)_(DBD_1.00)

letter-probability matrix: alength= 4 w= 11 nsites= 1 E= 0
  0.638147	  0.120618	  0.120618	  0.120618	
  0.653853	  0.047071	  0.047071	  0.252005	
  0.141783	  0.558929	  0.138039	  0.161249	
  0.000193	  0.000193	  0.000193	  0.999421	
  0.100582	  0.000193	  0.899032	  0.000193	
  0.000193	  0.999421	  0.000193	  0.000193	
  0.000193	  0.999421	  0.000193	  0.000193	
  0.000193	  0.000193	  0.999421	  0.000193	
  0.328086	  0.129575	  0.412763	  0.129575	
  0.296955	  0.296800	  0.203122	  0.203122	
  0.203122	  0.203122	  0.296800	  0.296955	

URL http://cisbp.ccbr.utoronto.ca/TFreport.php?searchTF=T156213_1.02

MOTIF M1752_1.02 (CHGG_10452)_(Neurospora_crassa)_(DBD_0.95)

letter-probability matrix: alength= 4 w= 10 nsites= 1 E= 0
  0.302482	  0.226183	  0.217606	  0.253729	
  0.234598	  0.218779	  0.142865	  0.403758	
  0.284671	  0.186005	  0.267808	  0.261516	
  0.140444	  0.458502	  0.099232	  0.301821	
  0.071558	  0.653334	  0.152056	  0.123053	
  0.123053	  0.152056	  0.653334	  0.071558	
  0.301821	  0.099232	  0.458502	  0.140444	
  0.261516	  0.267808	  0.186005	  0.284671	
  0.403758	  0.142865	  0.218779	  0.234598	
  0.253729	  0.217606	  0.226183	  0.302482	

URL http://cisbp.ccbr.utoronto.ca/TFreport.php?searchTF=T156256_1.02

MOTIF M1755_1.02 (CHGG_03973)_(Neurospora_crassa)_(DBD_0.85)

letter-probability matrix: alength= 4 w= 8 nsites= 1 E= 0
  0.225320	  0.234515	  0.229871	  0.310294	
  0.325439	  0.125861	  0.134987	  0.413714	
  0.179387	  0.307829	  0.320391	  0.192394	
  0.009078	  0.978379	  0.008297	  0.004246	
  0.000118	  0.967167	  0.032602	  0.000112	
  0.000033	  0.000168	  0.999252	  0.000547	
  0.597053	  0.073848	  0.189049	  0.140051	
  0.289081	  0.182492	  0.266855	  0.261571	

URL http://cisbp.ccbr.utoronto.ca/TFreport.php?searchTF=T156189_1.02

MOTIF M1757_1.02 (CHGG_00993)_(Neurospora_crassa)_(DBD_0.97)

letter-probability matrix: alength= 4 w= 9 nsites= 1 E= 0
  0.180507	  0.280274	  0.229469	  0.309751	
  0.062223	  0.129117	  0.169139	  0.639521	
  0.674992	  0.021428	  0.009251	  0.294330	
  0.513306	  0.100572	  0.284540	  0.101583	
  0.103585	  0.337104	  0.523424	  0.035888	
  0.000033	  0.999923	  0.000044	  0.000000	
  0.000000	  0.000000	  1.000000	  0.000000	
  0.000000	  1.000000	  0.000000	  0.000000	
  0.023689	  0.452598	  0.294419	  0.229294	

URL http://cisbp.ccbr.utoronto.ca/TFreport.php?searchTF=T156157_1.02

MOTIF M1758_1.02 (CHGG_04697)_(Neurospora_crassa)_(DBD_0.87)

letter-probability matrix: alength= 4 w= 10 nsites= 1 E= 0
  0.091623	  0.254089	  0.195915	  0.458373	
  0.648997	  0.005288	  0.000064	  0.345651	
  0.407596	  0.230506	  0.219264	  0.142633	
  0.127621	  0.391141	  0.403053	  0.078184	
  0.022651	  0.889096	  0.000000	  0.088253	
  0.090727	  0.000155	  0.860797	  0.048321	
  0.592389	  0.141764	  0.128273	  0.137574	
  0.234579	  0.212256	  0.343021	  0.210144	
  0.240059	  0.267973	  0.287403	  0.204565	
  0.231982	  0.274970	  0.236668	  0.256380	

URL http://cisbp.ccbr.utoronto.ca/TFreport.php?searchTF=T156194_1.02

MOTIF M1759_1.02 (CHGG_04631)_(Neurospora_crassa)_(DBD_1.00)

letter-probability matrix: alength= 4 w= 13 nsites= 1 E= 0
  0.227321	  0.227321	  0.227321	  0.318038	
  0.366969	  0.184084	  0.184084	  0.264864	
  0.170934	  0.137418	  0.056638	  0.635010	
  0.033009	  0.135029	  0.113790	  0.718172	
  0.033009	  0.820193	  0.113790	  0.033009	
  0.000132	  0.999605	  0.000132	  0.000132	
  0.000132	  0.080912	  0.918824	  0.000132	
  0.082750	  0.000132	  0.916987	  0.000132	
  0.654761	  0.105429	  0.124831	  0.114978	
  0.278049	  0.066048	  0.148666	  0.507237	
  0.193494	  0.419518	  0.193494	  0.193494	
  0.217123	  0.348632	  0.217123	  0.217123	
  0.217123	  0.217123	  0.348632	  0.217123	

URL http://cisbp.ccbr.utoronto.ca/TFreport.php?searchTF=T156192_1.02

MOTIF M1761_1.02 (CHGG_04995)_(Neurospora_crassa)_(DBD_0.80)

letter-probability matrix: alength= 4 w= 9 nsites= 1 E= 0
  0.292845	  0.198273	  0.143975	  0.364907	
  0.055039	  0.102313	  0.071381	  0.771267	
  0.705525	  0.008406	  0.046476	  0.239593	
  0.243123	  0.209258	  0.475120	  0.072499	
  0.043224	  0.739809	  0.193716	  0.023252	
  0.000616	  0.968673	  0.007000	  0.023711	
  0.000201	  0.000356	  0.998705	  0.000738	
  0.624525	  0.087094	  0.239126	  0.049254	
  0.212387	  0.160519	  0.477427	  0.149667	

URL http://cisbp.ccbr.utoronto.ca/TFreport.php?searchTF=T156201_1.02

MOTIF M1763_1.02 (CHGG_08436)_(Neurospora_crassa)_(DBD_0.85)

letter-probability matrix: alength= 4 w= 12 nsites= 1 E= 0
  0.222983	  0.222983	  0.222983	  0.331052	
  0.281424	  0.217348	  0.109279	  0.391948	
  0.057945	  0.242477	  0.166014	  0.533565	
  0.454492	  0.294598	  0.225624	  0.025286	
  0.000101	  0.999696	  0.000101	  0.000101	
  0.000101	  0.999696	  0.000101	  0.000101	
  0.000101	  0.000101	  0.999696	  0.000101	
  0.999696	  0.000101	  0.000101	  0.000101	
  0.111725	  0.027119	  0.834038	  0.027119	
  0.140822	  0.577533	  0.140822	  0.140822	
  0.322791	  0.192157	  0.292896	  0.192157	
  0.224815	  0.325554	  0.224815	  0.224815	

URL http://cisbp.ccbr.utoronto.ca/TFreport.php?searchTF=T156237_1.02

MOTIF M1764_1.02 (CHGG_05073)_(Neurospora_crassa)_(DBD_0.95)

letter-probability matrix: alength= 4 w= 8 nsites= 1 E= 0
  0.154206	  0.394764	  0.175614	  0.275417	
  0.119430	  0.287935	  0.215451	  0.377184	
  0.005379	  0.984896	  0.009417	  0.000308	
  0.000065	  0.999887	  0.000032	  0.000016	
  0.000068	  0.000015	  0.999901	  0.000016	
  0.311498	  0.111207	  0.376679	  0.200616	
  0.299938	  0.178319	  0.253047	  0.268695	
  0.254085	  0.264454	  0.229905	  0.251556	

URL http://cisbp.ccbr.utoronto.ca/TFreport.php?searchTF=T156202_1.02

MOTIF M2118_1.02 (CHGG_05974)_(Saccharomyces_cerevisiae)_(DBD_0.76)

letter-probability matrix: alength= 4 w= 5 nsites= 1 E= 0
  0.000000	  0.000000	  0.000000	  1.000000	
  0.000000	  0.000000	  0.010160	  0.989840	
  0.005578	  0.000000	  0.994422	  0.000000	
  0.000000	  0.000000	  0.998223	  0.001777	
  0.158006	  0.378979	  0.030665	  0.432350	

URL http://cisbp.ccbr.utoronto.ca/TFreport.php?searchTF=T070373_1.02

MOTIF M4265_1.02 (CHGG_02836)_(Saccharomyces_cerevisiae)_(DBD_0.72)

letter-probability matrix: alength= 4 w= 9 nsites= 1 E= 0
  0.336788	  0.051813	  0.290155	  0.321244	
  0.751296	  0.036269	  0.000000	  0.212435	
  0.316062	  0.082902	  0.000000	  0.601036	
  1.000000	  0.000000	  0.000000	  0.000000	
  0.000000	  0.000000	  1.000000	  0.000000	
  0.000000	  0.000000	  1.000000	  0.000000	
  0.088083	  0.000000	  0.911917	  0.000000	
  0.020725	  0.005181	  0.974094	  0.000000	
  0.129534	  0.233161	  0.290155	  0.347150	

URL http://cisbp.ccbr.utoronto.ca/TFreport.php?searchTF=T032862_1.02

MOTIF M4276_1.02 (CHGG_03907)_(Saccharomyces_cerevisiae)_(DBD_0.77)

letter-probability matrix: alength= 4 w= 7 nsites= 1 E= 0
  0.071259	  0.298663	  0.583022	  0.047056	
  0.007434	  0.498571	  0.033741	  0.460255	
  0.000000	  0.000000	  1.000000	  0.000000	
  0.000000	  0.000000	  1.000000	  0.000000	
  0.000000	  0.000000	  1.000000	  0.000000	
  0.008921	  0.011618	  0.969378	  0.010083	
  0.179476	  0.146057	  0.353710	  0.320756	

URL http://cisbp.ccbr.utoronto.ca/TFreport.php?searchTF=T032868_1.02

MOTIF M4320_1.02 (CHGG_03821)_(Saccharomyces_cerevisiae)_(DBD_0.83)

letter-probability matrix: alength= 4 w= 6 nsites= 1 E= 0
  0.011904	  0.011904	  0.964289	  0.011904	
  0.964289	  0.011904	  0.011904	  0.011904	
  0.011904	  0.011904	  0.011904	  0.964289	
  0.964289	  0.011904	  0.011904	  0.011904	
  0.964289	  0.011904	  0.011904	  0.011904	
  0.011904	  0.011904	  0.964289	  0.011904	

URL http://cisbp.ccbr.utoronto.ca/TFreport.php?searchTF=T083878_1.02

