MEME version 4

ALPHABET= ACGT

strands: + -

Background letter frequencies (from uniform background):
A 0.25000 C 0.25000 G 0.25000 T 0.25000 

MOTIF M0255_1.02 (IGS.gm_10_00281)_(Arabidopsis_thaliana)_(DBD_0.61)

letter-probability matrix: alength= 4 w= 9 nsites= 1 E= 0
  0.251670	  0.336339	  0.122501	  0.289490	
  0.184008	  0.331949	  0.263745	  0.220298	
  0.621075	  0.130510	  0.137202	  0.111213	
  0.069957	  0.650592	  0.148099	  0.131352	
  0.115812	  0.162710	  0.633949	  0.087529	
  0.027593	  0.058415	  0.000223	  0.913769	
  0.032372	  0.000107	  0.950789	  0.016731	
  0.002449	  0.073371	  0.542141	  0.382040	
  0.288878	  0.476279	  0.133754	  0.101089	

URL http://cisbp.ccbr.utoronto.ca/TFreport.php?searchTF=T029878_1.02

MOTIF M0807_1.02 (IGS.gm_28_00058)_(Ostreococcus_tauri)_(DBD_0.81)

letter-probability matrix: alength= 4 w= 8 nsites= 1 E= 0
  0.295467	  0.283881	  0.163785	  0.256866	
  0.153126	  0.061637	  0.665982	  0.119255	
  0.801085	  0.029843	  0.071950	  0.097122	
  0.036187	  0.001490	  0.000618	  0.961705	
  0.175606	  0.644352	  0.124991	  0.055050	
  0.247032	  0.170633	  0.242140	  0.340194	
  0.275531	  0.223341	  0.249311	  0.251817	
  0.246648	  0.199929	  0.275328	  0.278095	

URL http://cisbp.ccbr.utoronto.ca/TFreport.php?searchTF=T085825_1.02

MOTIF M1384_1.02 (estExt_Genewise1.C_90203)_(Physcomitrella_patens)_(DBD_0.88)

letter-probability matrix: alength= 4 w= 10 nsites= 1 E= 0
  0.340720	  0.192686	  0.244952	  0.221642	
  0.183826	  0.291194	  0.321820	  0.203160	
  0.281884	  0.384327	  0.200636	  0.133152	
  0.343039	  0.124941	  0.472408	  0.059611	
  0.421097	  0.043072	  0.247860	  0.287972	
  0.992667	  0.000040	  0.002436	  0.004857	
  0.006857	  0.003616	  0.001888	  0.987639	
  0.070629	  0.886646	  0.002381	  0.040344	
  0.180733	  0.184384	  0.143599	  0.491284	
  0.256588	  0.232171	  0.197843	  0.313398	

URL http://cisbp.ccbr.utoronto.ca/TFreport.php?searchTF=T123128_1.02

MOTIF M1687_1.02 (e_gw1.12.292.1)_(Arabidopsis_thaliana)_(DBD_0.65)

letter-probability matrix: alength= 4 w= 10 nsites= 1 E= 0
  0.266970	  0.241564	  0.229783	  0.261683	
  0.226827	  0.268859	  0.201177	  0.303137	
  0.371088	  0.127286	  0.410116	  0.091509	
  0.031426	  0.000398	  0.794426	  0.173750	
  0.012810	  0.000153	  0.004394	  0.982643	
  0.100520	  0.889228	  0.000473	  0.009780	
  0.612748	  0.157268	  0.078882	  0.151102	
  0.530385	  0.082566	  0.205122	  0.181927	
  0.310579	  0.360841	  0.151175	  0.177405	
  0.243377	  0.229204	  0.309393	  0.218026	

URL http://cisbp.ccbr.utoronto.ca/TFreport.php?searchTF=T154944_1.02

MOTIF M2372_1.02 (estExt_Genewise1Plus.C_10250)_(Arabidopsis_thaliana)_(DBD_0.96)

letter-probability matrix: alength= 4 w= 11 nsites= 1 E= 0
  0.140000	  0.450000	  0.230000	  0.180000	
  0.160000	  0.270000	  0.550000	  0.020000	
  0.000000	  0.919192	  0.040404	  0.040404	
  0.000000	  0.050000	  0.930000	  0.020000	
  0.040404	  0.939394	  0.000000	  0.020202	
  0.040404	  0.020202	  0.020202	  0.919192	
  0.080808	  0.000000	  0.858586	  0.060606	
  0.960000	  0.000000	  0.020000	  0.020000	
  0.040000	  0.040000	  0.920000	  0.000000	
  0.020000	  0.550000	  0.260000	  0.170000	
  0.151515	  0.323232	  0.242424	  0.282828	

URL http://cisbp.ccbr.utoronto.ca/TFreport.php?searchTF=T123135_1.02

MOTIF M4708_1.02 (e_gw1.5.392.1)_(Homo_sapiens)_(DBD_0.79)

letter-probability matrix: alength= 4 w= 10 nsites= 1 E= 0
  0.161765	  0.161765	  0.058824	  0.617646	
  1.000000	  0.000000	  0.000000	  0.000000	
  0.014706	  0.000000	  0.029412	  0.955882	
  0.191176	  0.000000	  0.691177	  0.117647	
  0.000000	  0.779412	  0.000000	  0.220588	
  0.779412	  0.000000	  0.000000	  0.220588	
  0.838235	  0.000000	  0.161765	  0.000000	
  0.808824	  0.088235	  0.000000	  0.102941	
  0.117647	  0.044118	  0.029412	  0.808823	
  0.632353	  0.044118	  0.205882	  0.117647	

URL http://cisbp.ccbr.utoronto.ca/TFreport.php?searchTF=T150825_1.02

