MEME version 4

ALPHABET= ACGT

strands: + -

Background letter frequencies (from uniform background):
A 0.25000 C 0.25000 G 0.25000 T 0.25000 

MOTIF M0084_1.02 (TFAP2C)_(Mus_musculus)_(DBD_0.95)

letter-probability matrix: alength= 4 w= 10 nsites= 1 E= 0
  0.194725	  0.400049	  0.150143	  0.255083	
  0.089600	  0.325498	  0.526030	  0.058872	
  0.000086	  0.989917	  0.000244	  0.009753	
  0.001248	  0.813717	  0.012325	  0.172710	
  0.070689	  0.449572	  0.225494	  0.254244	
  0.114154	  0.272476	  0.444767	  0.168603	
  0.586691	  0.182089	  0.161499	  0.069721	
  0.199175	  0.001924	  0.791701	  0.007201	
  0.019359	  0.000265	  0.975696	  0.004679	
  0.061747	  0.509308	  0.305837	  0.123107	

URL http://cisbp.ccbr.utoronto.ca/TFreport.php?searchTF=T004793_1.02

MOTIF M0104_1.02 (ARID3B)_(Mus_musculus)_(DBD_0.85)

letter-probability matrix: alength= 4 w= 11 nsites= 1 E= 0
  0.467943	  0.177352	  0.177352	  0.177352	
  0.273411	  0.080067	  0.080067	  0.566454	
  0.609177	  0.119174	  0.033749	  0.237901	
  0.104443	  0.000141	  0.000141	  0.895276	
  0.000141	  0.000141	  0.000141	  0.999578	
  0.999578	  0.000141	  0.000141	  0.000141	
  0.910941	  0.000141	  0.000141	  0.088778	
  0.088778	  0.000141	  0.000141	  0.910941	
  0.261793	  0.167866	  0.072788	  0.497552	
  0.489780	  0.170073	  0.170073	  0.170073	
  0.350824	  0.216392	  0.216392	  0.216392	

URL http://cisbp.ccbr.utoronto.ca/TFreport.php?searchTF=T007280_1.02

MOTIF M0105_1.02 (ARID3C)_(Mus_musculus)_(DBD_0.87)

letter-probability matrix: alength= 4 w= 9 nsites= 1 E= 0
  0.265180	  0.185010	  0.202433	  0.347377	
  0.185396	  0.187259	  0.108039	  0.519306	
  0.151265	  0.141039	  0.100387	  0.607308	
  0.095920	  0.138866	  0.056459	  0.708755	
  0.354424	  0.113351	  0.333784	  0.198441	
  0.739186	  0.094212	  0.057143	  0.109459	
  0.023279	  0.024473	  0.020037	  0.932211	
  0.285933	  0.246105	  0.089636	  0.378326	
  0.254088	  0.232219	  0.267115	  0.246578	

URL http://cisbp.ccbr.utoronto.ca/TFreport.php?searchTF=T007284_1.02

MOTIF M0181_1.02 (MLX)_(Mus_musculus)_(DBD_0.82)

letter-probability matrix: alength= 4 w= 9 nsites= 1 E= 0
  0.213190	  0.185339	  0.327729	  0.273742	
  0.340712	  0.160941	  0.265347	  0.233000	
  0.209405	  0.197210	  0.258338	  0.335047	
  0.000001	  0.999579	  0.000071	  0.000349	
  0.888940	  0.000000	  0.111055	  0.000004	
  0.000027	  0.798969	  0.000000	  0.201004	
  0.000000	  0.076487	  0.922526	  0.000987	
  0.097990	  0.012742	  0.112715	  0.776553	
  0.052222	  0.053812	  0.769317	  0.124649	

URL http://cisbp.ccbr.utoronto.ca/TFreport.php?searchTF=T013393_1.02

MOTIF M0189_1.02 (ID2)_(Mus_musculus)_(DBD_0.98)

letter-probability matrix: alength= 4 w= 8 nsites= 1 E= 0
  0.277716	  0.166851	  0.499446	  0.055987	
  0.000370	  0.998891	  0.000370	  0.000370	
  0.999001	  0.000333	  0.000333	  0.000333	
  0.000333	  0.999001	  0.000333	  0.000333	
  0.000333	  0.000333	  0.999001	  0.000333	
  0.000333	  0.000333	  0.000333	  0.999001	
  0.000344	  0.000344	  0.998967	  0.000344	
  0.499546	  0.045826	  0.272686	  0.181942	

URL http://cisbp.ccbr.utoronto.ca/TFreport.php?searchTF=T013391_1.02

MOTIF M0196_1.02 (NPAS2)_(Mus_musculus)_(DBD_0.94)

letter-probability matrix: alength= 4 w= 10 nsites= 1 E= 0
  0.273313	  0.176530	  0.292754	  0.257403	
  0.154185	  0.377249	  0.420347	  0.048219	
  0.000226	  0.999321	  0.000226	  0.000226	
  0.999321	  0.000226	  0.000226	  0.000226	
  0.081100	  0.918447	  0.000226	  0.000226	
  0.081100	  0.000226	  0.918447	  0.000226	
  0.000226	  0.000226	  0.000226	  0.999321	
  0.081100	  0.000226	  0.918447	  0.000226	
  0.073697	  0.172181	  0.187665	  0.566457	
  0.297058	  0.298928	  0.202007	  0.202007	

URL http://cisbp.ccbr.utoronto.ca/TFreport.php?searchTF=T013405_1.02

MOTIF M0200_1.02 (CLOCK)_(Mus_musculus)_(DBD_0.96)

letter-probability matrix: alength= 4 w= 10 nsites= 1 E= 0
  0.239964	  0.200309	  0.336557	  0.223170	
  0.293276	  0.320740	  0.252774	  0.133210	
  0.162184	  0.774560	  0.028113	  0.035143	
  0.713119	  0.054463	  0.173280	  0.059138	
  0.027939	  0.674387	  0.047681	  0.249993	
  0.249993	  0.047681	  0.674387	  0.027939	
  0.059138	  0.173280	  0.054463	  0.713119	
  0.035143	  0.028113	  0.774560	  0.162184	
  0.133210	  0.252774	  0.320740	  0.293276	
  0.223170	  0.336557	  0.200309	  0.239964	

URL http://cisbp.ccbr.utoronto.ca/TFreport.php?searchTF=T013395_1.02

MOTIF M0203_1.02 (FIGLA)_(Mus_musculus)_(DBD_0.72)

letter-probability matrix: alength= 4 w= 9 nsites= 1 E= 0
  0.250583	  0.381378	  0.193213	  0.174826	
  0.013384	  0.986426	  0.000150	  0.000039	
  0.917989	  0.033188	  0.040132	  0.008690	
  0.008390	  0.398232	  0.570798	  0.022579	
  0.046180	  0.314989	  0.627999	  0.010832	
  0.001167	  0.022070	  0.000006	  0.976757	
  0.059828	  0.014034	  0.881371	  0.044767	
  0.176480	  0.217719	  0.308958	  0.296844	
  0.272826	  0.167140	  0.206197	  0.353836	

URL http://cisbp.ccbr.utoronto.ca/TFreport.php?searchTF=T013387_1.02

MOTIF M0213_1.02 (OLIG3)_(Mus_musculus)_(DBD_1.00)

letter-probability matrix: alength= 4 w= 11 nsites= 1 E= 0
  0.201784	  0.295980	  0.300452	  0.201784	
  0.274925	  0.079923	  0.079923	  0.565228	
  0.731885	  0.120705	  0.024371	  0.123039	
  0.189822	  0.517890	  0.000302	  0.291985	
  0.195173	  0.614669	  0.000302	  0.189856	
  0.809704	  0.000302	  0.000302	  0.189691	
  0.000302	  0.194479	  0.093488	  0.711731	
  0.905907	  0.000302	  0.000302	  0.093488	
  0.243671	  0.144721	  0.237061	  0.374546	
  0.170379	  0.170379	  0.392660	  0.266582	
  0.225931	  0.225931	  0.322206	  0.225931	

URL http://cisbp.ccbr.utoronto.ca/TFreport.php?searchTF=T013400_1.02

MOTIF M0298_1.02 (ATF3)_(Mus_musculus)_(DBD_0.98)

letter-probability matrix: alength= 4 w= 9 nsites= 1 E= 0
  0.180173	  0.245653	  0.229045	  0.345129	
  0.180819	  0.146569	  0.458287	  0.214325	
  0.556878	  0.113562	  0.235650	  0.093911	
  0.020212	  0.000716	  0.000325	  0.978747	
  0.084476	  0.056062	  0.643206	  0.216256	
  0.854376	  0.000259	  0.030888	  0.114477	
  0.078044	  0.669994	  0.033357	  0.218605	
  0.230071	  0.132739	  0.463306	  0.173884	
  0.217065	  0.252194	  0.200376	  0.330365	

URL http://cisbp.ccbr.utoronto.ca/TFreport.php?searchTF=T024730_1.02

MOTIF M0305_1.02 (CREB3L2)_(Mus_musculus)_(DBD_0.84)

letter-probability matrix: alength= 4 w= 9 nsites= 1 E= 0
  0.002475	  0.002475	  0.745050	  0.250000	
  0.250000	  0.623134	  0.001244	  0.125622	
  0.001244	  0.871891	  0.125622	  0.001244	
  0.996269	  0.001244	  0.001244	  0.001244	
  0.001244	  0.996269	  0.001244	  0.001244	
  0.001244	  0.001244	  0.996269	  0.001244	
  0.001244	  0.001244	  0.001244	  0.996269	
  0.001420	  0.143466	  0.853693	  0.001420	
  0.250000	  0.002475	  0.250000	  0.497525	

URL http://cisbp.ccbr.utoronto.ca/TFreport.php?searchTF=T024711_1.02

MOTIF M0309_1.02 (ATF7)_(Mus_musculus)_(DBD_1.00)

letter-probability matrix: alength= 4 w= 10 nsites= 1 E= 0
  0.260002	  0.181397	  0.311279	  0.247322	
  0.577516	  0.121357	  0.289668	  0.011459	
  0.000019	  0.055723	  0.000006	  0.944252	
  0.074595	  0.061073	  0.579449	  0.284883	
  0.852748	  0.005980	  0.140958	  0.000313	
  0.000066	  0.834717	  0.000028	  0.165189	
  0.169554	  0.075428	  0.694486	  0.060532	
  0.133120	  0.126628	  0.087466	  0.652787	
  0.371994	  0.440927	  0.102399	  0.084680	
  0.527113	  0.119991	  0.170275	  0.182621	

URL http://cisbp.ccbr.utoronto.ca/TFreport.php?searchTF=T024731_1.02

MOTIF M0319_1.02 (CREM)_(Mus_musculus)_(DBD_0.77)

letter-probability matrix: alength= 4 w= 10 nsites= 1 E= 0
  0.183122	  0.183122	  0.270541	  0.363215	
  0.645397	  0.087274	  0.180054	  0.087274	
  0.000184	  0.000184	  0.000184	  0.999448	
  0.000184	  0.000184	  0.724689	  0.274944	
  0.999448	  0.000184	  0.000184	  0.000184	
  0.000184	  0.999448	  0.000184	  0.000184	
  0.000184	  0.000184	  0.999448	  0.000184	
  0.000184	  0.000184	  0.000184	  0.999448	
  0.547966	  0.317911	  0.067062	  0.067062	
  0.511272	  0.162909	  0.162909	  0.162909	

URL http://cisbp.ccbr.utoronto.ca/TFreport.php?searchTF=T024719_1.02

MOTIF M0404_1.02 (ZNF202)_(Mus_musculus)_(DBD_0.85)

letter-probability matrix: alength= 4 w= 10 nsites= 1 E= 0
  0.285048	  0.209068	  0.226480	  0.279404	
  0.313707	  0.190273	  0.249250	  0.246770	
  0.222819	  0.189874	  0.325825	  0.261481	
  0.170544	  0.190374	  0.411163	  0.227919	
  0.007796	  0.001638	  0.857134	  0.133432	
  0.004399	  0.000062	  0.973967	  0.021572	
  0.005120	  0.000231	  0.873980	  0.120670	
  0.212111	  0.165192	  0.506289	  0.116409	
  0.073646	  0.391221	  0.353992	  0.181141	
  0.406486	  0.225326	  0.236879	  0.131309	

URL http://cisbp.ccbr.utoronto.ca/TFreport.php?searchTF=T040153_1.02

MOTIF M0408_1.02 (ZKSCAN1)_(Mus_musculus)_(DBD_0.99)

letter-probability matrix: alength= 4 w= 10 nsites= 1 E= 0
  0.368659	  0.127974	  0.237717	  0.265650	
  0.253090	  0.257619	  0.185858	  0.303434	
  0.201345	  0.206571	  0.334720	  0.257364	
  0.145520	  0.301411	  0.103189	  0.449879	
  0.311749	  0.108333	  0.429663	  0.150255	
  0.150255	  0.429663	  0.108333	  0.311749	
  0.449879	  0.103189	  0.301411	  0.145520	
  0.257364	  0.334720	  0.206571	  0.201345	
  0.303434	  0.185858	  0.257619	  0.253090	
  0.265650	  0.237717	  0.127974	  0.368659	

URL http://cisbp.ccbr.utoronto.ca/TFreport.php?searchTF=T040187_1.02

MOTIF M0428_1.02 (ZNF691)_(Mus_musculus)_(DBD_0.93)

letter-probability matrix: alength= 4 w= 8 nsites= 1 E= 0
  0.516489	  0.100100	  0.283311	  0.100100	
  0.081474	  0.127964	  0.523129	  0.267434	
  0.018955	  0.000094	  0.980856	  0.000094	
  0.971426	  0.009525	  0.018955	  0.000094	
  0.009525	  0.000094	  0.971426	  0.018955	
  0.000095	  0.647468	  0.009615	  0.342822	
  0.791865	  0.188143	  0.000099	  0.019893	
  0.054901	  0.890060	  0.013828	  0.041210	

URL http://cisbp.ccbr.utoronto.ca/TFreport.php?searchTF=T040233_1.02

MOTIF M0432_1.02 (ZFP161)_(Mus_musculus)_(DBD_1.00)

letter-probability matrix: alength= 4 w= 9 nsites= 1 E= 0
  0.218335	  0.335636	  0.256218	  0.189811	
  0.281737	  0.194605	  0.347572	  0.176086	
  0.037721	  0.820757	  0.023576	  0.117946	
  0.059238	  0.045221	  0.863991	  0.031550	
  0.137689	  0.500193	  0.106165	  0.255953	
  0.131295	  0.061402	  0.683653	  0.123649	
  0.179495	  0.539231	  0.125229	  0.156045	
  0.387566	  0.270396	  0.135624	  0.206414	
  0.199182	  0.377744	  0.137582	  0.285493	

URL http://cisbp.ccbr.utoronto.ca/TFreport.php?searchTF=T040276_1.02

MOTIF M0436_1.02 (ZNF35)_(Mus_musculus)_(DBD_0.94)

letter-probability matrix: alength= 4 w= 10 nsites= 1 E= 0
  0.108008	  0.054174	  0.023623	  0.814196	
  0.040151	  0.120620	  0.016488	  0.822741	
  0.317341	  0.134287	  0.387601	  0.160770	
  0.124227	  0.077642	  0.111287	  0.686845	
  0.050023	  0.092064	  0.043488	  0.814425	
  0.133657	  0.086945	  0.303467	  0.475931	
  0.339638	  0.088933	  0.267169	  0.304260	
  0.204153	  0.251859	  0.141015	  0.402973	
  0.173772	  0.220908	  0.186372	  0.418948	
  0.251866	  0.246878	  0.320184	  0.181072	

URL http://cisbp.ccbr.utoronto.ca/TFreport.php?searchTF=T040301_1.02

MOTIF M0437_1.02 (ZNF32)_(Mus_musculus)_(DBD_0.91)

letter-probability matrix: alength= 4 w= 9 nsites= 1 E= 0
  0.166667	  0.166667	  0.166667	  0.500000	
  0.625000	  0.125000	  0.125000	  0.125000	
  0.125000	  0.125000	  0.125000	  0.625000	
  0.500000	  0.125000	  0.250000	  0.125000	
  0.125000	  0.125000	  0.125000	  0.625000	
  0.625000	  0.125000	  0.125000	  0.125000	
  0.125000	  0.125000	  0.125000	  0.625000	
  0.500000	  0.125000	  0.250000	  0.125000	
  0.166667	  0.166667	  0.166667	  0.500000	

URL http://cisbp.ccbr.utoronto.ca/TFreport.php?searchTF=T040100_1.02

MOTIF M0442_1.02 (ZBTB3)_(Mus_musculus)_(DBD_0.87)

letter-probability matrix: alength= 4 w= 9 nsites= 1 E= 0
  0.270078	  0.259488	  0.249313	  0.221121	
  0.278329	  0.234817	  0.254374	  0.232480	
  0.155698	  0.118856	  0.218747	  0.506699	
  0.151076	  0.236935	  0.571226	  0.040763	
  0.061428	  0.904932	  0.012780	  0.020861	
  0.988678	  0.000117	  0.000000	  0.011205	
  0.012623	  0.105162	  0.850223	  0.031992	
  0.038334	  0.329088	  0.008468	  0.624110	
  0.150689	  0.044935	  0.604994	  0.199381	

URL http://cisbp.ccbr.utoronto.ca/TFreport.php?searchTF=T040273_1.02

MOTIF M0443_1.02 (KLF12)_(Mus_musculus)_(DBD_1.00)

letter-probability matrix: alength= 4 w= 10 nsites= 1 E= 0
  0.260102	  0.124098	  0.223872	  0.391927	
  0.187213	  0.000148	  0.790168	  0.022471	
  0.000002	  0.000005	  0.999931	  0.000063	
  0.000374	  0.000026	  0.999566	  0.000034	
  0.076094	  0.621399	  0.000039	  0.302468	
  0.000325	  0.000031	  0.997699	  0.001945	
  0.060231	  0.086331	  0.346604	  0.506834	
  0.189328	  0.102872	  0.514647	  0.193153	
  0.167870	  0.130737	  0.470215	  0.231178	
  0.172456	  0.411638	  0.156045	  0.259860	

URL http://cisbp.ccbr.utoronto.ca/TFreport.php?searchTF=T040062_1.02

MOTIF M0447_1.02 (BCL11A)_(Caenorhabditis_elegans)_(DBD_0.73)

letter-probability matrix: alength= 4 w= 10 nsites= 1 E= 0
  0.391273	  0.146849	  0.267577	  0.194301	
  0.236558	  0.241337	  0.322529	  0.199576	
  0.063325	  0.269963	  0.106515	  0.560196	
  0.004417	  0.002260	  0.968160	  0.025164	
  0.019015	  0.007208	  0.958364	  0.015413	
  0.150280	  0.035251	  0.000029	  0.814440	
  0.000025	  0.973874	  0.003426	  0.022675	
  0.905030	  0.032719	  0.031436	  0.030814	
  0.261983	  0.246726	  0.254240	  0.237052	
  0.139579	  0.281078	  0.155809	  0.423533	

URL http://cisbp.ccbr.utoronto.ca/TFreport.php?searchTF=T039997_1.02

MOTIF M0594_1.02 (LIN54)_(Gallus_gallus)_(DBD_0.95)

letter-probability matrix: alength= 4 w= 9 nsites= 1 E= 0
  0.411378	  0.091233	  0.211983	  0.285406	
  0.000206	  0.000206	  0.000206	  0.999383	
  0.000206	  0.000206	  0.000206	  0.999383	
  0.000206	  0.211990	  0.000206	  0.787598	
  0.437915	  0.000206	  0.561674	  0.000206	
  0.999383	  0.000206	  0.000206	  0.000206	
  0.999383	  0.000206	  0.000206	  0.000206	
  0.103784	  0.210663	  0.000206	  0.685347	
  0.242672	  0.248680	  0.158972	  0.349676	

URL http://cisbp.ccbr.utoronto.ca/TFreport.php?searchTF=T073856_1.02

MOTIF M0641_1.02 (DMRTA1)_(Drosophila_melanogaster)_(DBD_0.96)

letter-probability matrix: alength= 4 w= 10 nsites= 1 E= 0
  0.264213	  0.114063	  0.073461	  0.548263	
  0.146979	  0.076730	  0.639248	  0.137043	
  0.091624	  0.122448	  0.030195	  0.755733	
  0.530776	  0.071833	  0.106096	  0.291296	
  0.340580	  0.064758	  0.186914	  0.407748	
  0.130860	  0.648156	  0.077799	  0.143184	
  0.378005	  0.205389	  0.180351	  0.236254	
  0.412383	  0.112387	  0.172768	  0.302461	
  0.281282	  0.131546	  0.159072	  0.428100	
  0.236410	  0.182284	  0.128453	  0.452853	

URL http://cisbp.ccbr.utoronto.ca/TFreport.php?searchTF=T075085_1.02

MOTIF M0689_1.02 (ETV3)_(Mus_musculus)_(DBD_1.00)

letter-probability matrix: alength= 4 w= 10 nsites= 1 E= 0
  0.313334	  0.205875	  0.241597	  0.239193	
  0.387641	  0.160787	  0.247171	  0.204400	
  0.197818	  0.349795	  0.246496	  0.205891	
  0.265919	  0.499293	  0.148888	  0.085901	
  0.048518	  0.002724	  0.908635	  0.040123	
  0.060566	  0.022505	  0.883356	  0.033573	
  0.952353	  0.001933	  0.000612	  0.045102	
  0.571191	  0.089812	  0.022370	  0.316627	
  0.381171	  0.136081	  0.408809	  0.073940	
  0.173410	  0.277455	  0.131061	  0.418074	

URL http://cisbp.ccbr.utoronto.ca/TFreport.php?searchTF=T077715_1.02

MOTIF M0705_1.02 (ETV6)_(Mus_musculus)_(DBD_1.00)

letter-probability matrix: alength= 4 w= 10 nsites= 1 E= 0
  0.334466	  0.166091	  0.231027	  0.268415	
  0.310818	  0.221231	  0.244498	  0.223454	
  0.180155	  0.373837	  0.297026	  0.148981	
  0.268613	  0.504350	  0.144499	  0.082539	
  0.017253	  0.001160	  0.970695	  0.010892	
  0.032848	  0.025582	  0.917718	  0.023853	
  0.926227	  0.024560	  0.019514	  0.029699	
  0.879574	  0.038453	  0.015324	  0.066649	
  0.369584	  0.085831	  0.519246	  0.025340	
  0.142210	  0.259123	  0.082048	  0.516619	

URL http://cisbp.ccbr.utoronto.ca/TFreport.php?searchTF=T077718_1.02

MOTIF M0736_1.02 (FOXK2)_(Mus_musculus)_(DBD_0.89)

letter-probability matrix: alength= 4 w= 8 nsites= 1 E= 0
  0.309467	  0.142959	  0.547336	  0.000238	
  0.295052	  0.000164	  0.000164	  0.704620	
  0.619510	  0.295749	  0.000141	  0.084600	
  0.888534	  0.069545	  0.000139	  0.041782	
  0.999584	  0.000139	  0.000139	  0.000139	
  0.000139	  0.957940	  0.000139	  0.041782	
  0.999572	  0.000143	  0.000143	  0.000143	
  0.660068	  0.132164	  0.056750	  0.151018	

URL http://cisbp.ccbr.utoronto.ca/TFreport.php?searchTF=T081249_1.02

MOTIF M0737_1.02 (FOXB2)_(Mus_musculus)_(DBD_0.94)

letter-probability matrix: alength= 4 w= 10 nsites= 1 E= 0
  0.329842	  0.082156	  0.060257	  0.527746	
  0.520070	  0.108198	  0.255689	  0.116043	
  0.283345	  0.081996	  0.128595	  0.506065	
  0.209230	  0.033229	  0.701648	  0.055893	
  0.071321	  0.155585	  0.032694	  0.740400	
  0.638753	  0.232646	  0.070072	  0.058529	
  0.729556	  0.133278	  0.066184	  0.070983	
  0.865457	  0.036352	  0.043959	  0.054231	
  0.059316	  0.519509	  0.058726	  0.362449	
  0.777489	  0.053307	  0.067092	  0.102112	

URL http://cisbp.ccbr.utoronto.ca/TFreport.php?searchTF=T081250_1.02

MOTIF M0813_1.02 (GCM1)_(Rattus_norvegicus)_(DBD_0.54)

letter-probability matrix: alength= 4 w= 10 nsites= 1 E= 0
  0.271003	  0.219671	  0.235599	  0.273727	
  0.213209	  0.271042	  0.263031	  0.252718	
  0.561460	  0.141251	  0.230567	  0.066722	
  0.084700	  0.070044	  0.041642	  0.803614	
  0.320216	  0.105530	  0.571917	  0.002337	
  0.150709	  0.587190	  0.153753	  0.108348	
  0.076061	  0.043883	  0.707359	  0.172697	
  0.003197	  0.007554	  0.984433	  0.004817	
  0.003677	  0.001451	  0.984366	  0.010507	
  0.105313	  0.335943	  0.082018	  0.476726	

URL http://cisbp.ccbr.utoronto.ca/TFreport.php?searchTF=T086726_1.02

MOTIF M0820_1.02 (TFCP2)_(Gallus_gallus)_(DBD_0.81)

letter-probability matrix: alength= 4 w= 9 nsites= 1 E= 0
  0.009615	  0.009615	  0.009615	  0.971154	
  0.985294	  0.004902	  0.004902	  0.004902	
  0.985294	  0.004902	  0.004902	  0.004902	
  0.004902	  0.985294	  0.004902	  0.004902	
  0.004902	  0.985294	  0.004902	  0.004902	
  0.004902	  0.004902	  0.985294	  0.004902	
  0.004902	  0.004902	  0.985294	  0.004902	
  0.004902	  0.004902	  0.004902	  0.985294	
  0.009615	  0.009615	  0.009615	  0.971154	

URL http://cisbp.ccbr.utoronto.ca/TFreport.php?searchTF=T087219_1.02

MOTIF M0888_1.02 (NOBOX)_(Homo_sapiens)_(DBD_1.00)

letter-probability matrix: alength= 4 w= 10 nsites= 1 E= 0
  0.210009	  0.307093	  0.264318	  0.218580	
  0.229725	  0.241503	  0.168491	  0.360281	
  0.219200	  0.167332	  0.063433	  0.550035	
  0.490926	  0.121061	  0.216219	  0.171794	
  0.861810	  0.024024	  0.048864	  0.065303	
  0.070986	  0.119401	  0.129345	  0.680268	
  0.138026	  0.117618	  0.179010	  0.565347	
  0.336039	  0.093431	  0.481655	  0.088875	
  0.244137	  0.214375	  0.364209	  0.177279	
  0.224703	  0.291424	  0.195348	  0.288525	

URL http://cisbp.ccbr.utoronto.ca/TFreport.php?searchTF=T091682_1.02

MOTIF M0896_1.02 (VENTX)_(Homo_sapiens)_(DBD_0.79)

letter-probability matrix: alength= 4 w= 8 nsites= 1 E= 0
  0.055771	  0.028024	  0.139012	  0.777192	
  0.000200	  0.060152	  0.000200	  0.939448	
  0.999445	  0.000185	  0.000185	  0.000185	
  0.999445	  0.000185	  0.000185	  0.000185	
  0.000185	  0.000185	  0.000185	  0.999445	
  0.000192	  0.038624	  0.134704	  0.826480	
  0.755107	  0.000222	  0.244449	  0.000222	
  0.057363	  0.200057	  0.542523	  0.200057	

URL http://cisbp.ccbr.utoronto.ca/TFreport.php?searchTF=T091673_1.02

MOTIF M0905_1.02 (HOXA4)_(Mus_musculus)_(DBD_1.00)

letter-probability matrix: alength= 4 w= 9 nsites= 1 E= 0
  0.196847	  0.282147	  0.169428	  0.351577	
  0.155907	  0.072187	  0.051897	  0.720008	
  0.696670	  0.087035	  0.095232	  0.121063	
  0.798358	  0.042630	  0.032219	  0.126793	
  0.067221	  0.146641	  0.081287	  0.704851	
  0.114380	  0.141109	  0.368533	  0.375978	
  0.447955	  0.095078	  0.322046	  0.134922	
  0.226418	  0.284970	  0.217540	  0.271072	
  0.214998	  0.296080	  0.212859	  0.276063	

URL http://cisbp.ccbr.utoronto.ca/TFreport.php?searchTF=T091626_1.02

MOTIF M0907_1.02 (MEOX1)_(Mus_musculus)_(DBD_1.00)

letter-probability matrix: alength= 4 w= 9 nsites= 1 E= 0
  0.260011	  0.244869	  0.186928	  0.308192	
  0.121246	  0.118845	  0.033711	  0.726198	
  0.700489	  0.000333	  0.270908	  0.028269	
  0.962122	  0.009292	  0.000107	  0.028478	
  0.024775	  0.111032	  0.068021	  0.796173	
  0.075798	  0.088950	  0.394680	  0.440572	
  0.541591	  0.066321	  0.277137	  0.114952	
  0.183583	  0.341268	  0.255359	  0.219789	
  0.201776	  0.326086	  0.199769	  0.272370	

URL http://cisbp.ccbr.utoronto.ca/TFreport.php?searchTF=T091643_1.02

MOTIF M0916_1.02 (EVX1)_(Mus_musculus)_(DBD_0.79)

letter-probability matrix: alength= 4 w= 8 nsites= 1 E= 0
  0.235698	  0.265748	  0.314993	  0.183561	
  0.194613	  0.361771	  0.230676	  0.212940	
  0.142042	  0.092400	  0.025949	  0.739610	
  0.699379	  0.079059	  0.175949	  0.045613	
  0.870945	  0.043362	  0.006683	  0.079010	
  0.058490	  0.192260	  0.064641	  0.684609	
  0.137513	  0.209290	  0.328232	  0.324966	
  0.380775	  0.133247	  0.314885	  0.171093	

URL http://cisbp.ccbr.utoronto.ca/TFreport.php?searchTF=T091674_1.02

MOTIF M0929_1.02 (HOXA2)_(Mus_musculus)_(DBD_1.00)

letter-probability matrix: alength= 4 w= 9 nsites= 1 E= 0
  0.212944	  0.305219	  0.179654	  0.302182	
  0.139237	  0.074156	  0.032014	  0.754592	
  0.749862	  0.028786	  0.146920	  0.074432	
  0.910880	  0.019190	  0.000909	  0.069021	
  0.047994	  0.131772	  0.069482	  0.750751	
  0.077838	  0.112689	  0.370417	  0.439057	
  0.522798	  0.084707	  0.264858	  0.127638	
  0.180205	  0.341756	  0.255723	  0.222315	
  0.212626	  0.301731	  0.212626	  0.273017	

URL http://cisbp.ccbr.utoronto.ca/TFreport.php?searchTF=T091667_1.02

MOTIF M0937_1.02 (SIX6)_(Mus_musculus)_(DBD_1.00)

letter-probability matrix: alength= 4 w= 7 nsites= 1 E= 0
  0.189564	  0.248322	  0.164799	  0.397314	
  0.171082	  0.164374	  0.433608	  0.230936	
  0.736823	  0.172837	  0.000112	  0.090229	
  0.119808	  0.193619	  0.030750	  0.655823	
  0.544071	  0.336662	  0.000272	  0.118995	
  0.130720	  0.456257	  0.144468	  0.268555	
  0.205555	  0.335531	  0.229457	  0.229457	

URL http://cisbp.ccbr.utoronto.ca/TFreport.php?searchTF=T091659_1.02

MOTIF M0945_1.02 (HMBOX1)_(Mus_musculus)_(DBD_1.00)

letter-probability matrix: alength= 4 w= 8 nsites= 1 E= 0
  0.247487	  0.247487	  0.196637	  0.308388	
  0.227270	  0.216186	  0.129819	  0.426725	
  0.403727	  0.148523	  0.154584	  0.293166	
  0.610245	  0.108187	  0.094053	  0.187515	
  0.144665	  0.661442	  0.057652	  0.136241	
  0.142337	  0.346610	  0.146672	  0.364381	
  0.406289	  0.218561	  0.175399	  0.199750	
  0.250559	  0.201079	  0.362743	  0.185619	

URL http://cisbp.ccbr.utoronto.ca/TFreport.php?searchTF=T091641_1.02

MOTIF M0958_1.02 (LHX4)_(Mus_musculus)_(DBD_1.00)

letter-probability matrix: alength= 4 w= 7 nsites= 1 E= 0
  0.143815	  0.343274	  0.223303	  0.289608	
  0.074562	  0.321060	  0.036658	  0.567720	
  0.673560	  0.162809	  0.098749	  0.064882	
  0.883750	  0.060593	  0.022069	  0.033588	
  0.044040	  0.070464	  0.000928	  0.884568	
  0.163964	  0.310956	  0.088204	  0.436876	
  0.481574	  0.126098	  0.155564	  0.236763	

URL http://cisbp.ccbr.utoronto.ca/TFreport.php?searchTF=T091679_1.02

MOTIF M0960_1.02 (LMX1A)_(Mus_musculus)_(DBD_0.93)

letter-probability matrix: alength= 4 w= 8 nsites= 1 E= 0
  0.179449	  0.275859	  0.239820	  0.304872	
  0.098405	  0.330001	  0.069345	  0.502249	
  0.556556	  0.215243	  0.116952	  0.111249	
  0.735866	  0.107883	  0.030909	  0.125342	
  0.077738	  0.120704	  0.010521	  0.791037	
  0.332583	  0.184360	  0.088845	  0.394212	
  0.425109	  0.147281	  0.128040	  0.299569	
  0.296228	  0.237729	  0.233021	  0.233021	

URL http://cisbp.ccbr.utoronto.ca/TFreport.php?searchTF=T091683_1.02

MOTIF M0969_1.02 (LHX8)_(Mus_musculus)_(DBD_1.00)

letter-probability matrix: alength= 4 w= 9 nsites= 1 E= 0
  0.192536	  0.304991	  0.295977	  0.206496	
  0.128345	  0.401306	  0.069043	  0.401306	
  0.658270	  0.177614	  0.075915	  0.088201	
  0.858644	  0.067044	  0.042324	  0.031988	
  0.034078	  0.040799	  0.001184	  0.923940	
  0.045464	  0.481509	  0.078801	  0.394226	
  0.746009	  0.066336	  0.063101	  0.124554	
  0.297688	  0.189814	  0.312951	  0.199546	
  0.194402	  0.295872	  0.265052	  0.244674	

URL http://cisbp.ccbr.utoronto.ca/TFreport.php?searchTF=T091629_1.02

MOTIF M0975_1.02 (LHX1)_(Mus_musculus)_(DBD_0.98)

letter-probability matrix: alength= 4 w= 9 nsites= 1 E= 0
  0.152081	  0.091324	  0.047201	  0.709395	
  0.690458	  0.086259	  0.135281	  0.088002	
  0.886062	  0.013024	  0.035758	  0.065156	
  0.031077	  0.036836	  0.028403	  0.903684	
  0.110911	  0.101365	  0.155824	  0.631899	
  0.491062	  0.048743	  0.349523	  0.110672	
  0.367221	  0.191706	  0.269337	  0.171737	
  0.287641	  0.235500	  0.183408	  0.293451	
  0.278534	  0.200244	  0.177601	  0.343621	

URL http://cisbp.ccbr.utoronto.ca/TFreport.php?searchTF=T091657_1.02

MOTIF M0994_1.02 (SIX4)_(Mus_musculus)_(DBD_0.93)

letter-probability matrix: alength= 4 w= 9 nsites= 1 E= 0
  0.294249	  0.222388	  0.222388	  0.260975	
  0.183480	  0.221873	  0.178057	  0.416591	
  0.075940	  0.132946	  0.517984	  0.273129	
  0.948766	  0.047711	  0.002423	  0.001100	
  0.114207	  0.261913	  0.146644	  0.477236	
  0.526111	  0.349154	  0.000085	  0.124650	
  0.145740	  0.556586	  0.082419	  0.215255	
  0.169751	  0.417520	  0.211523	  0.201207	
  0.257435	  0.267941	  0.217189	  0.257435	

URL http://cisbp.ccbr.utoronto.ca/TFreport.php?searchTF=T091644_1.02

MOTIF M0999_1.02 (NKX6-1)_(Mus_musculus)_(DBD_0.79)

letter-probability matrix: alength= 4 w= 9 nsites= 1 E= 0
  0.319806	  0.179059	  0.239299	  0.261835	
  0.326964	  0.089108	  0.142572	  0.441355	
  0.104999	  0.140324	  0.052665	  0.702012	
  0.632389	  0.042927	  0.165588	  0.159096	
  0.902412	  0.000373	  0.035342	  0.061872	
  0.062494	  0.001133	  0.033956	  0.902416	
  0.174093	  0.139713	  0.298744	  0.387450	
  0.522018	  0.055573	  0.301178	  0.121231	
  0.164852	  0.331971	  0.291502	  0.211674	

URL http://cisbp.ccbr.utoronto.ca/TFreport.php?searchTF=T091640_1.02

MOTIF M1001_1.02 (PKNOX2)_(Mus_musculus)_(DBD_0.83)

letter-probability matrix: alength= 4 w= 10 nsites= 1 E= 0
  0.322331	  0.197469	  0.274673	  0.205527	
  0.194389	  0.314147	  0.287109	  0.204355	
  0.241423	  0.414283	  0.182463	  0.161831	
  0.070501	  0.283051	  0.022774	  0.623674	
  0.068469	  0.000243	  0.876887	  0.054401	
  0.095932	  0.187473	  0.000627	  0.715968	
  0.063044	  0.815526	  0.046704	  0.074726	
  0.494531	  0.137498	  0.193177	  0.174794	
  0.280233	  0.246071	  0.222654	  0.251042	
  0.271003	  0.235599	  0.219671	  0.273727	

URL http://cisbp.ccbr.utoronto.ca/TFreport.php?searchTF=T091660_1.02

MOTIF M1007_1.02 (HOXA11)_(Mus_musculus)_(DBD_1.00)

letter-probability matrix: alength= 4 w= 9 nsites= 1 E= 0
  0.202833	  0.130632	  0.147287	  0.519248	
  0.159348	  0.134436	  0.133099	  0.573117	
  0.294125	  0.130844	  0.113750	  0.461280	
  0.520505	  0.125813	  0.171537	  0.182144	
  0.127007	  0.331704	  0.119611	  0.421678	
  0.179782	  0.144279	  0.388288	  0.287651	
  0.381823	  0.156798	  0.271771	  0.189608	
  0.151875	  0.334641	  0.258026	  0.255458	
  0.245353	  0.285059	  0.224235	  0.245353	

URL http://cisbp.ccbr.utoronto.ca/TFreport.php?searchTF=T091654_1.02

MOTIF M1024_1.02 (DLX1)_(Mus_musculus)_(DBD_0.75)

letter-probability matrix: alength= 4 w= 9 nsites= 1 E= 0
  0.308862	  0.217651	  0.204976	  0.268511	
  0.162560	  0.093789	  0.036637	  0.707014	
  0.804281	  0.032784	  0.144020	  0.018915	
  0.924954	  0.003353	  0.032451	  0.039242	
  0.084100	  0.081615	  0.097711	  0.736574	
  0.173718	  0.152541	  0.191988	  0.481753	
  0.336856	  0.096511	  0.419748	  0.146886	
  0.197434	  0.312750	  0.280172	  0.209643	
  0.224674	  0.282775	  0.231517	  0.261034	

URL http://cisbp.ccbr.utoronto.ca/TFreport.php?searchTF=T091652_1.02

MOTIF M1025_1.02 (HOXD1)_(Mus_musculus)_(DBD_0.95)

letter-probability matrix: alength= 4 w= 8 nsites= 1 E= 0
  0.277551	  0.229523	  0.283158	  0.209768	
  0.157505	  0.320364	  0.267591	  0.254540	
  0.165043	  0.378497	  0.074159	  0.382301	
  0.362269	  0.265705	  0.233315	  0.138710	
  0.731054	  0.107178	  0.061836	  0.099932	
  0.127335	  0.085355	  0.001415	  0.785895	
  0.105896	  0.265723	  0.082472	  0.545910	
  0.514762	  0.141699	  0.159765	  0.183774	

URL http://cisbp.ccbr.utoronto.ca/TFreport.php?searchTF=T091632_1.02

MOTIF M1027_1.02 (HOXA6)_(Mus_musculus)_(DBD_1.00)

letter-probability matrix: alength= 4 w= 9 nsites= 1 E= 0
  0.211874	  0.191712	  0.182362	  0.414052	
  0.162671	  0.088388	  0.089276	  0.659665	
  0.635240	  0.026417	  0.087707	  0.250636	
  0.841058	  0.027790	  0.054853	  0.076299	
  0.060485	  0.134613	  0.075370	  0.729532	
  0.126207	  0.093496	  0.357066	  0.423232	
  0.406948	  0.066599	  0.390992	  0.135461	
  0.160293	  0.398219	  0.220744	  0.220744	
  0.214080	  0.319370	  0.186112	  0.280437	

URL http://cisbp.ccbr.utoronto.ca/TFreport.php?searchTF=T091664_1.02

MOTIF M1028_1.02 (EMX2)_(Mus_musculus)_(DBD_0.72)

letter-probability matrix: alength= 4 w= 9 nsites= 1 E= 0
  0.184447	  0.364076	  0.184447	  0.267030	
  0.116544	  0.046445	  0.001308	  0.835703	
  0.822965	  0.097799	  0.078485	  0.000750	
  0.891592	  0.011056	  0.021179	  0.076173	
  0.116988	  0.045699	  0.100693	  0.736620	
  0.189372	  0.123188	  0.282510	  0.404930	
  0.430266	  0.105047	  0.303203	  0.161484	
  0.227412	  0.274998	  0.297901	  0.199689	
  0.184723	  0.307617	  0.234829	  0.272832	

URL http://cisbp.ccbr.utoronto.ca/TFreport.php?searchTF=T091633_1.02

MOTIF M1036_1.02 (MSX1)_(Mus_musculus)_(DBD_1.00)

letter-probability matrix: alength= 4 w= 7 nsites= 1 E= 0
  0.226066	  0.281695	  0.221589	  0.270650	
  0.146677	  0.148151	  0.067238	  0.637934	
  0.618779	  0.056134	  0.149568	  0.175519	
  0.877477	  0.000256	  0.058385	  0.063883	
  0.113953	  0.010652	  0.066406	  0.808989	
  0.155387	  0.136445	  0.149295	  0.558873	
  0.312201	  0.086803	  0.417233	  0.183763	

URL http://cisbp.ccbr.utoronto.ca/TFreport.php?searchTF=T091666_1.02

MOTIF M1043_1.02 (HMX2)_(Mus_musculus)_(DBD_1.00)

letter-probability matrix: alength= 4 w= 10 nsites= 1 E= 0
  0.229800	  0.175424	  0.136621	  0.458155	
  0.205362	  0.156769	  0.068359	  0.569509	
  0.650276	  0.021486	  0.177221	  0.151018	
  0.943954	  0.016446	  0.019107	  0.020493	
  0.190493	  0.134238	  0.247057	  0.428212	
  0.082157	  0.336511	  0.015312	  0.566020	
  0.121541	  0.069425	  0.671996	  0.137037	
  0.195044	  0.268600	  0.302846	  0.233510	
  0.172739	  0.290552	  0.171020	  0.365689	
  0.204629	  0.254983	  0.219466	  0.320922	

URL http://cisbp.ccbr.utoronto.ca/TFreport.php?searchTF=T091669_1.02

MOTIF M1049_1.02 (SIX1)_(Mus_musculus)_(DBD_1.00)

letter-probability matrix: alength= 4 w= 10 nsites= 1 E= 0
  0.289634	  0.216722	  0.244354	  0.249290	
  0.166573	  0.211756	  0.182260	  0.439411	
  0.165752	  0.090967	  0.544840	  0.198441	
  0.929154	  0.059996	  0.000107	  0.010743	
  0.054059	  0.154483	  0.048915	  0.742543	
  0.658419	  0.278618	  0.000170	  0.062793	
  0.069036	  0.541653	  0.109358	  0.279954	
  0.180538	  0.374631	  0.241276	  0.203556	
  0.212494	  0.310727	  0.214630	  0.262149	
  0.221051	  0.289569	  0.216674	  0.272706	

URL http://cisbp.ccbr.utoronto.ca/TFreport.php?searchTF=T091613_1.02

MOTIF M1072_1.02 (HOXA3)_(Mus_musculus)_(DBD_1.00)

letter-probability matrix: alength= 4 w= 10 nsites= 1 E= 0
  0.183789	  0.303016	  0.164644	  0.348551	
  0.107098	  0.054258	  0.023191	  0.815454	
  0.868219	  0.022566	  0.074176	  0.035038	
  0.965411	  0.017682	  0.000907	  0.015999	
  0.018285	  0.097133	  0.050708	  0.833874	
  0.113053	  0.096338	  0.418995	  0.371615	
  0.447592	  0.063681	  0.359201	  0.129526	
  0.204977	  0.311967	  0.273937	  0.209118	
  0.227740	  0.286634	  0.210231	  0.275395	
  0.212729	  0.249640	  0.210612	  0.327019	

URL http://cisbp.ccbr.utoronto.ca/TFreport.php?searchTF=T091668_1.02

MOTIF M1110_1.02 (HHEX)_(Caenorhabditis_elegans)_(DBD_0.77)

letter-probability matrix: alength= 4 w= 10 nsites= 1 E= 0
  0.240816	  0.226792	  0.271519	  0.260873	
  0.280565	  0.227422	  0.286233	  0.205780	
  0.235681	  0.250255	  0.341204	  0.172860	
  0.169104	  0.395643	  0.124029	  0.311224	
  0.427182	  0.203814	  0.190035	  0.178968	
  0.688905	  0.115020	  0.173314	  0.022762	
  0.081639	  0.159542	  0.022028	  0.736792	
  0.316472	  0.253975	  0.165213	  0.264340	
  0.234629	  0.269888	  0.289457	  0.206027	
  0.340075	  0.196206	  0.267513	  0.196206	

URL http://cisbp.ccbr.utoronto.ca/TFreport.php?searchTF=T091642_1.02

MOTIF M1166_1.02 (ENSCHOG00000013897)_(Acipenser_baerii)_(DBD_0.81)

letter-probability matrix: alength= 4 w= 8 nsites= 1 E= 0
  0.157992	  0.052839	  0.184280	  0.604890	
  0.000189	  0.113311	  0.000189	  0.886312	
  0.999474	  0.000175	  0.000175	  0.000175	
  0.999474	  0.000175	  0.000175	  0.000175	
  0.000175	  0.000175	  0.000175	  0.999474	
  0.000175	  0.000175	  0.000175	  0.999474	
  0.691968	  0.000192	  0.307648	  0.000192	
  0.054266	  0.162257	  0.594222	  0.189255	

URL http://cisbp.ccbr.utoronto.ca/TFreport.php?searchTF=T091685_1.02

MOTIF M1223_1.02 (PAX6)_(Mus_musculus)_(DBD_1.00)

letter-probability matrix: alength= 4 w= 8 nsites= 1 E= 0
  0.027268	  0.108261	  0.000270	  0.864201	
  0.022934	  0.022934	  0.000227	  0.953906	
  0.999362	  0.000213	  0.000213	  0.000213	
  0.999376	  0.000208	  0.000208	  0.000208	
  0.000208	  0.000208	  0.000208	  0.999376	
  0.000208	  0.041840	  0.104288	  0.853664	
  0.526025	  0.184280	  0.184280	  0.105415	
  0.148299	  0.037352	  0.740015	  0.074334	

URL http://cisbp.ccbr.utoronto.ca/TFreport.php?searchTF=T091617_1.02

MOTIF M1266_1.02 (IRF6)_(Mus_musculus)_(DBD_1.00)

letter-probability matrix: alength= 4 w= 10 nsites= 1 E= 0
  0.262254	  0.230284	  0.292748	  0.214715	
  0.353402	  0.201866	  0.295186	  0.149546	
  0.198546	  0.337316	  0.221633	  0.242505	
  0.182675	  0.527267	  0.071358	  0.218701	
  0.094054	  0.029485	  0.832033	  0.044428	
  0.794160	  0.031415	  0.119975	  0.054450	
  0.454503	  0.027638	  0.163891	  0.353967	
  0.942619	  0.008488	  0.011231	  0.037662	
  0.070785	  0.664903	  0.170655	  0.093657	
  0.130404	  0.380178	  0.138468	  0.350949	

URL http://cisbp.ccbr.utoronto.ca/TFreport.php?searchTF=T107490_1.02

MOTIF M1358_1.02 (TERF2)_(Mus_musculus)_(DBD_0.92)

letter-probability matrix: alength= 4 w= 9 nsites= 1 E= 0
  0.206293	  0.240406	  0.206606	  0.346695	
  0.999891	  0.000036	  0.000036	  0.000036	
  0.796771	  0.203156	  0.000036	  0.000036	
  0.000036	  0.999891	  0.000036	  0.000036	
  0.000036	  0.999891	  0.000036	  0.000036	
  0.000036	  0.999891	  0.000036	  0.000036	
  0.000036	  0.000036	  0.000036	  0.999891	
  0.999891	  0.000036	  0.000036	  0.000036	
  0.314680	  0.199860	  0.363719	  0.121741	

URL http://cisbp.ccbr.utoronto.ca/TFreport.php?searchTF=T117878_1.02

MOTIF M1453_1.02 (RORB)_(Mus_musculus)_(DBD_1.00)

letter-probability matrix: alength= 4 w= 9 nsites= 1 E= 0
  0.193241	  0.243213	  0.352108	  0.211439	
  0.170750	  0.181309	  0.333687	  0.314254	
  0.001931	  0.093514	  0.008399	  0.896156	
  0.043727	  0.000105	  0.951419	  0.004749	
  0.879495	  0.049866	  0.045121	  0.025517	
  0.016402	  0.979842	  0.000059	  0.003697	
  0.033181	  0.964866	  0.000572	  0.001380	
  0.006671	  0.453852	  0.017423	  0.522054	
  0.402438	  0.283593	  0.143673	  0.170296	

URL http://cisbp.ccbr.utoronto.ca/TFreport.php?searchTF=T132311_1.02

MOTIF M1490_1.02 (NR2E1)_(Pan_paniscus)_(DBD_1.00)

letter-probability matrix: alength= 4 w= 9 nsites= 1 E= 0
  0.299425	  0.217427	  0.247612	  0.235536	
  0.266279	  0.226908	  0.261006	  0.245807	
  0.218169	  0.218169	  0.250954	  0.312708	
  0.070373	  0.193217	  0.013116	  0.723294	
  0.116380	  0.024212	  0.747592	  0.111816	
  0.785062	  0.012253	  0.117421	  0.085265	
  0.098894	  0.709140	  0.051627	  0.140338	
  0.349515	  0.291939	  0.137902	  0.220643	
  0.158528	  0.277531	  0.224963	  0.338978	

URL http://cisbp.ccbr.utoronto.ca/TFreport.php?searchTF=T132304_1.02

MOTIF M1505_1.02 LCORL

letter-probability matrix: alength= 4 w= 9 nsites= 1 E= 0
  0.306420	  0.209549	  0.263738	  0.220293	
  0.332524	  0.177100	  0.251316	  0.239060	
  0.365276	  0.056863	  0.157693	  0.420167	
  0.130157	  0.027626	  0.136831	  0.705386	
  0.121447	  0.121447	  0.036947	  0.720160	
  0.221967	  0.226451	  0.257889	  0.293692	
  0.224297	  0.066219	  0.609703	  0.099780	
  0.164868	  0.166525	  0.439282	  0.229326	
  0.252529	  0.252529	  0.281892	  0.213050	

URL http://cisbp.ccbr.utoronto.ca/TFreport.php?searchTF=T136737_1.02

MOTIF M1507_1.02 (LCOR)_(Meleagris_gallopavo)_(DBD_1.00)

letter-probability matrix: alength= 4 w= 10 nsites= 1 E= 0
  0.315528	  0.207316	  0.245733	  0.231423	
  0.359436	  0.147604	  0.207376	  0.285584	
  0.332593	  0.038356	  0.102199	  0.526852	
  0.023241	  0.002046	  0.053299	  0.921415	
  0.067518	  0.087566	  0.005768	  0.839149	
  0.224763	  0.191530	  0.248401	  0.335306	
  0.206273	  0.059098	  0.632197	  0.102432	
  0.150805	  0.143451	  0.515940	  0.189804	
  0.242051	  0.278424	  0.264845	  0.214680	
  0.268784	  0.229043	  0.199120	  0.303053	

URL http://cisbp.ccbr.utoronto.ca/TFreport.php?searchTF=T136736_1.02

MOTIF M1529_1.02 (RFX7)_(Mus_musculus)_(DBD_1.00)

letter-probability matrix: alength= 4 w= 10 nsites= 1 E= 0
  0.257402	  0.340577	  0.281643	  0.120378	
  0.111648	  0.611157	  0.169924	  0.107270	
  0.313889	  0.292669	  0.165512	  0.227931	
  0.060619	  0.279947	  0.036401	  0.623033	
  0.543155	  0.088890	  0.307168	  0.060788	
  0.182278	  0.051704	  0.717326	  0.048693	
  0.151291	  0.560711	  0.020475	  0.267523	
  0.642237	  0.022759	  0.185853	  0.149151	
  0.908416	  0.039319	  0.033505	  0.018760	
  0.011861	  0.928182	  0.000621	  0.059337	

URL http://cisbp.ccbr.utoronto.ca/TFreport.php?searchTF=T138694_1.02

MOTIF M1863_1.02 (FOXD2)_(Homo_sapiens)_(DBD_1.00)

letter-probability matrix: alength= 4 w= 8 nsites= 1 E= 0
  0.050000	  0.050000	  0.850000	  0.050000	
  0.000000	  0.000000	  0.000000	  1.000000	
  0.950000	  0.050000	  0.000000	  0.000000	
  1.000000	  0.000000	  0.000000	  0.000000	
  0.900000	  0.050000	  0.050000	  0.000000	
  0.050000	  0.900000	  0.000000	  0.050000	
  1.000000	  0.000000	  0.000000	  0.000000	
  0.350000	  0.100000	  0.150000	  0.400000	

URL http://cisbp.ccbr.utoronto.ca/TFreport.php?searchTF=T081252_1.02

MOTIF M1889_1.02 (MAX)_(Homo_sapiens)_(DBD_1.00)

letter-probability matrix: alength= 4 w= 10 nsites= 1 E= 0
  0.511174	  0.030165	  0.335559	  0.123102	
  0.551883	  0.045268	  0.276043	  0.126806	
  0.204112	  0.146021	  0.511744	  0.138123	
  0.000000	  1.000000	  0.000000	  0.000000	
  1.000000	  0.000000	  0.000000	  0.000000	
  0.000000	  1.000000	  0.000000	  0.000000	
  0.798616	  0.000000	  0.201384	  0.000000	
  0.000000	  0.000000	  0.000000	  1.000000	
  0.000000	  0.000000	  1.000000	  0.000000	
  0.004966	  0.117606	  0.577814	  0.299613	

URL http://cisbp.ccbr.utoronto.ca/TFreport.php?searchTF=T011259_1.02

MOTIF M1906_1.02 (SP1)_(Homo_sapiens)_(DBD_1.00)

letter-probability matrix: alength= 4 w= 11 nsites= 1 E= 0
  0.272384	  0.084039	  0.568926	  0.074651	
  0.151477	  0.000000	  0.727845	  0.120678	
  0.235287	  0.000000	  0.764713	  0.000000	
  0.000000	  0.000000	  1.000000	  0.000000	
  0.000000	  0.000000	  1.000000	  0.000000	
  0.314976	  0.529425	  0.000000	  0.155599	
  0.008358	  0.000000	  0.991642	  0.000000	
  0.000000	  0.000000	  1.000000	  0.000000	
  0.221204	  0.000000	  0.767460	  0.011335	
  0.214907	  0.073506	  0.711587	  0.000000	
