MEME version 4

ALPHABET= ACGT

strands: + -

Background letter frequencies (from uniform background):
A 0.25000 C 0.25000 G 0.25000 T 0.25000 

MOTIF M1168_1.02 CDB2

letter-probability matrix: alength= 4 w= 9 nsites= 1 E= 0
  0.434426	  0.128256	  0.288307	  0.149012	
  0.117800	  0.533250	  0.196172	  0.152779	
  0.017674	  0.881922	  0.010197	  0.090207	
  0.957988	  0.025149	  0.000004	  0.016858	
  0.972476	  0.007388	  0.009114	  0.011021	
  0.010065	  0.004259	  0.004217	  0.981460	
  0.015265	  0.939691	  0.000541	  0.044503	
  0.365767	  0.296485	  0.257751	  0.079997	
  0.297019	  0.195155	  0.274183	  0.233643	

URL http://cisbp.ccbr.utoronto.ca/TFreport.php?searchTF=T100360_1.02

MOTIF M1169_1.02 CDA2

letter-probability matrix: alength= 4 w= 10 nsites= 1 E= 0
  0.285500	  0.211503	  0.231421	  0.271576	
  0.340293	  0.186757	  0.262383	  0.210567	
  0.171043	  0.396199	  0.213133	  0.219624	
  0.138760	  0.574068	  0.071718	  0.215454	
  0.728594	  0.069485	  0.042569	  0.159352	
  0.741061	  0.057288	  0.098306	  0.103346	
  0.176346	  0.000416	  0.000659	  0.822580	
  0.152792	  0.651368	  0.070745	  0.125095	
  0.299294	  0.293367	  0.260193	  0.147146	
  0.271101	  0.215399	  0.265733	  0.247768	

URL http://cisbp.ccbr.utoronto.ca/TFreport.php?searchTF=T100361_1.02

