MEME version 4

ALPHABET= ACGT

strands: + -

Background letter frequencies (from uniform background):
A 0.25000 C 0.25000 G 0.25000 T 0.25000 

MOTIF M0111_1.02 (CpipJ_CPIJ014252)_(Drosophila_melanogaster)_(DBD_0.67)

letter-probability matrix: alength= 4 w= 8 nsites= 1 E= 0
  0.228748	  0.221987	  0.148803	  0.400462	
  0.182465	  0.170129	  0.146431	  0.500975	
  0.138322	  0.188592	  0.071492	  0.601595	
  0.336065	  0.060178	  0.422972	  0.180785	
  0.973889	  0.000879	  0.022006	  0.003226	
  0.045194	  0.000361	  0.000150	  0.954295	
  0.278506	  0.244555	  0.112105	  0.364833	
  0.300420	  0.203401	  0.269126	  0.227052	

URL http://cisbp.ccbr.utoronto.ca/TFreport.php?searchTF=T007014_1.02

MOTIF M0131_1.02 (CpipJ_CPIJ006847)_(Mus_musculus)_(DBD_0.62)

letter-probability matrix: alength= 4 w= 8 nsites= 1 E= 0
  0.750000	  0.083333	  0.083333	  0.083333	
  0.800000	  0.066667	  0.066667	  0.066667	
  0.733333	  0.066667	  0.066667	  0.133333	
  0.266667	  0.066667	  0.066667	  0.600000	
  0.733333	  0.066667	  0.066667	  0.133333	
  0.666667	  0.066667	  0.066667	  0.200000	
  0.692308	  0.076923	  0.076923	  0.153846	
  0.166667	  0.083333	  0.083333	  0.666667	

URL http://cisbp.ccbr.utoronto.ca/TFreport.php?searchTF=T008551_1.02

MOTIF M0175_1.02 (CpipJ_CPIJ015473)_(Mus_musculus)_(DBD_0.72)

letter-probability matrix: alength= 4 w= 9 nsites= 1 E= 0
  0.237177	  0.246857	  0.223365	  0.292601	
  0.263053	  0.221929	  0.327785	  0.187233	
  0.059666	  0.787422	  0.047407	  0.105506	
  0.799512	  0.000774	  0.059383	  0.140331	
  0.018558	  0.805027	  0.000347	  0.176069	
  0.048592	  0.094015	  0.857013	  0.000380	
  0.032567	  0.226622	  0.003298	  0.737513	
  0.075226	  0.001633	  0.788785	  0.134356	
  0.183543	  0.327814	  0.217554	  0.271089	

URL http://cisbp.ccbr.utoronto.ca/TFreport.php?searchTF=T011530_1.02

MOTIF M0187_1.02 (CpipJ_CPIJ018167)_(Mus_musculus)_(DBD_0.76)

letter-probability matrix: alength= 4 w= 10 nsites= 1 E= 0
  0.393016	  0.151995	  0.362799	  0.092190	
  0.117172	  0.118350	  0.069661	  0.694816	
  0.128123	  0.479620	  0.327993	  0.064264	
  0.397372	  0.002704	  0.466320	  0.133603	
  0.000288	  0.485023	  0.315512	  0.199177	
  0.212693	  0.139749	  0.578160	  0.069397	
  0.099009	  0.160007	  0.002045	  0.738939	
  0.055450	  0.025674	  0.841747	  0.077129	
  0.578926	  0.073052	  0.141341	  0.206681	
  0.101129	  0.261489	  0.146407	  0.490975	

URL http://cisbp.ccbr.utoronto.ca/TFreport.php?searchTF=T011535_1.02

MOTIF M0214_1.02 (CpipJ_CPIJ016930)_(Mus_musculus)_(DBD_0.79)

letter-probability matrix: alength= 4 w= 9 nsites= 1 E= 0
  0.745050	  0.002475	  0.250000	  0.002475	
  0.747512	  0.250000	  0.001244	  0.001244	
  0.001244	  0.996269	  0.001244	  0.001244	
  0.996269	  0.001244	  0.001244	  0.001244	
  0.001244	  0.001244	  0.374378	  0.623134	
  0.623134	  0.374378	  0.001244	  0.001244	
  0.001244	  0.001244	  0.001244	  0.996269	
  0.001244	  0.001244	  0.996269	  0.001244	
  0.002475	  0.002475	  0.497525	  0.497525	

URL http://cisbp.ccbr.utoronto.ca/TFreport.php?searchTF=T011532_1.02

MOTIF M0580_1.02 (CpipJ_CPIJ014460)_(Bombyx_mori)_(DBD_0.83)

letter-probability matrix: alength= 4 w= 10 nsites= 1 E= 0
  0.234003	  0.269167	  0.213862	  0.282968	
  0.165030	  0.378465	  0.117463	  0.339042	
  0.161689	  0.623702	  0.107305	  0.107305	
  0.189188	  0.117066	  0.634438	  0.059308	
  0.000295	  0.880381	  0.000177	  0.119147	
  0.110357	  0.107095	  0.694866	  0.087682	
  0.291421	  0.222465	  0.300296	  0.185818	
  0.262292	  0.257099	  0.223511	  0.257099	
  0.235549	  0.255168	  0.200722	  0.308561	
  0.248131	  0.238401	  0.222284	  0.291184	

URL http://cisbp.ccbr.utoronto.ca/TFreport.php?searchTF=T070822_1.02

MOTIF M0733_1.02 (CpipJ_CPIJ016795)_(Mus_musculus)_(DBD_0.42)

letter-probability matrix: alength= 4 w= 8 nsites= 1 E= 0
  0.346154	  0.076923	  0.557692	  0.019231	
  0.181818	  0.038961	  0.012987	  0.766234	
  0.650602	  0.277108	  0.024096	  0.048193	
  0.916667	  0.035714	  0.011905	  0.035714	
  0.952381	  0.011905	  0.011905	  0.023810	
  0.011905	  0.845238	  0.011905	  0.130952	
  0.964286	  0.011905	  0.011905	  0.011905	
  0.571429	  0.142857	  0.126984	  0.158730	

URL http://cisbp.ccbr.utoronto.ca/TFreport.php?searchTF=T080726_1.02

MOTIF M0737_1.02 (CpipJ_CPIJ013077)_(Mus_musculus)_(DBD_0.86)

letter-probability matrix: alength= 4 w= 10 nsites= 1 E= 0
  0.329842	  0.082156	  0.060257	  0.527746	
  0.520070	  0.108198	  0.255689	  0.116043	
  0.283345	  0.081996	  0.128595	  0.506065	
  0.209230	  0.033229	  0.701648	  0.055893	
  0.071321	  0.155585	  0.032694	  0.740400	
  0.638753	  0.232646	  0.070072	  0.058529	
  0.729556	  0.133278	  0.066184	  0.070983	
  0.865457	  0.036352	  0.043959	  0.054231	
  0.059316	  0.519509	  0.058726	  0.362449	
  0.777489	  0.053307	  0.067092	  0.102112	

URL http://cisbp.ccbr.utoronto.ca/TFreport.php?searchTF=T080722_1.02

MOTIF M0747_1.02 (CpipJ_CPIJ010485)_(Mus_musculus)_(DBD_0.66)

letter-probability matrix: alength= 4 w= 10 nsites= 1 E= 0
  0.366283	  0.166235	  0.164581	  0.302901	
  0.345139	  0.171391	  0.195185	  0.288285	
  0.267836	  0.181340	  0.196443	  0.354381	
  0.346821	  0.108724	  0.419393	  0.125062	
  0.146969	  0.100507	  0.031824	  0.720700	
  0.700016	  0.254959	  0.000720	  0.044305	
  0.906192	  0.053477	  0.000316	  0.040015	
  0.934400	  0.000771	  0.023568	  0.041260	
  0.033048	  0.600627	  0.033381	  0.332944	
  0.853101	  0.047889	  0.045553	  0.053457	

URL http://cisbp.ccbr.utoronto.ca/TFreport.php?searchTF=T080719_1.02

MOTIF M0757_1.02 (CpipJ_CPIJ003766)_(Strongylocentrotus_purpuratus)_(DBD_0.82)

letter-probability matrix: alength= 4 w= 10 nsites= 1 E= 0
  0.321884	  0.201178	  0.236085	  0.240854	
  0.216367	  0.234387	  0.239122	  0.310124	
  0.297171	  0.182055	  0.409243	  0.111532	
  0.279854	  0.144643	  0.132194	  0.443309	
  0.472247	  0.313407	  0.069235	  0.145111	
  0.572460	  0.196359	  0.062174	  0.169007	
  0.751021	  0.048981	  0.135834	  0.064163	
  0.037542	  0.655546	  0.026722	  0.280190	
  0.680835	  0.057015	  0.121915	  0.140235	
  0.359328	  0.213628	  0.193298	  0.233746	

URL http://cisbp.ccbr.utoronto.ca/TFreport.php?searchTF=T080712_1.02

MOTIF M0817_1.02 (CpipJ_CPIJ006640)_(Drosophila_melanogaster)_(DBD_0.72)

letter-probability matrix: alength= 4 w= 8 nsites= 1 E= 0
  0.729854	  0.111199	  0.158788	  0.000159	
  0.000118	  0.011877	  0.000118	  0.987888	
  0.235301	  0.023636	  0.740945	  0.000118	
  0.047154	  0.799741	  0.141228	  0.011877	
  0.070673	  0.000118	  0.752705	  0.176505	
  0.000118	  0.000118	  0.999647	  0.000118	
  0.000118	  0.000118	  0.999647	  0.000118	
  0.055699	  0.351776	  0.092709	  0.499815	

URL http://cisbp.ccbr.utoronto.ca/TFreport.php?searchTF=T086702_1.02

MOTIF M0839_1.02 (CpipJ_CPIJ003111)_(Anopheles_gambiae)_(DBD_0.93)

letter-probability matrix: alength= 4 w= 10 nsites= 1 E= 0
  0.261771	  0.225308	  0.232170	  0.280751	
  0.223856	  0.240087	  0.181454	  0.354604	
  0.302711	  0.096813	  0.282246	  0.318231	
  0.801923	  0.050755	  0.112958	  0.034364	
  0.000105	  0.981683	  0.000051	  0.018161	
  0.641522	  0.118373	  0.136162	  0.103943	
  0.273446	  0.233015	  0.156195	  0.337344	
  0.179068	  0.227640	  0.436054	  0.157239	
  0.300476	  0.243561	  0.271882	  0.184080	
  0.249336	  0.249336	  0.244399	  0.256929	

URL http://cisbp.ccbr.utoronto.ca/TFreport.php?searchTF=T089230_1.02

MOTIF M0907_1.02 (CpipJ_CPIJ015550)_(Mus_musculus)_(DBD_0.88)

letter-probability matrix: alength= 4 w= 9 nsites= 1 E= 0
  0.260011	  0.244869	  0.186928	  0.308192	
  0.121246	  0.118845	  0.033711	  0.726198	
  0.700489	  0.000333	  0.270908	  0.028269	
  0.962122	  0.009292	  0.000107	  0.028478	
  0.024775	  0.111032	  0.068021	  0.796173	
  0.075798	  0.088950	  0.394680	  0.440572	
  0.541591	  0.066321	  0.277137	  0.114952	
  0.183583	  0.341268	  0.255359	  0.219789	
  0.201776	  0.326086	  0.199769	  0.272370	

URL http://cisbp.ccbr.utoronto.ca/TFreport.php?searchTF=T089287_1.02

MOTIF M0927_1.02 (CpipJ_CPIJ008539)_(Mus_musculus)_(DBD_0.93)

letter-probability matrix: alength= 4 w= 8 nsites= 1 E= 0
  0.239075	  0.258987	  0.292007	  0.209931	
  0.193409	  0.338596	  0.209518	  0.258477	
  0.196306	  0.190504	  0.105601	  0.507589	
  0.649964	  0.079592	  0.135222	  0.135222	
  0.927406	  0.055834	  0.000602	  0.016158	
  0.131551	  0.181162	  0.073655	  0.613631	
  0.187274	  0.215416	  0.200852	  0.396458	
  0.315394	  0.201104	  0.274190	  0.209311	

URL http://cisbp.ccbr.utoronto.ca/TFreport.php?searchTF=T089253_1.02

MOTIF M0952_1.02 (CpipJ_CPIJ010064)_(Mus_musculus)_(DBD_0.95)

letter-probability matrix: alength= 4 w= 8 nsites= 1 E= 0
  0.177918	  0.245015	  0.196630	  0.380437	
  0.185511	  0.128139	  0.489368	  0.196982	
  0.844182	  0.107594	  0.012408	  0.035815	
  0.079962	  0.206759	  0.066790	  0.646488	
  0.600471	  0.307266	  0.010998	  0.081265	
  0.102580	  0.523557	  0.126551	  0.247311	
  0.201123	  0.352101	  0.245653	  0.201123	
  0.225861	  0.295869	  0.223613	  0.254657	

URL http://cisbp.ccbr.utoronto.ca/TFreport.php?searchTF=T089259_1.02

MOTIF M0967_1.02 (CpipJ_CPIJ012522)_(Mus_musculus)_(DBD_0.98)

letter-probability matrix: alength= 4 w= 8 nsites= 1 E= 0
  0.222888	  0.280526	  0.201677	  0.294909	
  0.135819	  0.056902	  0.017838	  0.789441	
  0.749166	  0.066617	  0.112052	  0.072165	
  0.950512	  0.000309	  0.023975	  0.025204	
  0.033254	  0.061201	  0.073271	  0.832275	
  0.170087	  0.110643	  0.160182	  0.559089	
  0.345558	  0.104080	  0.393532	  0.156830	
  0.274902	  0.209855	  0.329118	  0.186125	

URL http://cisbp.ccbr.utoronto.ca/TFreport.php?searchTF=T089272_1.02

MOTIF M0971_1.02 (CpipJ_CPIJ014198)_(Mus_musculus)_(DBD_0.81)

letter-probability matrix: alength= 4 w= 8 nsites= 1 E= 0
  0.279458	  0.257972	  0.222039	  0.240532	
  0.219119	  0.081420	  0.091800	  0.607661	
  0.710086	  0.064418	  0.097066	  0.128430	
  0.831775	  0.061779	  0.040188	  0.066258	
  0.119257	  0.118071	  0.069497	  0.693175	
  0.114974	  0.318845	  0.176744	  0.389438	
  0.254916	  0.185107	  0.365379	  0.194598	
  0.290358	  0.210843	  0.296223	  0.202576	

URL http://cisbp.ccbr.utoronto.ca/TFreport.php?searchTF=T089279_1.02

MOTIF M1016_1.02 (CpipJ_CPIJ018547)_(Mus_musculus)_(DBD_0.98)

letter-probability matrix: alength= 4 w= 7 nsites= 1 E= 0
  0.247356	  0.242458	  0.265291	  0.244895	
  0.187686	  0.245862	  0.203318	  0.363134	
  0.206531	  0.145540	  0.437226	  0.210703	
  0.818609	  0.111900	  0.033704	  0.035788	
  0.126658	  0.170970	  0.099632	  0.602740	
  0.539508	  0.337193	  0.043409	  0.079890	
  0.146793	  0.419484	  0.179294	  0.254430	

URL http://cisbp.ccbr.utoronto.ca/TFreport.php?searchTF=T089295_1.02

MOTIF M1017_1.02 (CpipJ_CPIJ010220)_(Mus_musculus)_(DBD_0.84)

letter-probability matrix: alength= 4 w= 8 nsites= 1 E= 0
  0.260569	  0.255410	  0.285108	  0.198913	
  0.177845	  0.320830	  0.230652	  0.270673	
  0.114497	  0.403649	  0.048938	  0.432917	
  0.580843	  0.152091	  0.107177	  0.159889	
  0.790662	  0.111371	  0.053137	  0.044830	
  0.121087	  0.104221	  0.012262	  0.762430	
  0.136206	  0.248183	  0.120804	  0.494807	
  0.509367	  0.130735	  0.162905	  0.196993	

URL http://cisbp.ccbr.utoronto.ca/TFreport.php?searchTF=T089262_1.02

MOTIF M1030_1.02 (CpipJ_CPIJ004108)_(Mus_musculus)_(DBD_0.84)

letter-probability matrix: alength= 4 w= 9 nsites= 1 E= 0
  0.280170	  0.222604	  0.274622	  0.222604	
  0.240127	  0.324138	  0.305262	  0.130473	
  0.104035	  0.558205	  0.022081	  0.315679	
  0.565289	  0.175447	  0.053375	  0.205889	
  0.192749	  0.728793	  0.007549	  0.070908	
  0.064783	  0.023360	  0.013079	  0.898778	
  0.114462	  0.267800	  0.027667	  0.590071	
  0.375247	  0.182652	  0.286456	  0.155646	
  0.381415	  0.155072	  0.217868	  0.245645	

URL http://cisbp.ccbr.utoronto.ca/TFreport.php?searchTF=T089238_1.02

MOTIF M1088_1.02 (CpipJ_CPIJ004949)_(Drosophila_melanogaster)_(DBD_0.75)

letter-probability matrix: alength= 4 w= 10 nsites= 1 E= 0
  0.248652	  0.156039	  0.439269	  0.156039	
  0.235559	  0.409426	  0.243856	  0.111159	
  0.000140	  0.000140	  0.000140	  0.999581	
  0.999581	  0.000140	  0.000140	  0.000140	
  0.999581	  0.000140	  0.000140	  0.000140	
  0.000140	  0.000140	  0.000140	  0.999581	
  0.000140	  0.000140	  0.000140	  0.999581	
  0.999581	  0.000140	  0.000140	  0.000140	
  0.270161	  0.309740	  0.212726	  0.207374	
  0.227694	  0.227694	  0.227694	  0.316917	

URL http://cisbp.ccbr.utoronto.ca/TFreport.php?searchTF=T089243_1.02

MOTIF M1089_1.02 (CpipJ_CPIJ012518)_(Drosophila_melanogaster)_(DBD_0.95)

letter-probability matrix: alength= 4 w= 10 nsites= 1 E= 0
  0.209338	  0.253142	  0.321807	  0.215713	
  0.269176	  0.231682	  0.207548	  0.291594	
  0.108996	  0.124128	  0.038142	  0.728735	
  0.818862	  0.018319	  0.138091	  0.024728	
  0.925508	  0.028799	  0.000527	  0.045166	
  0.090056	  0.159244	  0.124019	  0.626680	
  0.097497	  0.244649	  0.314135	  0.343719	
  0.322285	  0.084389	  0.452794	  0.140532	
  0.204560	  0.257459	  0.351027	  0.186954	
  0.179474	  0.298877	  0.181278	  0.340370	

URL http://cisbp.ccbr.utoronto.ca/TFreport.php?searchTF=T089271_1.02

MOTIF M1090_1.02 (CpipJ_CPIJ009088)_(Drosophila_melanogaster)_(DBD_0.95)

letter-probability matrix: alength= 4 w= 9 nsites= 1 E= 0
  0.134584	  0.408378	  0.129307	  0.327731	
  0.081007	  0.082644	  0.003760	  0.832588	
  0.917579	  0.035224	  0.037403	  0.009794	
  0.976827	  0.001575	  0.006199	  0.015399	
  0.023296	  0.008071	  0.016916	  0.951717	
  0.078443	  0.045258	  0.284968	  0.591331	
  0.706465	  0.016950	  0.244759	  0.031826	
  0.168184	  0.356045	  0.318957	  0.156814	
  0.118714	  0.360221	  0.248817	  0.272249	

URL http://cisbp.ccbr.utoronto.ca/TFreport.php?searchTF=T089255_1.02

MOTIF M1091_1.02 (CpipJ_CPIJ013533)_(Drosophila_melanogaster)_(DBD_0.98)

letter-probability matrix: alength= 4 w= 9 nsites= 1 E= 0
  0.195086	  0.348431	  0.193145	  0.263338	
  0.106150	  0.078638	  0.022985	  0.792228	
  0.745347	  0.066944	  0.120765	  0.066944	
  0.803281	  0.077378	  0.027625	  0.091717	
  0.084325	  0.168120	  0.072579	  0.674976	
  0.130553	  0.189007	  0.314751	  0.365689	
  0.403315	  0.108823	  0.304819	  0.183043	
  0.228660	  0.290684	  0.273756	  0.206900	
  0.186386	  0.283672	  0.249092	  0.280850	

URL http://cisbp.ccbr.utoronto.ca/TFreport.php?searchTF=T089277_1.02

MOTIF M1092_1.02 (CpipJ_CPIJ013309)_(Drosophila_melanogaster)_(DBD_0.96)

letter-probability matrix: alength= 4 w= 10 nsites= 1 E= 0
  0.216697	  0.313720	  0.239487	  0.230097	
  0.095574	  0.372375	  0.044252	  0.487798	
  0.513306	  0.185096	  0.192650	  0.108948	
  0.650499	  0.143702	  0.075773	  0.130027	
  0.056092	  0.142164	  0.007822	  0.793922	
  0.205435	  0.280095	  0.158401	  0.356070	
  0.340270	  0.184886	  0.184886	  0.289959	
  0.267116	  0.272512	  0.264458	  0.195915	
  0.194734	  0.260248	  0.302365	  0.242653	
  0.228970	  0.279665	  0.238314	  0.253051	

URL http://cisbp.ccbr.utoronto.ca/TFreport.php?searchTF=T089275_1.02

MOTIF M1095_1.02 (CpipJ_CPIJ004109)_(Drosophila_melanogaster)_(DBD_0.96)

letter-probability matrix: alength= 4 w= 11 nsites= 1 E= 0
  0.220082	  0.339754	  0.220082	  0.220082	
  0.121199	  0.210045	  0.121199	  0.547557	
  0.023880	  0.023880	  0.023880	  0.928359	
  0.999808	  0.000064	  0.000064	  0.000064	
  0.999808	  0.000064	  0.000064	  0.000064	
  0.000064	  0.000064	  0.999808	  0.000064	
  0.000064	  0.000064	  0.000064	  0.999808	
  0.271023	  0.000064	  0.728849	  0.000064	
  0.029982	  0.382541	  0.557495	  0.029982	
  0.219228	  0.312556	  0.128865	  0.339351	
  0.226184	  0.226184	  0.226184	  0.321449	

URL http://cisbp.ccbr.utoronto.ca/TFreport.php?searchTF=T089239_1.02

MOTIF M1097_1.02 (CpipJ_CPIJ002981)_(Drosophila_melanogaster)_(DBD_0.96)

letter-probability matrix: alength= 4 w= 10 nsites= 1 E= 0
  0.292329	  0.229079	  0.288644	  0.189949	
  0.136427	  0.336877	  0.156525	  0.370171	
  0.034513	  0.118059	  0.009674	  0.837754	
  0.801571	  0.072692	  0.093201	  0.032536	
  0.970781	  0.007894	  0.008025	  0.013300	
  0.013300	  0.008025	  0.007894	  0.970781	
  0.032536	  0.093201	  0.072692	  0.801571	
  0.837754	  0.009674	  0.118059	  0.034513	
  0.370171	  0.156525	  0.336877	  0.136427	
  0.189949	  0.288644	  0.229079	  0.292329	

URL http://cisbp.ccbr.utoronto.ca/TFreport.php?searchTF=T089226_1.02

MOTIF M1099_1.02 (CpipJ_CPIJ011772)_(Drosophila_melanogaster)_(DBD_0.96)

letter-probability matrix: alength= 4 w= 9 nsites= 1 E= 0
  0.191780	  0.272148	  0.142074	  0.393998	
  0.173245	  0.054856	  0.025912	  0.745987	
  0.740236	  0.048278	  0.096252	  0.115234	
  0.897022	  0.008750	  0.032107	  0.062121	
  0.048310	  0.033704	  0.177262	  0.740724	
  0.140466	  0.702726	  0.053784	  0.103024	
  0.087353	  0.626382	  0.079835	  0.206430	
  0.206494	  0.343873	  0.223692	  0.225941	
  0.208138	  0.289514	  0.204017	  0.298331	

URL http://cisbp.ccbr.utoronto.ca/TFreport.php?searchTF=T089268_1.02

MOTIF M1102_1.02 (CpipJ_CPIJ003723)_(Drosophila_melanogaster)_(DBD_0.81)

letter-probability matrix: alength= 4 w= 9 nsites= 1 E= 0
  0.263676	  0.236210	  0.288508	  0.211605	
  0.166180	  0.344836	  0.200953	  0.288031	
  0.099773	  0.489263	  0.095861	  0.315103	
  0.603177	  0.129310	  0.092964	  0.174550	
  0.795539	  0.078966	  0.083015	  0.042479	
  0.075531	  0.099937	  0.055955	  0.768577	
  0.259932	  0.281581	  0.100526	  0.357960	
  0.467314	  0.147969	  0.147969	  0.236749	
  0.319988	  0.210247	  0.244272	  0.225492	

URL http://cisbp.ccbr.utoronto.ca/TFreport.php?searchTF=T089234_1.02

MOTIF M1104_1.02 (CpipJ_CPIJ011541)_(Drosophila_melanogaster)_(DBD_0.89)

letter-probability matrix: alength= 4 w= 8 nsites= 1 E= 0
  0.172390	  0.270362	  0.216970	  0.340277	
  0.175398	  0.147977	  0.175398	  0.501227	
  0.437799	  0.142845	  0.145731	  0.273625	
  0.559761	  0.114150	  0.154086	  0.172003	
  0.276316	  0.165927	  0.137215	  0.420543	
  0.209315	  0.226748	  0.174835	  0.389102	
  0.299659	  0.080854	  0.524604	  0.094883	
  0.166927	  0.313424	  0.241666	  0.277982	

URL http://cisbp.ccbr.utoronto.ca/TFreport.php?searchTF=T089266_1.02

MOTIF M1105_1.02 (CpipJ_CPIJ003414)_(Drosophila_melanogaster)_(DBD_0.98)

letter-probability matrix: alength= 4 w= 8 nsites= 1 E= 0
  0.111726	  0.775442	  0.111726	  0.001106	
  0.000906	  0.000906	  0.000906	  0.997283	
  0.906703	  0.091486	  0.000906	  0.000906	
  0.997283	  0.000906	  0.000906	  0.000906	
  0.000906	  0.000906	  0.000906	  0.997283	
  0.000906	  0.000906	  0.000906	  0.997283	
  0.997283	  0.000906	  0.000906	  0.000906	
  0.143466	  0.143466	  0.143466	  0.569602	

URL http://cisbp.ccbr.utoronto.ca/TFreport.php?searchTF=T089233_1.02

MOTIF M1106_1.02 (CpipJ_CPIJ016099)_(Drosophila_melanogaster)_(DBD_0.73)

letter-probability matrix: alength= 4 w= 8 nsites= 1 E= 0
  0.699401	  0.033622	  0.033622	  0.233356	
  0.152259	  0.065378	  0.043658	  0.738705	
  0.053712	  0.018023	  0.000178	  0.928087	
  0.821021	  0.000178	  0.000178	  0.178622	
  0.963776	  0.000178	  0.000178	  0.035867	
  0.071556	  0.000178	  0.000178	  0.928087	
  0.109193	  0.000182	  0.036519	  0.854106	
  0.871811	  0.000213	  0.085247	  0.042730	

URL http://cisbp.ccbr.utoronto.ca/TFreport.php?searchTF=T089290_1.02

MOTIF M1228_1.02 (CpipJ_CPIJ002445)_(Nasonia_vitripennis)_(DBD_0.96)

letter-probability matrix: alength= 4 w= 10 nsites= 1 E= 0
  0.232784	  0.232784	  0.217047	  0.317384	
  0.265736	  0.233342	  0.240448	  0.260474	
  0.179342	  0.281264	  0.155912	  0.383482	
  0.218461	  0.109575	  0.346058	  0.325906	
  0.364656	  0.387205	  0.149748	  0.098391	
  0.676773	  0.072772	  0.140799	  0.109655	
  0.037261	  0.094439	  0.041180	  0.827120	
  0.381566	  0.096959	  0.128289	  0.393187	
  0.443618	  0.127099	  0.168168	  0.261116	
  0.230117	  0.225560	  0.251788	  0.292536	

URL http://cisbp.ccbr.utoronto.ca/TFreport.php?searchTF=T104696_1.02

MOTIF M1422_1.02 (CpipJ_CPIJ018862)_(Aedes_aegypti)_(DBD_1.00)

letter-probability matrix: alength= 4 w= 7 nsites= 1 E= 0
  0.000020	  0.276793	  0.000287	  0.722899	
  0.071188	  0.042748	  0.884772	  0.001291	
  0.989748	  0.010252	  0.000000	  0.000001	
  0.040699	  0.959301	  0.000000	  0.000000	
  0.117119	  0.882881	  0.000000	  0.000000	
  0.022816	  0.427298	  0.091605	  0.458281	
  0.189875	  0.332409	  0.261482	  0.216235	

URL http://cisbp.ccbr.utoronto.ca/TFreport.php?searchTF=T131053_1.02

MOTIF M1470_1.02 (CpipJ_CPIJ008216)_(Drosophila_melanogaster)_(DBD_0.99)

letter-probability matrix: alength= 4 w= 8 nsites= 1 E= 0
  0.374896	  0.104288	  0.291632	  0.229184	
  0.000154	  0.138530	  0.000154	  0.861162	
  0.000143	  0.000143	  0.999572	  0.000143	
  0.985294	  0.000143	  0.014420	  0.000143	
  0.000143	  0.999572	  0.000143	  0.000143	
  0.000143	  0.999572	  0.000143	  0.000143	
  0.000154	  0.307657	  0.000154	  0.692036	
  0.000244	  0.317008	  0.000244	  0.682505	

URL http://cisbp.ccbr.utoronto.ca/TFreport.php?searchTF=T131040_1.02

MOTIF M1471_1.02 (CpipJ_CPIJ012467)_(Drosophila_melanogaster)_(DBD_0.90)

letter-probability matrix: alength= 4 w= 12 nsites= 1 E= 0
  0.317705	  0.227432	  0.227432	  0.227432	
  0.317705	  0.227432	  0.227432	  0.227432	
  0.402784	  0.230661	  0.140388	  0.226166	
  0.049370	  0.144869	  0.049370	  0.756390	
  0.000202	  0.000202	  0.000202	  0.999393	
  0.000202	  0.000202	  0.999393	  0.000202	
  0.999393	  0.000202	  0.000202	  0.000202	
  0.000202	  0.999393	  0.000202	  0.000202	
  0.022771	  0.541218	  0.329688	  0.106323	
  0.022771	  0.022771	  0.194141	  0.760318	
  0.109814	  0.581401	  0.109814	  0.198971	
  0.397504	  0.200832	  0.200832	  0.200832	

URL http://cisbp.ccbr.utoronto.ca/TFreport.php?searchTF=T131044_1.02

MOTIF M1519_1.02 (CpipJ_CPIJ019088)_(Gallus_gallus)_(DBD_0.61)

letter-probability matrix: alength= 4 w= 10 nsites= 1 E= 0
  0.371475	  0.209508	  0.209508	  0.209508	
  0.176057	  0.087532	  0.087532	  0.648879	
  0.000121	  0.000121	  0.000121	  0.999637	
  0.000121	  0.000121	  0.000121	  0.999637	
  0.088646	  0.083984	  0.000121	  0.827249	
  0.000121	  0.914778	  0.000121	  0.084980	
  0.000121	  0.826253	  0.084980	  0.088646	
  0.830915	  0.083984	  0.000121	  0.084980	
  0.124475	  0.287055	  0.040613	  0.547857	
  0.267517	  0.162589	  0.248110	  0.321785	

URL http://cisbp.ccbr.utoronto.ca/TFreport.php?searchTF=T138016_1.02

MOTIF M1524_1.02 (CpipJ_CPIJ004011)_(Apis_mellifera)_(DBD_0.86)

letter-probability matrix: alength= 4 w= 10 nsites= 1 E= 0
  0.209124	  0.362465	  0.260585	  0.167826	
  0.088796	  0.611759	  0.160186	  0.139259	
  0.259972	  0.259972	  0.156112	  0.323945	
  0.112870	  0.103156	  0.058924	  0.725050	
  0.453205	  0.088796	  0.435435	  0.022564	
  0.200388	  0.057989	  0.706451	  0.035172	
  0.186077	  0.521214	  0.036458	  0.256252	
  0.538285	  0.028174	  0.210269	  0.223272	
  0.886008	  0.044112	  0.045912	  0.023968	
  0.009188	  0.923263	  0.002968	  0.064581	

URL http://cisbp.ccbr.utoronto.ca/TFreport.php?searchTF=T138596_1.02

MOTIF M1530_1.02 (CpipJ_CPIJ006094)_(Mus_musculus)_(DBD_0.51)

letter-probability matrix: alength= 4 w= 10 nsites= 1 E= 0
  0.135068	  0.476170	  0.211828	  0.176934	
  0.279911	  0.277126	  0.176703	  0.266260	
  0.133759	  0.266677	  0.083600	  0.515965	
  0.436252	  0.113094	  0.379259	  0.071394	
  0.214062	  0.060720	  0.656069	  0.069149	
  0.180816	  0.486617	  0.028431	  0.304137	
  0.572267	  0.014008	  0.221319	  0.192406	
  0.827255	  0.059627	  0.070677	  0.042441	
  0.050302	  0.843917	  0.000349	  0.105431	
  0.220508	  0.306719	  0.359938	  0.112836	

URL http://cisbp.ccbr.utoronto.ca/TFreport.php?searchTF=T138597_1.02

MOTIF M1628_1.02 (CpipJ_CPIJ007784)_(Mus_musculus)_(DBD_0.65)

letter-probability matrix: alength= 4 w= 11 nsites= 1 E= 0
  0.538889	  0.153704	  0.153704	  0.153704	
  0.235964	  0.059136	  0.571481	  0.133420	
  0.019402	  0.019402	  0.941795	  0.019402	
  0.000143	  0.000143	  0.000143	  0.999572	
  0.000143	  0.000143	  0.999572	  0.000143	
  0.000143	  0.000143	  0.000143	  0.999572	
  0.000143	  0.000143	  0.796563	  0.203152	
  0.999572	  0.000143	  0.000143	  0.000143	
  0.710684	  0.096439	  0.096439	  0.096439	
  0.268043	  0.191007	  0.274907	  0.266044	
  0.307777	  0.230741	  0.230741	  0.230741	

URL http://cisbp.ccbr.utoronto.ca/TFreport.php?searchTF=T148994_1.02

MOTIF M1839_1.02 (CpipJ_CPIJ014773)_(Mus_musculus)_(DBD_0.84)

letter-probability matrix: alength= 4 w= 6 nsites= 1 E= 0
  0.200000	  0.800000	  0.000000	  0.000000	
  0.950000	  0.000000	  0.050000	  0.000000	
  0.000000	  1.000000	  0.000000	  0.000000	
  0.000000	  0.000000	  1.000000	  0.000000	
  0.000000	  0.000000	  0.000000	  1.000000	
  0.000000	  0.000000	  1.000000	  0.000000	

URL http://cisbp.ccbr.utoronto.ca/TFreport.php?searchTF=T011526_1.02

MOTIF M1850_1.02 (CpipJ_CPIJ016024)_(Drosophila_melanogaster)_(DBD_0.93)

letter-probability matrix: alength= 4 w= 10 nsites= 1 E= 0
  0.157895	  0.421053	  0.263158	  0.157895	
  0.078947	  0.578947	  0.210526	  0.131579	
  0.131579	  0.078947	  0.657895	  0.131579	
  0.000000	  0.078947	  0.000000	  0.921053	
  0.026316	  0.026316	  0.947368	  0.000000	
  1.000000	  0.000000	  0.000000	  0.000000	
  0.000000	  1.000000	  0.000000	  0.000000	
  0.000000	  1.000000	  0.000000	  0.000000	
  0.026316	  0.947368	  0.000000	  0.026316	
  0.000000	  0.973684	  0.026316	  0.000000	

URL http://cisbp.ccbr.utoronto.ca/TFreport.php?searchTF=T131048_1.02

MOTIF M1854_1.02 (CpipJ_CPIJ002469)_(Drosophila_melanogaster)_(DBD_0.80)

letter-probability matrix: alength= 4 w= 12 nsites= 1 E= 0
  0.000000	  0.384615	  0.461538	  0.153846	
  0.000000	  0.000000	  0.923077	  0.076923	
  0.000000	  0.076923	  0.846154	  0.076923	
  0.000000	  0.000000	  0.769231	  0.230769	
  0.076923	  0.076923	  0.230769	  0.615385	
  0.076923	  0.000000	  0.153846	  0.769231	
  0.076923	  0.000000	  0.000000	  0.923077	
  0.000000	  0.000000	  0.000000	  1.000000	
  0.000000	  0.230769	  0.000000	  0.769231	
  0.076923	  0.692308	  0.000000	  0.230769	
  0.076923	  0.692308	  0.076923	  0.153846	
  0.230769	  0.384615	  0.384615	  0.000000	

URL http://cisbp.ccbr.utoronto.ca/TFreport.php?searchTF=T138012_1.02

MOTIF M1858_1.02 (CpipJ_CPIJ003068)_(Drosophila_melanogaster)_(DBD_0.98)

letter-probability matrix: alength= 4 w= 7 nsites= 1 E= 0
  0.117647	  0.705882	  0.117647	  0.058824	
  0.294118	  0.705882	  0.000000	  0.000000	
  0.000000	  0.000000	  1.000000	  0.000000	
  0.000000	  0.000000	  1.000000	  0.000000	
  1.000000	  0.000000	  0.000000	  0.000000	
  1.000000	  0.000000	  0.000000	  0.000000	
  0.294118	  0.058824	  0.588235	  0.058824	

URL http://cisbp.ccbr.utoronto.ca/TFreport.php?searchTF=T077505_1.02

MOTIF M1889_1.02 (CpipJ_CPIJ003297)_(Homo_sapiens)_(DBD_0.84)

letter-probability matrix: alength= 4 w= 10 nsites= 1 E= 0
  0.511174	  0.030165	  0.335559	  0.123102	
  0.551883	  0.045268	  0.276043	  0.126806	
  0.204112	  0.146021	  0.511744	  0.138123	
  0.000000	  1.000000	  0.000000	  0.000000	
  1.000000	  0.000000	  0.000000	  0.000000	
  0.000000	  1.000000	  0.000000	  0.000000	
  0.798616	  0.000000	  0.201384	  0.000000	
  0.000000	  0.000000	  0.000000	  1.000000	
  0.000000	  0.000000	  1.000000	  0.000000	
  0.004966	  0.117606	  0.577814	  0.299613	

URL http://cisbp.ccbr.utoronto.ca/TFreport.php?searchTF=T011241_1.02

MOTIF M1890_1.02 (CpipJ_CPIJ010764)_(Homo_sapiens)_(DBD_0.89)

letter-probability matrix: alength= 4 w= 18 nsites= 1 E= 0
  0.536953	  0.172787	  0.112112	  0.178148	
  0.135379	  0.112568	  0.522354	  0.229699	
  0.404653	  0.257299	  0.247263	  0.090785	
  0.137203	  0.339074	  0.453695	  0.070027	
  0.208257	  0.267336	  0.035698	  0.488709	
  0.021898	  0.095119	  0.546077	  0.336907	
  0.027030	  0.842153	  0.054859	  0.075958	
  0.001825	  0.113253	  0.027600	  0.857322	
  0.025319	  0.116104	  0.819001	  0.039576	
  0.975707	  0.000228	  0.017108	  0.006957	
  0.000570	  0.005931	  0.000912	  0.992587	
  0.001141	  0.000570	  0.000570	  0.997719	
  0.003307	  0.001141	  0.994526	  0.001026	
  0.001369	  0.007984	  0.990306	  0.000342	
  0.042997	  0.305315	  0.001711	  0.649977	
  0.052464	  0.449703	  0.213618	  0.284215	
  0.175297	  0.476277	  0.253992	  0.094434	
  0.485972	  0.129562	  0.308736	  0.075730	

URL http://cisbp.ccbr.utoronto.ca/TFreport.php?searchTF=T070378_1.02

MOTIF M1912_1.02 (CpipJ_CPIJ004183)_(Drosophila_melanogaster)_(DBD_0.84)

letter-probability matrix: alength= 4 w= 16 nsites= 1 E= 0
  0.100000	  0.300000	  0.300000	  0.300000	
  0.000000	  0.400000	  0.000000	  0.600000	
  0.000000	  0.000000	  1.000000	  0.000000	
  0.000000	  0.000000	  0.000000	  1.000000	
  0.000000	  0.000000	  1.000000	  0.000000	
  0.300000	  0.000000	  0.700000	  0.000000	
  0.000000	  0.000000	  1.000000	  0.000000	
  1.000000	  0.000000	  0.000000	  0.000000	
  1.000000	  0.000000	  0.000000	  0.000000	
  0.500000	  0.500000	  0.000000	  0.000000	
  0.100000	  0.700000	  0.100000	  0.100000	
  0.100000	  0.200000	  0.400000	  0.300000	
  0.400000	  0.200000	  0.200000	  0.200000	
  0.300000	  0.100000	  0.400000	  0.200000	
  0.400000	  0.300000	  0.200000	  0.100000	
  0.200000	  0.100000	  0.200000	  0.500000	

URL http://cisbp.ccbr.utoronto.ca/TFreport.php?searchTF=T073030_1.02

MOTIF M1919_1.02 (CpipJ_CPIJ014689)_(Homo_sapiens)_(DBD_0.98)

letter-probability matrix: alength= 4 w= 12 nsites= 1 E= 0
  0.157021	  0.639102	  0.111700	  0.092177	
  0.972668	  0.000000	  0.025241	  0.002092	
  0.940036	  0.013806	  0.037373	  0.008785	
  0.349463	  0.155766	  0.457677	  0.037094	
  1.000000	  0.000000	  0.000000	  0.000000	
  0.000000	  0.001673	  0.000000	  0.998327	
  0.001534	  0.000000	  0.998466	  0.000000	
  0.001813	  0.000000	  0.998187	  0.000000	
  0.113234	  0.786083	  0.005299	  0.095384	
  0.120904	  0.234416	  0.385581	  0.259099	
  0.125366	  0.122019	  0.649142	  0.103472	
  0.185748	  0.637010	  0.054525	  0.122716	

URL http://cisbp.ccbr.utoronto.ca/TFreport.php?searchTF=T033490_1.02

MOTIF M1946_1.02 (CpipJ_CPIJ018505)_(Drosophila_melanogaster)_(DBD_0.93)

letter-probability matrix: alength= 4 w= 9 nsites= 1 E= 0
  0.476190	  0.190476	  0.000000	  0.333333	
  0.047619	  0.190476	  0.666667	  0.095238	
  0.190476	  0.095238	  0.095238	  0.619048	
  0.952381	  0.000000	  0.000000	  0.047619	
  1.000000	  0.000000	  0.000000	  0.000000	
  0.000000	  1.000000	  0.000000	  0.000000	
  0.333333	  0.238095	  0.142857	  0.285714	
  0.000000	  0.000000	  1.000000	  0.000000	
  0.238095	  0.190476	  0.095238	  0.476190	

URL http://cisbp.ccbr.utoronto.ca/TFreport.php?searchTF=T033621_1.02

MOTIF M1960_1.02 (CpipJ_CPIJ007851)_(Mus_musculus)_(DBD_0.93)

letter-probability matrix: alength= 4 w= 8 nsites= 1 E= 0
  0.000000	  1.000000	  0.000000	  0.000000	
  0.000000	  1.000000	  0.000000	  0.000000	
  0.453252	  0.000000	  0.000000	  0.546748	
  0.000000	  0.000000	  0.000000	  1.000000	
  0.000000	  0.000000	  0.000000	  1.000000	
  0.000000	  0.000000	  1.000000	  0.000000	
  0.000000	  0.000000	  0.000000	  1.000000	
  0.000000	  0.283875	  0.201220	  0.514905	

URL http://cisbp.ccbr.utoronto.ca/TFreport.php?searchTF=T142661_1.02

MOTIF M1970_1.02 (CpipJ_CPIJ009526)_(Homo_sapiens)_(DBD_0.72)

letter-probability matrix: alength= 4 w= 6 nsites= 1 E= 0
  0.209346	  0.171586	  0.141927	  0.477141	
  0.023437	  0.023148	  0.776042	  0.177373	
  0.013021	  0.961082	  0.012731	  0.013166	
  0.007378	  0.971209	  0.009693	  0.011719	
  0.935185	  0.043403	  0.009693	  0.011719	
  0.657697	  0.025463	  0.265046	  0.051794	

URL http://cisbp.ccbr.utoronto.ca/TFreport.php?searchTF=T141655_1.02

MOTIF M1978_1.02 (CpipJ_CPIJ011519)_(Drosophila_melanogaster)_(DBD_0.88)

letter-probability matrix: alength= 4 w= 7 nsites= 1 E= 0
  0.285714	  0.095238	  0.047619	  0.571429	
  0.000000	  0.000000	  0.000000	  1.000000	
  1.000000	  0.000000	  0.000000	  0.000000	
  1.000000	  0.000000	  0.000000	  0.000000	
  0.238095	  0.000000	  0.000000	  0.761905	
  0.142857	  0.047619	  0.095238	  0.714286	
  0.000000	  0.000000	  1.000000	  0.000000	

URL http://cisbp.ccbr.utoronto.ca/TFreport.php?searchTF=T089265_1.02

MOTIF M1986_1.02 (CpipJ_CPIJ017099)_(Drosophila_melanogaster)_(DBD_0.96)

letter-probability matrix: alength= 4 w= 7 nsites= 1 E= 0
  0.160000	  0.400000	  0.040000	  0.400000	
  0.000000	  0.000000	  0.000000	  1.000000	
  1.000000	  0.000000	  0.000000	  0.000000	
  1.000000	  0.000000	  0.000000	  0.000000	
  0.000000	  0.000000	  0.000000	  1.000000	
  0.000000	  0.040000	  0.320000	  0.640000	
  0.920000	  0.000000	  0.080000	  0.000000	

URL http://cisbp.ccbr.utoronto.ca/TFreport.php?searchTF=T089292_1.02

MOTIF M1987_1.02 (CpipJ_CPIJ002261)_(Drosophila_melanogaster)_(DBD_0.95)

letter-probability matrix: alength= 4 w= 7 nsites= 1 E= 0
  0.105263	  0.210526	  0.000000	  0.684211	
  0.105263	  0.000000	  0.000000	  0.894737	
  0.894737	  0.000000	  0.000000	  0.105263	
  1.000000	  0.000000	  0.000000	  0.000000	
  0.000000	  0.000000	  0.052632	  0.947368	
  0.000000	  0.000000	  0.052632	  0.947368	
  0.789474	  0.000000	  0.210526	  0.000000	

URL http://cisbp.ccbr.utoronto.ca/TFreport.php?searchTF=T089225_1.02

MOTIF M1991_1.02 (CpipJ_CPIJ002260)_(Drosophila_melanogaster)_(DBD_0.91)

letter-probability matrix: alength= 4 w= 7 nsites= 1 E= 0
  0.000000	  0.500000	  0.000000	  0.500000	
  0.800000	  0.200000	  0.000000	  0.000000	
  1.000000	  0.000000	  0.000000	  0.000000	
  0.000000	  0.000000	  0.000000	  1.000000	
  0.566667	  0.000000	  0.000000	  0.433333	
  0.733333	  0.000000	  0.033333	  0.233333	
  0.433333	  0.100000	  0.066667	  0.400000	

URL http://cisbp.ccbr.utoronto.ca/TFreport.php?searchTF=T089224_1.02

MOTIF M1992_1.02 (CpipJ_CPIJ003318)_(Drosophila_melanogaster)_(DBD_0.81)

letter-probability matrix: alength= 4 w= 8 nsites= 1 E= 0
  0.269231	  0.115385	  0.076923	  0.538462	
  0.000000	  0.269231	  0.000000	  0.730769	
  0.000000	  0.230769	  0.269231	  0.500000	
  0.807692	  0.000000	  0.076923	  0.115385	
  1.000000	  0.000000	  0.000000	  0.000000	
  0.000000	  0.115385	  0.115385	  0.769231	
  0.269231	  0.000000	  0.038462	  0.692308	
  0.846154	  0.000000	  0.153846	  0.000000	

URL http://cisbp.ccbr.utoronto.ca/TFreport.php?searchTF=T089232_1.02

MOTIF M1995_1.02 (CpipJ_CPIJ001004)_(Drosophila_melanogaster)_(DBD_1.00)

letter-probability matrix: alength= 4 w= 7 nsites= 1 E= 0
  0.041667	  0.166667	  0.125000	  0.666667	
  0.000000	  0.000000	  0.000000	  1.000000	
  1.000000	  0.000000	  0.000000	  0.000000	
  1.000000	  0.000000	  0.000000	  0.000000	
  0.000000	  0.000000	  0.000000	  1.000000	
  0.041667	  0.000000	  0.791667	  0.166667	
  0.875000	  0.000000	  0.125000	  0.000000	

URL http://cisbp.ccbr.utoronto.ca/TFreport.php?searchTF=T089210_1.02

MOTIF M2001_1.02 (CpipJ_CPIJ009678)_(Drosophila_melanogaster)_(DBD_0.98)

letter-probability matrix: alength= 4 w= 7 nsites= 1 E= 0
  0.050000	  0.150000	  0.000000	  0.800000	
  0.000000	  0.000000	  0.000000	  1.000000	
  1.000000	  0.000000	  0.000000	  0.000000	
  1.000000	  0.000000	  0.000000	  0.000000	
  0.050000	  0.000000	  0.000000	  0.950000	
  0.000000	  0.150000	  0.000000	  0.850000	
  0.200000	  0.000000	  0.800000	  0.000000	

URL http://cisbp.ccbr.utoronto.ca/TFreport.php?searchTF=T089257_1.02

MOTIF M2011_1.02 (CpipJ_CPIJ016464)_(Drosophila_melanogaster)_(DBD_0.79)

letter-probability matrix: alength= 4 w= 7 nsites= 1 E= 0
  0.111111	  0.481481	  0.000000	  0.407407	
  0.000000	  0.000000	  0.000000	  1.000000	
  1.000000	  0.000000	  0.000000	  0.000000	
  1.000000	  0.000000	  0.000000	  0.000000	
  0.000000	  0.000000	  0.000000	  1.000000	
  0.000000	  0.000000	  0.000000	  1.000000	
  0.629630	  0.000000	  0.370370	  0.000000	

URL http://cisbp.ccbr.utoronto.ca/TFreport.php?searchTF=T089291_1.02

MOTIF M2012_1.02 (CpipJ_CPIJ001006)_(Drosophila_melanogaster)_(DBD_1.00)

letter-probability matrix: alength= 4 w= 7 nsites= 1 E= 0
  0.120000	  0.280000	  0.000000	  0.600000	
  0.000000	  0.000000	  0.000000	  1.000000	
  1.000000	  0.000000	  0.000000	  0.000000	
  1.000000	  0.000000	  0.000000	  0.000000	
  0.000000	  0.000000	  0.000000	  1.000000	
  0.000000	  0.000000	  0.720000	  0.280000	
  0.920000	  0.000000	  0.080000	  0.000000	

URL http://cisbp.ccbr.utoronto.ca/TFreport.php?searchTF=T089211_1.02

MOTIF M2013_1.02 (CpipJ_CPIJ007957)_(Drosophila_melanogaster)_(DBD_0.96)

letter-probability matrix: alength= 4 w= 6 nsites= 1 E= 0
  0.000000	  0.000000	  0.000000	  1.000000	
  0.000000	  0.000000	  1.000000	  0.000000	
  1.000000	  0.000000	  0.000000	  0.000000	
  0.000000	  0.350000	  0.200000	  0.450000	
  1.000000	  0.000000	  0.000000	  0.000000	
  0.050000	  0.950000	  0.000000	  0.000000	

URL http://cisbp.ccbr.utoronto.ca/TFreport.php?searchTF=T089249_1.02

MOTIF M2015_1.02 (CpipJ_CPIJ001016)_(Drosophila_melanogaster)_(DBD_1.00)

letter-probability matrix: alength= 4 w= 7 nsites= 1 E= 0
  0.055556	  0.166667	  0.000000	  0.777778	
  0.000000	  0.000000	  0.000000	  1.000000	
  0.888889	  0.000000	  0.000000	  0.111111	
  1.000000	  0.000000	  0.000000	  0.000000	
  0.055556	  0.000000	  0.000000	  0.944444	
  0.000000	  0.000000	  0.333333	  0.666667	
  0.833333	  0.055556	  0.111111	  0.000000	

URL http://cisbp.ccbr.utoronto.ca/TFreport.php?searchTF=T089215_1.02

MOTIF M2016_1.02 (CpipJ_CPIJ008448)_(Drosophila_melanogaster)_(DBD_0.97)

letter-probability matrix: alength= 4 w= 6 nsites= 1 E= 0
  0.117647	  0.705882	  0.000000	  0.176471	
  0.000000	  0.000000	  0.000000	  1.000000	
  0.043478	  0.000000	  0.956522	  0.000000	
  0.000000	  0.000000	  0.000000	  1.000000	
  0.000000	  1.000000	  0.000000	  0.000000	
  1.000000	  0.000000	  0.000000	  0.000000	

URL http://cisbp.ccbr.utoronto.ca/TFreport.php?searchTF=T089252_1.02

MOTIF M2019_1.02 (CpipJ_CPIJ000125)_(Drosophila_melanogaster)_(DBD_1.00)

letter-probability matrix: alength= 4 w= 5 nsites= 1 E= 0
  0.411765	  0.000000	  0.147059	  0.441176	
  0.676471	  0.000000	  0.000000	  0.323529	
  1.000000	  0.000000	  0.000000	  0.000000	
  0.000000	  1.000000	  0.000000	  0.000000	
  1.000000	  0.000000	  0.000000	  0.000000	

URL http://cisbp.ccbr.utoronto.ca/TFreport.php?searchTF=T089207_1.02

MOTIF M2031_1.02 (CpipJ_CPIJ008039)_(Drosophila_melanogaster)_(DBD_1.00)

letter-probability matrix: alength= 4 w= 8 nsites= 1 E= 0
  0.000000	  0.352941	  0.000000	  0.647059	
  0.294118	  0.000000	  0.705882	  0.000000	
  0.000000	  0.000000	  0.000000	  1.000000	
  0.000000	  1.000000	  0.000000	  0.000000	
  1.000000	  0.000000	  0.000000	  0.000000	
  1.000000	  0.000000	  0.000000	  0.000000	
  0.823529	  0.117647	  0.000000	  0.058824	
  0.294118	  0.235294	  0.235294	  0.235294	

URL http://cisbp.ccbr.utoronto.ca/TFreport.php?searchTF=T089250_1.02

MOTIF M2041_1.02 (CpipJ_CPIJ000127)_(Drosophila_melanogaster)_(DBD_1.00)

letter-probability matrix: alength= 4 w= 5 nsites= 1 E= 0
  0.487805	  0.024390	  0.024390	  0.463415	
  0.707317	  0.000000	  0.048780	  0.243902	
  1.000000	  0.000000	  0.000000	  0.000000	
  0.000000	  1.000000	  0.000000	  0.000000	
  1.000000	  0.000000	  0.000000	  0.000000	

URL http://cisbp.ccbr.utoronto.ca/TFreport.php?searchTF=T089208_1.02

MOTIF M2043_1.02 (CpipJ_CPIJ006386)_(Drosophila_melanogaster)_(DBD_0.92)

letter-probability matrix: alength= 4 w= 7 nsites= 1 E= 0
  0.066667	  0.133333	  0.000000	  0.800000	
  0.000000	  0.000000	  0.000000	  1.000000	
  0.000000	  0.000000	  1.000000	  0.000000	
  1.000000	  0.000000	  0.000000	  0.000000	
  0.000000	  0.000000	  0.000000	  1.000000	
  0.000000	  0.000000	  0.000000	  1.000000	
  0.333333	  0.000000	  0.266667	  0.400000	

URL http://cisbp.ccbr.utoronto.ca/TFreport.php?searchTF=T073392_1.02

MOTIF M2044_1.02 (CpipJ_CPIJ015363)_(Drosophila_melanogaster)_(DBD_0.79)

letter-probability matrix: alength= 4 w= 7 nsites= 1 E= 0
