MEME version 4

ALPHABET= ACGT

strands: + -

Background letter frequencies (from uniform background):
A 0.25000 C 0.25000 G 0.25000 T 0.25000 

MOTIF M0111_1.02 (GM16032)_(Drosophila_melanogaster)_(DBD_1.00)

letter-probability matrix: alength= 4 w= 8 nsites= 1 E= 0
  0.228748	  0.221987	  0.148803	  0.400462	
  0.182465	  0.170129	  0.146431	  0.500975	
  0.138322	  0.188592	  0.071492	  0.601595	
  0.336065	  0.060178	  0.422972	  0.180785	
  0.973889	  0.000879	  0.022006	  0.003226	
  0.045194	  0.000361	  0.000150	  0.954295	
  0.278506	  0.244555	  0.112105	  0.364833	
  0.300420	  0.203401	  0.269126	  0.227052	

URL http://cisbp.ccbr.utoronto.ca/TFreport.php?searchTF=T007828_1.02

MOTIF M0319_1.02 (GM22894)_(Mus_musculus)_(DBD_0.79)

letter-probability matrix: alength= 4 w= 10 nsites= 1 E= 0
  0.183122	  0.183122	  0.270541	  0.363215	
  0.645397	  0.087274	  0.180054	  0.087274	
  0.000184	  0.000184	  0.000184	  0.999448	
  0.000184	  0.000184	  0.724689	  0.274944	
  0.999448	  0.000184	  0.000184	  0.000184	
  0.000184	  0.999448	  0.000184	  0.000184	
  0.000184	  0.000184	  0.999448	  0.000184	
  0.000184	  0.000184	  0.000184	  0.999448	
  0.547966	  0.317911	  0.067062	  0.067062	
  0.511272	  0.162909	  0.162909	  0.162909	

URL http://cisbp.ccbr.utoronto.ca/TFreport.php?searchTF=T027336_1.02

MOTIF M0424_1.02 (GM16048)_(Mus_musculus)_(DBD_0.75)

letter-probability matrix: alength= 4 w= 10 nsites= 1 E= 0
  0.277274	  0.205410	  0.231599	  0.285718	
  0.260772	  0.211378	  0.215648	  0.312201	
  0.119201	  0.079108	  0.058605	  0.743086	
  0.006837	  0.028857	  0.918136	  0.046171	
  0.862086	  0.000771	  0.084720	  0.052423	
  0.039362	  0.891405	  0.009326	  0.059907	
  0.762638	  0.017936	  0.180690	  0.038737	
  0.164638	  0.133453	  0.461162	  0.240748	
  0.190999	  0.293614	  0.282101	  0.233286	
  0.218148	  0.236317	  0.178604	  0.366931	

URL http://cisbp.ccbr.utoronto.ca/TFreport.php?searchTF=T059343_1.02

MOTIF M0580_1.02 (GM17814)_(Bombyx_mori)_(DBD_0.85)

letter-probability matrix: alength= 4 w= 10 nsites= 1 E= 0
  0.234003	  0.269167	  0.213862	  0.282968	
  0.165030	  0.378465	  0.117463	  0.339042	
  0.161689	  0.623702	  0.107305	  0.107305	
  0.189188	  0.117066	  0.634438	  0.059308	
  0.000295	  0.880381	  0.000177	  0.119147	
  0.110357	  0.107095	  0.694866	  0.087682	
  0.291421	  0.222465	  0.300296	  0.185818	
  0.262292	  0.257099	  0.223511	  0.257099	
  0.235549	  0.255168	  0.200722	  0.308561	
  0.248131	  0.238401	  0.222284	  0.291184	

URL http://cisbp.ccbr.utoronto.ca/TFreport.php?searchTF=T071242_1.02

MOTIF M0596_1.02 (GM21473)_(Drosophila_yakuba)_(DBD_1.00)

letter-probability matrix: alength= 4 w= 8 nsites= 1 E= 0
  0.675969	  0.000294	  0.235311	  0.088425	
  0.019408	  0.000192	  0.019408	  0.960992	
  0.000192	  0.000192	  0.000192	  0.999424	
  0.000192	  0.153920	  0.000192	  0.845696	
  0.288432	  0.000192	  0.615104	  0.096272	
  0.980208	  0.000192	  0.019408	  0.000192	
  0.999424	  0.000192	  0.000192	  0.000192	
  0.513229	  0.270248	  0.000270	  0.216253	

URL http://cisbp.ccbr.utoronto.ca/TFreport.php?searchTF=T073947_1.02

MOTIF M0641_1.02 (GM12805)_(Drosophila_melanogaster)_(DBD_1.00)

letter-probability matrix: alength= 4 w= 10 nsites= 1 E= 0
  0.264213	  0.114063	  0.073461	  0.548263	
  0.146979	  0.076730	  0.639248	  0.137043	
  0.091624	  0.122448	  0.030195	  0.755733	
  0.530776	  0.071833	  0.106096	  0.291296	
  0.340580	  0.064758	  0.186914	  0.407748	
  0.130860	  0.648156	  0.077799	  0.143184	
  0.378005	  0.205389	  0.180351	  0.236254	
  0.412383	  0.112387	  0.172768	  0.302461	
  0.281282	  0.131546	  0.159072	  0.428100	
  0.236410	  0.182284	  0.128453	  0.452853	

URL http://cisbp.ccbr.utoronto.ca/TFreport.php?searchTF=T075308_1.02

MOTIF M0713_1.02 (GM16660)_(Drosophila_melanogaster)_(DBD_1.00)

letter-probability matrix: alength= 4 w= 8 nsites= 1 E= 0
  0.001244	  0.996269	  0.001244	  0.001244	
  0.000996	  0.997012	  0.000996	  0.000996	
  0.000996	  0.000996	  0.997012	  0.000996	
  0.000996	  0.000996	  0.997012	  0.000996	
  0.997012	  0.000996	  0.000996	  0.000996	
  0.897410	  0.000996	  0.000996	  0.100598	
  0.332965	  0.001106	  0.664823	  0.001106	
  0.001420	  0.285511	  0.001420	  0.711648	

URL http://cisbp.ccbr.utoronto.ca/TFreport.php?searchTF=T078857_1.02

MOTIF M0723_1.02 (GM22695)_(Mus_musculus)_(DBD_0.64)

letter-probability matrix: alength= 4 w= 10 nsites= 1 E= 0
  0.304424	  0.223279	  0.262020	  0.210276	
  0.213777	  0.233909	  0.245902	  0.306412	
  0.293934	  0.159709	  0.385043	  0.161314	
  0.246234	  0.175262	  0.129837	  0.448667	
  0.528194	  0.286995	  0.062145	  0.122666	
  0.598965	  0.187767	  0.067034	  0.146233	
  0.718961	  0.066540	  0.146615	  0.067884	
  0.033458	  0.590092	  0.077500	  0.298951	
  0.671272	  0.049858	  0.121410	  0.157460	
  0.326891	  0.210530	  0.210530	  0.252050	

URL http://cisbp.ccbr.utoronto.ca/TFreport.php?searchTF=T082797_1.02

MOTIF M0737_1.02 (GM17800)_(Mus_musculus)_(DBD_0.88)

letter-probability matrix: alength= 4 w= 10 nsites= 1 E= 0
  0.329842	  0.082156	  0.060257	  0.527746	
  0.520070	  0.108198	  0.255689	  0.116043	
  0.283345	  0.081996	  0.128595	  0.506065	
  0.209230	  0.033229	  0.701648	  0.055893	
  0.071321	  0.155585	  0.032694	  0.740400	
  0.638753	  0.232646	  0.070072	  0.058529	
  0.729556	  0.133278	  0.066184	  0.070983	
  0.865457	  0.036352	  0.043959	  0.054231	
  0.059316	  0.519509	  0.058726	  0.362449	
  0.777489	  0.053307	  0.067092	  0.102112	

URL http://cisbp.ccbr.utoronto.ca/TFreport.php?searchTF=T082792_1.02

MOTIF M0740_1.02 (GM18442)_(Drosophila_melanogaster)_(DBD_1.00)

letter-probability matrix: alength= 4 w= 10 nsites= 1 E= 0
  0.148384	  0.253629	  0.148384	  0.449602	
  0.343159	  0.027768	  0.517643	  0.111431	
  0.083876	  0.000213	  0.000213	  0.915697	
  0.999360	  0.000213	  0.000213	  0.000213	
  0.915697	  0.000213	  0.000213	  0.083876	
  0.999360	  0.000213	  0.000213	  0.000213	
  0.000213	  0.912223	  0.000213	  0.087351	
  0.999360	  0.000213	  0.000213	  0.000213	
  0.437060	  0.186478	  0.185492	  0.190970	
  0.332663	  0.222446	  0.222446	  0.222446	

URL http://cisbp.ccbr.utoronto.ca/TFreport.php?searchTF=T082794_1.02

MOTIF M0757_1.02 (GM24770)_(Strongylocentrotus_purpuratus)_(DBD_0.64)

letter-probability matrix: alength= 4 w= 10 nsites= 1 E= 0
  0.321884	  0.201178	  0.236085	  0.240854	
  0.216367	  0.234387	  0.239122	  0.310124	
  0.297171	  0.182055	  0.409243	  0.111532	
  0.279854	  0.144643	  0.132194	  0.443309	
  0.472247	  0.313407	  0.069235	  0.145111	
  0.572460	  0.196359	  0.062174	  0.169007	
  0.751021	  0.048981	  0.135834	  0.064163	
  0.037542	  0.655546	  0.026722	  0.280190	
  0.680835	  0.057015	  0.121915	  0.140235	
  0.359328	  0.213628	  0.193298	  0.233746	

URL http://cisbp.ccbr.utoronto.ca/TFreport.php?searchTF=T082801_1.02

MOTIF M0817_1.02 (GM17569)_(Drosophila_melanogaster)_(DBD_0.99)

letter-probability matrix: alength= 4 w= 8 nsites= 1 E= 0
  0.729854	  0.111199	  0.158788	  0.000159	
  0.000118	  0.011877	  0.000118	  0.987888	
  0.235301	  0.023636	  0.740945	  0.000118	
  0.047154	  0.799741	  0.141228	  0.011877	
  0.070673	  0.000118	  0.752705	  0.176505	
  0.000118	  0.000118	  0.999647	  0.000118	
  0.000118	  0.000118	  0.999647	  0.000118	
  0.055699	  0.351776	  0.092709	  0.499815	

URL http://cisbp.ccbr.utoronto.ca/TFreport.php?searchTF=T086820_1.02

MOTIF M0967_1.02 (GM11740)_(Mus_musculus)_(DBD_0.77)

letter-probability matrix: alength= 4 w= 8 nsites= 1 E= 0
  0.222888	  0.280526	  0.201677	  0.294909	
  0.135819	  0.056902	  0.017838	  0.789441	
  0.749166	  0.066617	  0.112052	  0.072165	
  0.950512	  0.000309	  0.023975	  0.025204	
  0.033254	  0.061201	  0.073271	  0.832275	
  0.170087	  0.110643	  0.160182	  0.559089	
  0.345558	  0.104080	  0.393532	  0.156830	
  0.274902	  0.209855	  0.329118	  0.186125	

URL http://cisbp.ccbr.utoronto.ca/TFreport.php?searchTF=T099079_1.02

MOTIF M1088_1.02 (GM11904)_(Drosophila_melanogaster)_(DBD_1.00)

letter-probability matrix: alength= 4 w= 10 nsites= 1 E= 0
  0.248652	  0.156039	  0.439269	  0.156039	
  0.235559	  0.409426	  0.243856	  0.111159	
  0.000140	  0.000140	  0.000140	  0.999581	
  0.999581	  0.000140	  0.000140	  0.000140	
  0.999581	  0.000140	  0.000140	  0.000140	
  0.000140	  0.000140	  0.000140	  0.999581	
  0.000140	  0.000140	  0.000140	  0.999581	
  0.999581	  0.000140	  0.000140	  0.000140	
  0.270161	  0.309740	  0.212726	  0.207374	
  0.227694	  0.227694	  0.227694	  0.316917	

URL http://cisbp.ccbr.utoronto.ca/TFreport.php?searchTF=T099080_1.02

MOTIF M1089_1.02 (GM16987)_(Drosophila_melanogaster)_(DBD_1.00)

letter-probability matrix: alength= 4 w= 10 nsites= 1 E= 0
  0.209338	  0.253142	  0.321807	  0.215713	
  0.269176	  0.231682	  0.207548	  0.291594	
  0.108996	  0.124128	  0.038142	  0.728735	
  0.818862	  0.018319	  0.138091	  0.024728	
  0.925508	  0.028799	  0.000527	  0.045166	
  0.090056	  0.159244	  0.124019	  0.626680	
  0.097497	  0.244649	  0.314135	  0.343719	
  0.322285	  0.084389	  0.452794	  0.140532	
  0.204560	  0.257459	  0.351027	  0.186954	
  0.179474	  0.298877	  0.181278	  0.340370	

URL http://cisbp.ccbr.utoronto.ca/TFreport.php?searchTF=T099107_1.02

MOTIF M1090_1.02 (GM24141)_(Drosophila_melanogaster)_(DBD_1.00)

letter-probability matrix: alength= 4 w= 9 nsites= 1 E= 0
  0.134584	  0.408378	  0.129307	  0.327731	
  0.081007	  0.082644	  0.003760	  0.832588	
  0.917579	  0.035224	  0.037403	  0.009794	
  0.976827	  0.001575	  0.006199	  0.015399	
  0.023296	  0.008071	  0.016916	  0.951717	
  0.078443	  0.045258	  0.284968	  0.591331	
  0.706465	  0.016950	  0.244759	  0.031826	
  0.168184	  0.356045	  0.318957	  0.156814	
  0.118714	  0.360221	  0.248817	  0.272249	

URL http://cisbp.ccbr.utoronto.ca/TFreport.php?searchTF=T099128_1.02

MOTIF M1091_1.02 (GM21172)_(Drosophila_melanogaster)_(DBD_1.00)

letter-probability matrix: alength= 4 w= 9 nsites= 1 E= 0
  0.195086	  0.348431	  0.193145	  0.263338	
  0.106150	  0.078638	  0.022985	  0.792228	
  0.745347	  0.066944	  0.120765	  0.066944	
  0.803281	  0.077378	  0.027625	  0.091717	
  0.084325	  0.168120	  0.072579	  0.674976	
  0.130553	  0.189007	  0.314751	  0.365689	
  0.403315	  0.108823	  0.304819	  0.183043	
  0.228660	  0.290684	  0.273756	  0.206900	
  0.186386	  0.283672	  0.249092	  0.280850	

URL http://cisbp.ccbr.utoronto.ca/TFreport.php?searchTF=T099121_1.02

MOTIF M1092_1.02 (GM17030)_(Drosophila_melanogaster)_(DBD_1.00)

letter-probability matrix: alength= 4 w= 10 nsites= 1 E= 0
  0.216697	  0.313720	  0.239487	  0.230097	
  0.095574	  0.372375	  0.044252	  0.487798	
  0.513306	  0.185096	  0.192650	  0.108948	
  0.650499	  0.143702	  0.075773	  0.130027	
  0.056092	  0.142164	  0.007822	  0.793922	
  0.205435	  0.280095	  0.158401	  0.356070	
  0.340270	  0.184886	  0.184886	  0.289959	
  0.267116	  0.272512	  0.264458	  0.195915	
  0.194734	  0.260248	  0.302365	  0.242653	
  0.228970	  0.279665	  0.238314	  0.253051	

URL http://cisbp.ccbr.utoronto.ca/TFreport.php?searchTF=T099108_1.02

MOTIF M1093_1.02 (GM20951)_(Drosophila_melanogaster)_(DBD_1.00)

letter-probability matrix: alength= 4 w= 9 nsites= 1 E= 0
  0.144762	  0.222536	  0.161594	  0.471108	
  0.154684	  0.080752	  0.561934	  0.202630	
  0.881466	  0.062903	  0.033838	  0.021793	
  0.038868	  0.179502	  0.060958	  0.720672	
  0.692055	  0.307866	  0.000069	  0.000010	
  0.074677	  0.546305	  0.076186	  0.302832	
  0.143399	  0.405708	  0.241202	  0.209691	
  0.216642	  0.316792	  0.182773	  0.283793	
  0.200709	  0.305472	  0.185278	  0.308542	

URL http://cisbp.ccbr.utoronto.ca/TFreport.php?searchTF=T099116_1.02

MOTIF M1094_1.02 (GM10529)_(Drosophila_melanogaster)_(DBD_0.98)

letter-probability matrix: alength= 4 w= 10 nsites= 1 E= 0
  0.268157	  0.302346	  0.276323	  0.153174	
  0.155819	  0.326586	  0.163808	  0.353787	
  0.106375	  0.063878	  0.027854	  0.801893	
  0.865700	  0.012853	  0.068275	  0.053172	
  0.908282	  0.035218	  0.013485	  0.043015	
  0.042920	  0.081397	  0.022183	  0.853499	
  0.067850	  0.074240	  0.390453	  0.467457	
  0.616195	  0.031931	  0.274119	  0.077755	
  0.180282	  0.374099	  0.236162	  0.209457	
  0.188518	  0.323499	  0.192327	  0.295656	

URL http://cisbp.ccbr.utoronto.ca/TFreport.php?searchTF=T099070_1.02

MOTIF M1095_1.02 (bap)_(Drosophila_melanogaster)_(DBD_1.00)

letter-probability matrix: alength= 4 w= 11 nsites= 1 E= 0
  0.220082	  0.339754	  0.220082	  0.220082	
  0.121199	  0.210045	  0.121199	  0.547557	
  0.023880	  0.023880	  0.023880	  0.928359	
  0.999808	  0.000064	  0.000064	  0.000064	
  0.999808	  0.000064	  0.000064	  0.000064	
  0.000064	  0.000064	  0.999808	  0.000064	
  0.000064	  0.000064	  0.000064	  0.999808	
  0.271023	  0.000064	  0.728849	  0.000064	
  0.029982	  0.382541	  0.557495	  0.029982	
  0.219228	  0.312556	  0.128865	  0.339351	
  0.226184	  0.226184	  0.226184	  0.321449	

URL http://cisbp.ccbr.utoronto.ca/TFreport.php?searchTF=T098588_1.02

MOTIF M1096_1.02 (GM16652)_(Drosophila_melanogaster)_(DBD_1.00)

letter-probability matrix: alength= 4 w= 8 nsites= 1 E= 0
  0.207448	  0.325343	  0.141866	  0.325343	
  0.070500	  0.046787	  0.081909	  0.800803	
  0.823901	  0.041432	  0.064978	  0.069690	
  0.800902	  0.045410	  0.085263	  0.068425	
  0.078337	  0.041722	  0.098595	  0.781347	
  0.084961	  0.693803	  0.089317	  0.131919	
  0.101356	  0.577459	  0.132772	  0.188413	
  0.148880	  0.348326	  0.299807	  0.202987	

URL http://cisbp.ccbr.utoronto.ca/TFreport.php?searchTF=T099103_1.02

MOTIF M1097_1.02 (GM14592)_(Drosophila_melanogaster)_(DBD_1.00)

letter-probability matrix: alength= 4 w= 10 nsites= 1 E= 0
  0.292329	  0.229079	  0.288644	  0.189949	
  0.136427	  0.336877	  0.156525	  0.370171	
  0.034513	  0.118059	  0.009674	  0.837754	
  0.801571	  0.072692	  0.093201	  0.032536	
  0.970781	  0.007894	  0.008025	  0.013300	
  0.013300	  0.008025	  0.007894	  0.970781	
  0.032536	  0.093201	  0.072692	  0.801571	
  0.837754	  0.009674	  0.118059	  0.034513	
  0.370171	  0.156525	  0.336877	  0.136427	
  0.189949	  0.288644	  0.229079	  0.292329	

URL http://cisbp.ccbr.utoronto.ca/TFreport.php?searchTF=T099089_1.02

MOTIF M1100_1.02 (GM21001)_(Drosophila_melanogaster)_(DBD_1.00)

letter-probability matrix: alength= 4 w= 10 nsites= 1 E= 0
  0.242321	  0.223690	  0.225939	  0.308050	
  0.316659	  0.218727	  0.272551	  0.192063	
  0.250815	  0.136280	  0.401302	  0.211603	
  0.221772	  0.208857	  0.400074	  0.169296	
  0.316946	  0.132785	  0.339927	  0.210341	
  0.162016	  0.080455	  0.565491	  0.192038	
  0.797439	  0.000347	  0.148622	  0.053592	
  0.013593	  0.128969	  0.069378	  0.788059	
  0.565158	  0.248913	  0.091570	  0.094359	
  0.266128	  0.224522	  0.243222	  0.266128	

URL http://cisbp.ccbr.utoronto.ca/TFreport.php?searchTF=T099117_1.02

MOTIF M1102_1.02 (GM23140)_(Drosophila_melanogaster)_(DBD_0.98)

letter-probability matrix: alength= 4 w= 9 nsites= 1 E= 0
  0.263676	  0.236210	  0.288508	  0.211605	
  0.166180	  0.344836	  0.200953	  0.288031	
  0.099773	  0.489263	  0.095861	  0.315103	
  0.603177	  0.129310	  0.092964	  0.174550	
  0.795539	  0.078966	  0.083015	  0.042479	
  0.075531	  0.099937	  0.055955	  0.768577	
  0.259932	  0.281581	  0.100526	  0.357960	
  0.467314	  0.147969	  0.147969	  0.236749	
  0.319988	  0.210247	  0.244272	  0.225492	

URL http://cisbp.ccbr.utoronto.ca/TFreport.php?searchTF=T099125_1.02

MOTIF M1103_1.02 (GM12642)_(Drosophila_melanogaster)_(DBD_1.00)

letter-probability matrix: alength= 4 w= 8 nsites= 1 E= 0
  0.227314	  0.499546	  0.181942	  0.091198	
  0.000344	  0.103650	  0.000344	  0.895661	
  0.999092	  0.000303	  0.000303	  0.000303	
  0.999092	  0.000303	  0.000303	  0.000303	
  0.000303	  0.000303	  0.000303	  0.999092	
  0.000303	  0.000303	  0.000303	  0.999092	
  0.934601	  0.000322	  0.064755	  0.000322	
  0.760932	  0.048004	  0.048004	  0.143061	

URL http://cisbp.ccbr.utoronto.ca/TFreport.php?searchTF=T099082_1.02

MOTIF M1106_1.02 (GM14459)_(Drosophila_melanogaster)_(DBD_1.00)

letter-probability matrix: alength= 4 w= 8 nsites= 1 E= 0
  0.699401	  0.033622	  0.033622	  0.233356	
  0.152259	  0.065378	  0.043658	  0.738705	
  0.053712	  0.018023	  0.000178	  0.928087	
  0.821021	  0.000178	  0.000178	  0.178622	
  0.963776	  0.000178	  0.000178	  0.035867	
  0.071556	  0.000178	  0.000178	  0.928087	
  0.109193	  0.000182	  0.036519	  0.854106	
  0.871811	  0.000213	  0.085247	  0.042730	

URL http://cisbp.ccbr.utoronto.ca/TFreport.php?searchTF=T099088_1.02

MOTIF M1470_1.02 (GM14921)_(Drosophila_melanogaster)_(DBD_1.00)

letter-probability matrix: alength= 4 w= 8 nsites= 1 E= 0
  0.374896	  0.104288	  0.291632	  0.229184	
  0.000154	  0.138530	  0.000154	  0.861162	
  0.000143	  0.000143	  0.999572	  0.000143	
  0.985294	  0.000143	  0.014420	  0.000143	
  0.000143	  0.999572	  0.000143	  0.000143	
  0.000143	  0.999572	  0.000143	  0.000143	
  0.000154	  0.307657	  0.000154	  0.692036	
  0.000244	  0.317008	  0.000244	  0.682505	

URL http://cisbp.ccbr.utoronto.ca/TFreport.php?searchTF=T134360_1.02

MOTIF M1519_1.02 (GM17623)_(Gallus_gallus)_(DBD_0.58)

letter-probability matrix: alength= 4 w= 10 nsites= 1 E= 0
  0.371475	  0.209508	  0.209508	  0.209508	
  0.176057	  0.087532	  0.087532	  0.648879	
  0.000121	  0.000121	  0.000121	  0.999637	
  0.000121	  0.000121	  0.000121	  0.999637	
  0.088646	  0.083984	  0.000121	  0.827249	
  0.000121	  0.914778	  0.000121	  0.084980	
  0.000121	  0.826253	  0.084980	  0.088646	
  0.830915	  0.083984	  0.000121	  0.084980	
  0.124475	  0.287055	  0.040613	  0.547857	
  0.267517	  0.162589	  0.248110	  0.321785	

URL http://cisbp.ccbr.utoronto.ca/TFreport.php?searchTF=T138500_1.02

MOTIF M1524_1.02 (GM26172)_(Apis_mellifera)_(DBD_0.78)

letter-probability matrix: alength= 4 w= 10 nsites= 1 E= 0
  0.209124	  0.362465	  0.260585	  0.167826	
  0.088796	  0.611759	  0.160186	  0.139259	
  0.259972	  0.259972	  0.156112	  0.323945	
  0.112870	  0.103156	  0.058924	  0.725050	
  0.453205	  0.088796	  0.435435	  0.022564	
  0.200388	  0.057989	  0.706451	  0.035172	
  0.186077	  0.521214	  0.036458	  0.256252	
  0.538285	  0.028174	  0.210269	  0.223272	
  0.886008	  0.044112	  0.045912	  0.023968	
  0.009188	  0.923263	  0.002968	  0.064581	

URL http://cisbp.ccbr.utoronto.ca/TFreport.php?searchTF=T139007_1.02

MOTIF M1529_1.02 (GM10553)_(Mus_musculus)_(DBD_0.51)

letter-probability matrix: alength= 4 w= 10 nsites= 1 E= 0
  0.257402	  0.340577	  0.281643	  0.120378	
  0.111648	  0.611157	  0.169924	  0.107270	
  0.313889	  0.292669	  0.165512	  0.227931	
  0.060619	  0.279947	  0.036401	  0.623033	
  0.543155	  0.088890	  0.307168	  0.060788	
  0.182278	  0.051704	  0.717326	  0.048693	
  0.151291	  0.560711	  0.020475	  0.267523	
  0.642237	  0.022759	  0.185853	  0.149151	
  0.908416	  0.039319	  0.033505	  0.018760	
  0.011861	  0.928182	  0.000621	  0.059337	

URL http://cisbp.ccbr.utoronto.ca/TFreport.php?searchTF=T139006_1.02

MOTIF M1599_1.02 (GM24556)_(Mus_musculus)_(DBD_0.93)

letter-probability matrix: alength= 4 w= 9 nsites= 1 E= 0
  0.610507	  0.080181	  0.080181	  0.229130	
  0.027959	  0.087421	  0.055188	  0.829432	
  0.077434	  0.030859	  0.020893	  0.870814	
  0.237747	  0.206688	  0.478765	  0.076800	
  0.240465	  0.078459	  0.077678	  0.603397	
  0.222149	  0.224382	  0.205070	  0.348399	
  0.230661	  0.273404	  0.181445	  0.314490	
  0.236240	  0.248352	  0.218077	  0.297331	
  0.240132	  0.254981	  0.252444	  0.252444	

URL http://cisbp.ccbr.utoronto.ca/TFreport.php?searchTF=T145835_1.02

MOTIF M1623_1.02 (GM12345)_(Nasonia_vitripennis)_(DBD_0.98)

letter-probability matrix: alength= 4 w= 8 nsites= 1 E= 0
  0.040335	  0.080272	  0.000399	  0.878994	
  0.200057	  0.485445	  0.314212	  0.000285	
  0.977131	  0.000222	  0.022425	  0.000222	
  0.000217	  0.999348	  0.000217	  0.000217	
  0.999334	  0.000222	  0.000222	  0.000222	
  0.000222	  0.999334	  0.000222	  0.000222	
  0.000250	  0.924326	  0.000250	  0.075175	
  0.062734	  0.062734	  0.000312	  0.874220	

URL http://cisbp.ccbr.utoronto.ca/TFreport.php?searchTF=T150050_1.02

MOTIF M1628_1.02 (GM21356)_(Mus_musculus)_(DBD_0.70)

letter-probability matrix: alength= 4 w= 11 nsites= 1 E= 0
  0.538889	  0.153704	  0.153704	  0.153704	
  0.235964	  0.059136	  0.571481	  0.133420	
  0.019402	  0.019402	  0.941795	  0.019402	
  0.000143	  0.000143	  0.000143	  0.999572	
  0.000143	  0.000143	  0.999572	  0.000143	
  0.000143	  0.000143	  0.000143	  0.999572	
  0.000143	  0.000143	  0.796563	  0.203152	
  0.999572	  0.000143	  0.000143	  0.000143	
  0.710684	  0.096439	  0.096439	  0.096439	
  0.268043	  0.191007	  0.274907	  0.266044	
  0.307777	  0.230741	  0.230741	  0.230741	

URL http://cisbp.ccbr.utoronto.ca/TFreport.php?searchTF=T150053_1.02

MOTIF M1631_1.02 (GM18547)_(Mus_musculus)_(DBD_0.70)

letter-probability matrix: alength= 4 w= 10 nsites= 1 E= 0
  0.353916	  0.145338	  0.298586	  0.202160	
  0.672425	  0.040081	  0.179628	  0.107866	
  0.197985	  0.109748	  0.606795	  0.085472	
  0.020276	  0.028773	  0.924656	  0.026296	
  0.003890	  0.062703	  0.000398	  0.933009	
  0.011365	  0.014304	  0.973157	  0.001174	
  0.090981	  0.133040	  0.018005	  0.757974	
  0.038779	  0.216564	  0.449388	  0.295269	
  0.873100	  0.020533	  0.080002	  0.026365	
  0.522605	  0.163829	  0.139606	  0.173960	

URL http://cisbp.ccbr.utoronto.ca/TFreport.php?searchTF=T150051_1.02

MOTIF M1850_1.02 (GM18927)_(Drosophila_melanogaster)_(DBD_1.00)

letter-probability matrix: alength= 4 w= 10 nsites= 1 E= 0
  0.157895	  0.421053	  0.263158	  0.157895	
  0.078947	  0.578947	  0.210526	  0.131579	
  0.131579	  0.078947	  0.657895	  0.131579	
  0.000000	  0.078947	  0.000000	  0.921053	
  0.026316	  0.026316	  0.947368	  0.000000	
  1.000000	  0.000000	  0.000000	  0.000000	
  0.000000	  1.000000	  0.000000	  0.000000	
  0.000000	  1.000000	  0.000000	  0.000000	
  0.026316	  0.947368	  0.000000	  0.026316	
  0.000000	  0.973684	  0.026316	  0.000000	

URL http://cisbp.ccbr.utoronto.ca/TFreport.php?searchTF=T134364_1.02

MOTIF M1854_1.02 (GM17128)_(Drosophila_melanogaster)_(DBD_1.00)

letter-probability matrix: alength= 4 w= 12 nsites= 1 E= 0
  0.000000	  0.384615	  0.461538	  0.153846	
  0.000000	  0.000000	  0.923077	  0.076923	
  0.000000	  0.076923	  0.846154	  0.076923	
  0.000000	  0.000000	  0.769231	  0.230769	
  0.076923	  0.076923	  0.230769	  0.615385	
  0.076923	  0.000000	  0.153846	  0.769231	
  0.076923	  0.000000	  0.000000	  0.923077	
  0.000000	  0.000000	  0.000000	  1.000000	
  0.000000	  0.230769	  0.000000	  0.769231	
  0.076923	  0.692308	  0.000000	  0.230769	
  0.076923	  0.692308	  0.076923	  0.153846	
  0.230769	  0.384615	  0.384615	  0.000000	

URL http://cisbp.ccbr.utoronto.ca/TFreport.php?searchTF=T138498_1.02

MOTIF M1858_1.02 (GM24322)_(Drosophila_melanogaster)_(DBD_1.00)

letter-probability matrix: alength= 4 w= 7 nsites= 1 E= 0
  0.117647	  0.705882	  0.117647	  0.058824	
  0.294118	  0.705882	  0.000000	  0.000000	
  0.000000	  0.000000	  1.000000	  0.000000	
  0.000000	  0.000000	  1.000000	  0.000000	
  1.000000	  0.000000	  0.000000	  0.000000	
  1.000000	  0.000000	  0.000000	  0.000000	
  0.294118	  0.058824	  0.588235	  0.058824	

URL http://cisbp.ccbr.utoronto.ca/TFreport.php?searchTF=T078860_1.02

MOTIF M1912_1.02 (GM15894)_(Drosophila_melanogaster)_(DBD_1.00)

letter-probability matrix: alength= 4 w= 16 nsites= 1 E= 0
  0.100000	  0.300000	  0.300000	  0.300000	
  0.000000	  0.400000	  0.000000	  0.600000	
  0.000000	  0.000000	  1.000000	  0.000000	
  0.000000	  0.000000	  0.000000	  1.000000	
  0.000000	  0.000000	  1.000000	  0.000000	
  0.300000	  0.000000	  0.700000	  0.000000	
  0.000000	  0.000000	  1.000000	  0.000000	
  1.000000	  0.000000	  0.000000	  0.000000	
  1.000000	  0.000000	  0.000000	  0.000000	
  0.500000	  0.500000	  0.000000	  0.000000	
  0.100000	  0.700000	  0.100000	  0.100000	
  0.100000	  0.200000	  0.400000	  0.300000	
  0.400000	  0.200000	  0.200000	  0.200000	
  0.300000	  0.100000	  0.400000	  0.200000	
  0.400000	  0.300000	  0.200000	  0.100000	
  0.200000	  0.100000	  0.200000	  0.500000	

URL http://cisbp.ccbr.utoronto.ca/TFreport.php?searchTF=T073174_1.02

MOTIF M1913_1.02 (GM14336)_(Drosophila_melanogaster)_(DBD_1.00)

letter-probability matrix: alength= 4 w= 6 nsites= 1 E= 0
  0.000000	  0.975000	  0.025000	  0.000000	
  0.975000	  0.000000	  0.000000	  0.025000	
  0.075000	  0.000000	  0.925000	  0.000000	
  0.050000	  0.000000	  0.950000	  0.000000	
  0.000000	  0.000000	  0.000000	  1.000000	
  0.000000	  0.000000	  0.950000	  0.050000	

URL http://cisbp.ccbr.utoronto.ca/TFreport.php?searchTF=T059316_1.02

MOTIF M1946_1.02 (GM12381)_(Drosophila_melanogaster)_(DBD_1.00)

letter-probability matrix: alength= 4 w= 9 nsites= 1 E= 0
  0.476190	  0.190476	  0.000000	  0.333333	
  0.047619	  0.190476	  0.666667	  0.095238	
  0.190476	  0.095238	  0.095238	  0.619048	
  0.952381	  0.000000	  0.000000	  0.047619	
  1.000000	  0.000000	  0.000000	  0.000000	
  0.000000	  1.000000	  0.000000	  0.000000	
  0.333333	  0.238095	  0.142857	  0.285714	
  0.000000	  0.000000	  1.000000	  0.000000	
  0.238095	  0.190476	  0.095238	  0.476190	

URL http://cisbp.ccbr.utoronto.ca/TFreport.php?searchTF=T059289_1.02

MOTIF M1974_1.02 (Abd-B)_(Drosophila_melanogaster)_(DBD_1.00)

letter-probability matrix: alength= 4 w= 7 nsites= 1 E= 0
  0.047619	  0.000000	  0.000000	  0.952381	
  0.000000	  0.000000	  0.000000	  1.000000	
  0.238095	  0.000000	  0.000000	  0.761905	
  1.000000	  0.000000	  0.000000	  0.000000	
  0.000000	  0.142857	  0.000000	  0.857143	
  0.142857	  0.000000	  0.523810	  0.333333	
  0.619048	  0.000000	  0.238095	  0.142857	

URL http://cisbp.ccbr.utoronto.ca/TFreport.php?searchTF=T098546_1.02

MOTIF M1977_1.02 (GM13509)_(Drosophila_melanogaster)_(DBD_1.00)

letter-probability matrix: alength= 4 w= 7 nsites= 1 E= 0
  0.190476	  0.190476	  0.000000	  0.619048	
  0.000000	  0.000000	  0.000000	  1.000000	
  1.000000	  0.000000	  0.000000	  0.000000	
  1.000000	  0.000000	  0.000000	  0.000000	
  0.380952	  0.000000	  0.000000	  0.619048	
  0.047619	  0.333333	  0.000000	  0.619048	
  0.047619	  0.000000	  0.952381	  0.000000	

URL http://cisbp.ccbr.utoronto.ca/TFreport.php?searchTF=T099086_1.02

MOTIF M1978_1.02 (GM13506)_(Drosophila_melanogaster)_(DBD_1.00)

letter-probability matrix: alength= 4 w= 7 nsites= 1 E= 0
  0.285714	  0.095238	  0.047619	  0.571429	
  0.000000	  0.000000	  0.000000	  1.000000	
  1.000000	  0.000000	  0.000000	  0.000000	
  1.000000	  0.000000	  0.000000	  0.000000	
  0.238095	  0.000000	  0.000000	  0.761905	
  0.142857	  0.047619	  0.095238	  0.714286	
  0.000000	  0.000000	  1.000000	  0.000000	

URL http://cisbp.ccbr.utoronto.ca/TFreport.php?searchTF=T099085_1.02

MOTIF M1987_1.02 (GM25340)_(Drosophila_melanogaster)_(DBD_1.00)

letter-probability matrix: alength= 4 w= 7 nsites= 1 E= 0
  0.105263	  0.210526	  0.000000	  0.684211	
  0.105263	  0.000000	  0.000000	  0.894737	
  0.894737	  0.000000	  0.000000	  0.105263	
  1.000000	  0.000000	  0.000000	  0.000000	
  0.000000	  0.000000	  0.052632	  0.947368	
  0.000000	  0.000000	  0.052632	  0.947368	
  0.789474	  0.000000	  0.210526	  0.000000	

URL http://cisbp.ccbr.utoronto.ca/TFreport.php?searchTF=T099133_1.02

MOTIF M1991_1.02 (GM24666)_(Drosophila_melanogaster)_(DBD_1.00)

letter-probability matrix: alength= 4 w= 7 nsites= 1 E= 0
  0.000000	  0.500000	  0.000000	  0.500000	
  0.800000	  0.200000	  0.000000	  0.000000	
  1.000000	  0.000000	  0.000000	  0.000000	
  0.000000	  0.000000	  0.000000	  1.000000	
  0.566667	  0.000000	  0.000000	  0.433333	
  0.733333	  0.000000	  0.033333	  0.233333	
  0.433333	  0.100000	  0.066667	  0.400000	

URL http://cisbp.ccbr.utoronto.ca/TFreport.php?searchTF=T099131_1.02

MOTIF M1992_1.02 (GM15106)_(Drosophila_melanogaster)_(DBD_1.00)

letter-probability matrix: alength= 4 w= 8 nsites= 1 E= 0
  0.269231	  0.115385	  0.076923	  0.538462	
  0.000000	  0.269231	  0.000000	  0.730769	
  0.000000	  0.230769	  0.269231	  0.500000	
  0.807692	  0.000000	  0.076923	  0.115385	
  1.000000	  0.000000	  0.000000	  0.000000	
  0.000000	  0.115385	  0.115385	  0.769231	
  0.269231	  0.000000	  0.038462	  0.692308	
  0.846154	  0.000000	  0.153846	  0.000000	

URL http://cisbp.ccbr.utoronto.ca/TFreport.php?searchTF=T099090_1.02

MOTIF M1993_1.02 (GM15584)_(Drosophila_melanogaster)_(DBD_1.00)

letter-probability matrix: alength= 4 w= 7 nsites= 1 E= 0
  0.100000	  0.450000	  0.150000	  0.300000	
  0.000000	  0.000000	  0.000000	  1.000000	
  0.900000	  0.000000	  0.000000	  0.100000	
  1.000000	  0.000000	  0.000000	  0.000000	
  0.000000	  0.000000	  0.000000	  1.000000	
  0.000000	  0.000000	  0.050000	  0.950000	
  0.700000	  0.000000	  0.300000	  0.000000	

URL http://cisbp.ccbr.utoronto.ca/TFreport.php?searchTF=T099097_1.02

MOTIF M1995_1.02 (GM10914)_(Drosophila_melanogaster)_(DBD_1.00)

letter-probability matrix: alength= 4 w= 7 nsites= 1 E= 0
  0.041667	  0.166667	  0.125000	  0.666667	
  0.000000	  0.000000	  0.000000	  1.000000	
  1.000000	  0.000000	  0.000000	  0.000000	
  1.000000	  0.000000	  0.000000	  0.000000	
  0.000000	  0.000000	  0.000000	  1.000000	
  0.041667	  0.000000	  0.791667	  0.166667	
  0.875000	  0.000000	  0.125000	  0.000000	

URL http://cisbp.ccbr.utoronto.ca/TFreport.php?searchTF=T099073_1.02

MOTIF M2000_1.02 (GM24540)_(Drosophila_melanogaster)_(DBD_1.00)

letter-probability matrix: alength= 4 w= 7 nsites= 1 E= 0
  0.200000	  0.100000	  0.150000	  0.550000	
  0.000000	  0.000000	  0.000000	  1.000000	
  1.000000	  0.000000	  0.000000	  0.000000	
  1.000000	  0.000000	  0.000000	  0.000000	
  0.000000	  0.000000	  0.000000	  1.000000	
  0.050000	  0.000000	  0.300000	  0.650000	
  0.750000	  0.000000	  0.250000	  0.000000	

URL http://cisbp.ccbr.utoronto.ca/TFreport.php?searchTF=T099130_1.02

MOTIF M2001_1.02 (GM15242)_(Drosophila_melanogaster)_(DBD_1.00)

letter-probability matrix: alength= 4 w= 7 nsites= 1 E= 0
  0.050000	  0.150000	  0.000000	  0.800000	
  0.000000	  0.000000	  0.000000	  1.000000	
  1.000000	  0.000000	  0.000000	  0.000000	
  1.000000	  0.000000	  0.000000	  0.000000	
  0.050000	  0.000000	  0.000000	  0.950000	
  0.000000	  0.150000	  0.000000	  0.850000	
  0.200000	  0.000000	  0.800000	  0.000000	

URL http://cisbp.ccbr.utoronto.ca/TFreport.php?searchTF=T099091_1.02

MOTIF M2005_1.02 (GM25858)_(Drosophila_melanogaster)_(DBD_1.00)

letter-probability matrix: alength= 4 w= 7 nsites= 1 E= 0
  0.142857	  0.142857	  0.028571	  0.685714	
  0.000000	  0.000000	  0.000000	  1.000000	
  0.942857	  0.000000	  0.057143	  0.000000	
  1.000000	  0.000000	  0.000000	  0.000000	
  0.114286	  0.000000	  0.142857	  0.742857	
  0.171429	  0.000000	  0.200000	  0.628571	
  0.371429	  0.000000	  0.628571	  0.000000	

URL http://cisbp.ccbr.utoronto.ca/TFreport.php?searchTF=T099137_1.02

MOTIF M2006_1.02 (GM26870)_(Drosophila_melanogaster)_(DBD_1.00)

letter-probability matrix: alength= 4 w= 8 nsites= 1 E= 0
  0.227273	  0.045455	  0.045455	  0.681818	
  0.500000	  0.272727	  0.136364	  0.090909	
  1.000000	  0.000000	  0.000000	  0.000000	
  0.000000	  0.000000	  0.000000	  1.000000	
  0.000000	  0.000000	  0.000000	  1.000000	
  0.954545	  0.000000	  0.000000	  0.045455	
  0.500000	  0.000000	  0.136364	  0.363636	
  0.409091	  0.318182	  0.181818	  0.090909	

URL http://cisbp.ccbr.utoronto.ca/TFreport.php?searchTF=T105259_1.02

MOTIF M2013_1.02 (GM22186)_(Drosophila_melanogaster)_(DBD_1.00)

letter-probability matrix: alength= 4 w= 6 nsites= 1 E= 0
  0.000000	  0.000000	  0.000000	  1.000000	
  0.000000	  0.000000	  1.000000	  0.000000	
  1.000000	  0.000000	  0.000000	  0.000000	
  0.000000	  0.350000	  0.200000	  0.450000	
  1.000000	  0.000000	  0.000000	  0.000000	
  0.050000	  0.950000	  0.000000	  0.000000	

URL http://cisbp.ccbr.utoronto.ca/TFreport.php?searchTF=T099124_1.02

MOTIF M2015_1.02 (GM15405)_(Drosophila_melanogaster)_(DBD_1.00)

letter-probability matrix: alength= 4 w= 7 nsites= 1 E= 0
  0.055556	  0.166667	  0.000000	  0.777778	
  0.000000	  0.000000	  0.000000	  1.000000	
  0.888889	  0.000000	  0.000000	  0.111111	
  1.000000	  0.000000	  0.000000	  0.000000	
  0.055556	  0.000000	  0.000000	  0.944444	
  0.000000	  0.000000	  0.333333	  0.666667	
  0.833333	  0.055556	  0.111111	  0.000000	

URL http://cisbp.ccbr.utoronto.ca/TFreport.php?searchTF=T099094_1.02

MOTIF M2016_1.02 (GM20354)_(Drosophila_melanogaster)_(DBD_0.78)

letter-probability matrix: alength= 4 w= 6 nsites= 1 E= 0
  0.117647	  0.705882	  0.000000	  0.176471	
  0.000000	  0.000000	  0.000000	  1.000000	
  0.043478	  0.000000	  0.956522	  0.000000	
  0.000000	  0.000000	  0.000000	  1.000000	
  0.000000	  1.000000	  0.000000	  0.000000	
  1.000000	  0.000000	  0.000000	  0.000000	

URL http://cisbp.ccbr.utoronto.ca/TFreport.php?searchTF=T099114_1.02

MOTIF M2017_1.02 (GM16736)_(Drosophila_melanogaster)_(DBD_1.00)

letter-probability matrix: alength= 4 w= 7 nsites= 1 E= 0
  0.000000	  0.000000	  0.000000	  1.000000	
  1.000000	  0.000000	  0.000000	  0.000000	
  1.000000	  0.000000	  0.000000	  0.000000	
  0.000000	  0.000000	  0.000000	  1.000000	
  0.000000	  0.000000	  0.000000	  1.000000	
  0.850000	  0.000000	  0.150000	  0.000000	
  0.900000	  0.000000	  0.100000	  0.000000	

URL http://cisbp.ccbr.utoronto.ca/TFreport.php?searchTF=T099105_1.02

MOTIF M2019_1.02 (GM25355)_(Drosophila_melanogaster)_(DBD_1.00)

letter-probability matrix: alength= 4 w= 5 nsites= 1 E= 0
  0.411765	  0.000000	  0.147059	  0.441176	
  0.676471	  0.000000	  0.000000	  0.323529	
  1.000000	  0.000000	  0.000000	  0.000000	
  0.000000	  1.000000	  0.000000	  0.000000	
  1.000000	  0.000000	  0.000000	  0.000000	

URL http://cisbp.ccbr.utoronto.ca/TFreport.php?searchTF=T099134_1.02

MOTIF M2021_1.02 (bcd)_(Drosophila_melanogaster)_(DBD_0.86)

letter-probability matrix: alength= 4 w= 6 nsites= 1 E= 0
  0.000000	  0.000000	  0.000000	  1.000000	
  0.909091	  0.000000	  0.000000	  0.090909	
  1.000000	  0.000000	  0.000000	  0.000000	
  0.000000	  0.000000	  0.045455	  0.954545	
  0.000000	  1.000000	  0.000000	  0.000000	
  0.000000	  0.954545	  0.000000	  0.045455	

URL http://cisbp.ccbr.utoronto.ca/TFreport.php?searchTF=T000305_1.02

MOTIF M2024_1.02 (GM23634)_(Drosophila_melanogaster)_(DBD_1.00)

letter-probability matrix: alength= 4 w= 7 nsites= 1 E= 0
  0.217391	  0.043478	  0.173913	  0.565217	
  0.000000	  0.000000	  0.000000	  1.000000	
  0.956522	  0.000000	  0.043478	  0.000000	
  1.000000	  0.000000	  0.000000	  0.000000	
  0.000000	  0.043478	  0.000000	  0.956522	
  0.000000	  0.000000	  0.652174	  0.347826	
  0.826087	  0.000000	  0.130435	  0.043478	

URL http://cisbp.ccbr.utoronto.ca/TFreport.php?searchTF=T099127_1.02

MOTIF M2026_1.02 (GM25358)_(Drosophila_melanogaster)_(DBD_1.00)

letter-probability matrix: alength= 4 w= 5 nsites= 1 E= 0
  0.210526	  0.052632	  0.105263	  0.631579	
  0.736842	  0.000000	  0.105263	  0.157895	
  1.000000	  0.000000	  0.000000	  0.000000	
  0.000000	  1.000000	  0.000000	  0.000000	
  1.000000	  0.000000	  0.000000	  0.000000	

URL http://cisbp.ccbr.utoronto.ca/TFreport.php?searchTF=T099135_1.02

MOTIF M2027_1.02 (GM17531)_(Drosophila_melanogaster)_(DBD_1.00)

letter-probability matrix: alength= 4 w= 6 nsites= 1 E= 0
  0.000000	  0.300000	  0.000000	  0.700000	
  0.050000	  0.100000	  0.000000	  0.850000	
  0.450000	  0.000000	  0.550000	  0.000000	
  1.000000	  0.000000	  0.000000	  0.000000	
  0.850000	  0.000000	  0.050000	  0.100000	
  0.000000	  0.950000	  0.050000	  0.000000	

URL http://cisbp.ccbr.utoronto.ca/TFreport.php?searchTF=T073731_1.02

MOTIF M2029_1.02 (en)_(Drosophila_melanogaster)_(DBD_1.00)

letter-probability matrix: alength= 4 w= 7 nsites= 1 E= 0
  0.086957	  0.347826	  0.086957	  0.478261	
  0.000000	  0.000000	  0.000000	  1.000000	
  1.000000	  0.000000	  0.000000	  0.000000	
  1.000000	  0.000000	  0.000000	  0.000000	
  0.000000	  0.000000	  0.000000	  1.000000	
  0.000000	  0.000000	  0.086957	  0.913043	
  0.565217	  0.000000	  0.434783	  0.000000	

URL http://cisbp.ccbr.utoronto.ca/TFreport.php?searchTF=T098574_1.02

MOTIF M2032_1.02 (GM25007)_(Drosophila_melanogaster)_(DBD_1.00)

letter-probability matrix: alength= 4 w= 7 nsites= 1 E= 0
  0.000000	  0.304348	  0.434783	  0.260870	
  0.000000	  0.000000	  0.000000	  1.000000	
  1.000000	  0.000000	  0.000000	  0.000000	
  1.000000	  0.000000	  0.000000	  0.000000	
  0.000000	  0.000000	  0.000000	  1.000000	
  0.043478	  0.043478	  0.000000	  0.913043	
  0.869565	  0.000000	  0.130435	  0.000000	

URL http://cisbp.ccbr.utoronto.ca/TFreport.php?searchTF=T099132_1.02

MOTIF M2037_1.02 (GM21295)_(Drosophila_melanogaster)_(DBD_1.00)

letter-probability matrix: alength= 4 w= 8 nsites= 1 E= 0
  0.250000	  0.000000	  0.187500	  0.562500	
  0.062500	  0.562500	  0.000000	  0.375000	
  0.000000	  0.000000	  0.000000	  1.000000	
  1.000000	  0.000000	  0.000000	  0.000000	
  1.000000	  0.000000	  0.000000	  0.000000	
  0.000000	  0.000000	  0.000000	  1.000000	
  0.000000	  0.000000	  0.000000	  1.000000	
  0.687500	  0.000000	  0.312500	  0.000000	

URL http://cisbp.ccbr.utoronto.ca/TFreport.php?searchTF=T099122_1.02

MOTIF M2039_1.02 (GM11006)_(Drosophila_melanogaster)_(DBD_1.00)

letter-probability matrix: alength= 4 w= 6 nsites= 1 E= 0
  0.000000	  0.000000	  0.000000	  1.000000	
  1.000000	  0.000000	  0.000000	  0.000000	
  1.000000	  0.000000	  0.000000	  0.000000	
  0.045455	  0.454545	  0.090909	  0.409091	
  0.181818	  0.227273	  0.136364	  0.454545	
  0.863636	  0.000000	  0.136364	  0.000000	

URL http://cisbp.ccbr.utoronto.ca/TFreport.php?searchTF=T099075_1.02

MOTIF M2043_1.02 (GM26776)_(Drosophila_melanogaster)_(DBD_0.99)

letter-probability matrix: alength= 4 w= 7 nsites= 1 E= 0
  0.066667	  0.133333	  0.000000	  0.800000	
  0.000000	  0.000000	  0.000000	  1.000000	
  0.000000	  0.000000	  1.000000	  0.000000	
  1.000000	  0.000000	  0.000000	  0.000000	
  0.000000	  0.000000	  0.000000	  1.000000	
  0.000000	  0.000000	  0.000000	  1.000000	
  0.333333	  0.000000	  0.266667	  0.400000	

URL http://cisbp.ccbr.utoronto.ca/TFreport.php?searchTF=T073732_1.02

MOTIF M2044_1.02 (GM15769)_(Drosophila_melanogaster)_(DBD_1.00)

letter-probability matrix: alength= 4 w= 7 nsites= 1 E= 0
  0.050000	  0.300000	  0.100000	  0.550000	
  0.000000	  0.050000	  0.000000	  0.950000	
  1.000000	  0.000000	  0.000000	  0.000000	
  1.000000	  0.000000	  0.000000	  0.000000	
  0.000000	  0.000000	  0.000000	  1.000000	
  0.000000	  0.050000	  0.200000	  0.750000	
  0.750000	  0.000000	  0.150000	  0.100000	

URL http://cisbp.ccbr.utoronto.ca/TFreport.php?searchTF=T099099_1.02

MOTIF M2048_1.02 (GM15291)_(Drosophila_melanogaster)_(DBD_1.00)

letter-probability matrix: alength= 4 w= 7 nsites= 1 E= 0
  0.035714	  0.142857	  0.142857	  0.678571	
  0.035714	  0.000000	  0.000000	  0.964286	
  0.964286	  0.000000	  0.000000	  0.035714	
  1.000000	  0.000000	  0.000000	  0.000000	
  0.000000	  0.000000	  0.000000	  1.000000	
  0.000000	  0.000000	  0.000000	  1.000000	
  0.750000	  0.000000	  0.250000	  0.000000	

URL http://cisbp.ccbr.utoronto.ca/TFreport.php?searchTF=T099092_1.02

MOTIF M2049_1.02 (GM10159)_(Drosophila_melanogaster)_(DBD_1.00)

letter-probability matrix: alength= 4 w= 7 nsites= 1 E= 0
  0.043478	  0.521739	  0.130435	  0.304348	
  0.000000	  0.000000	  0.000000	  1.000000	
  1.000000	  0.000000	  0.000000	  0.000000	
  1.000000	  0.000000	  0.000000	  0.000000	
  0.000000	  0.000000	  0.000000	  1.000000	
  0.000000	  0.000000	  0.130435	  0.869565	
  0.826087	  0.000000	  0.173913	  0.000000	

URL http://cisbp.ccbr.utoronto.ca/TFreport.php?searchTF=T099065_1.02

MOTIF M2052_1.02 (GM11004)_(Drosophila_melanogaster)_(DBD_1.00)

