MEME version 4

ALPHABET= ACGT

strands: + -

Background letter frequencies (from uniform background):
A 0.25000 C 0.25000 G 0.25000 T 0.25000 

MOTIF M0084_1.02 (TFAP2C)_(Mus_musculus)_(DBD_0.96)

letter-probability matrix: alength= 4 w= 10 nsites= 1 E= 0
  0.194725	  0.400049	  0.150143	  0.255083	
  0.089600	  0.325498	  0.526030	  0.058872	
  0.000086	  0.989917	  0.000244	  0.009753	
  0.001248	  0.813717	  0.012325	  0.172710	
  0.070689	  0.449572	  0.225494	  0.254244	
  0.114154	  0.272476	  0.444767	  0.168603	
  0.586691	  0.182089	  0.161499	  0.069721	
  0.199175	  0.001924	  0.791701	  0.007201	
  0.019359	  0.000265	  0.975696	  0.004679	
  0.061747	  0.509308	  0.305837	  0.123107	

URL http://cisbp.ccbr.utoronto.ca/TFreport.php?searchTF=T004827_1.02

MOTIF M0085_1.02 (TFAP2E)_(Mus_musculus)_(DBD_0.99)

letter-probability matrix: alength= 4 w= 10 nsites= 1 E= 0
  0.213214	  0.176319	  0.135951	  0.474516	
  0.222124	  0.321576	  0.134725	  0.321576	
  0.004784	  0.213834	  0.753855	  0.027528	
  0.000431	  0.961004	  0.000168	  0.038397	
  0.000296	  0.937765	  0.000164	  0.061775	
  0.001274	  0.327763	  0.135950	  0.535013	
  0.122837	  0.314460	  0.391841	  0.170862	
  0.454990	  0.254748	  0.230506	  0.059756	
  0.118505	  0.001133	  0.841307	  0.039054	
  0.002871	  0.001657	  0.957955	  0.037517	

URL http://cisbp.ccbr.utoronto.ca/TFreport.php?searchTF=T004823_1.02

MOTIF M0104_1.02 (ARID3B)_(Mus_musculus)_(DBD_0.99)

letter-probability matrix: alength= 4 w= 11 nsites= 1 E= 0
  0.467943	  0.177352	  0.177352	  0.177352	
  0.273411	  0.080067	  0.080067	  0.566454	
  0.609177	  0.119174	  0.033749	  0.237901	
  0.104443	  0.000141	  0.000141	  0.895276	
  0.000141	  0.000141	  0.000141	  0.999578	
  0.999578	  0.000141	  0.000141	  0.000141	
  0.910941	  0.000141	  0.000141	  0.088778	
  0.088778	  0.000141	  0.000141	  0.910941	
  0.261793	  0.167866	  0.072788	  0.497552	
  0.489780	  0.170073	  0.170073	  0.170073	
  0.350824	  0.216392	  0.216392	  0.216392	

URL http://cisbp.ccbr.utoronto.ca/TFreport.php?searchTF=T007359_1.02

MOTIF M0105_1.02 (ARID3C)_(Mus_musculus)_(DBD_0.77)

letter-probability matrix: alength= 4 w= 9 nsites= 1 E= 0
  0.265180	  0.185010	  0.202433	  0.347377	
  0.185396	  0.187259	  0.108039	  0.519306	
  0.151265	  0.141039	  0.100387	  0.607308	
  0.095920	  0.138866	  0.056459	  0.708755	
  0.354424	  0.113351	  0.333784	  0.198441	
  0.739186	  0.094212	  0.057143	  0.109459	
  0.023279	  0.024473	  0.020037	  0.932211	
  0.285933	  0.246105	  0.089636	  0.378326	
  0.254088	  0.232219	  0.267115	  0.246578	

URL http://cisbp.ccbr.utoronto.ca/TFreport.php?searchTF=T007363_1.02

MOTIF M0110_1.02 (LOC100062248)_(Rattus_norvegicus)_(DBD_0.96)

letter-probability matrix: alength= 4 w= 10 nsites= 1 E= 0
  0.229320	  0.255984	  0.250916	  0.263780	
  0.194317	  0.317186	  0.177592	  0.310905	
  0.229015	  0.255644	  0.331553	  0.183789	
  0.525746	  0.074800	  0.294364	  0.105090	
  0.330068	  0.122646	  0.088173	  0.459114	
  0.930616	  0.000580	  0.049198	  0.019606	
  0.034070	  0.021942	  0.020255	  0.923732	
  0.151462	  0.217095	  0.053002	  0.578440	
  0.292785	  0.179368	  0.323578	  0.204269	
  0.247457	  0.254993	  0.242557	  0.254993	

URL http://cisbp.ccbr.utoronto.ca/TFreport.php?searchTF=T007367_1.02

MOTIF M0129_1.02 (PHF21A)_(Monodelphis_domestica)_(DBD_1.00)

letter-probability matrix: alength= 4 w= 8 nsites= 1 E= 0
  0.272331	  0.232065	  0.256472	  0.239132	
  0.290589	  0.228585	  0.247623	  0.233203	
  0.328743	  0.205465	  0.238717	  0.227074	
  0.321069	  0.190882	  0.252562	  0.235487	
  0.312520	  0.159919	  0.255870	  0.271692	
  0.448771	  0.140683	  0.094303	  0.316243	
  0.716851	  0.000111	  0.282836	  0.000201	
  0.337735	  0.159535	  0.090221	  0.412510	

URL http://cisbp.ccbr.utoronto.ca/TFreport.php?searchTF=T008673_1.02

MOTIF M0181_1.02 (LOC100052692)_(Mus_musculus)_(DBD_1.00)

letter-probability matrix: alength= 4 w= 9 nsites= 1 E= 0
  0.213190	  0.185339	  0.327729	  0.273742	
  0.340712	  0.160941	  0.265347	  0.233000	
  0.209405	  0.197210	  0.258338	  0.335047	
  0.000001	  0.999579	  0.000071	  0.000349	
  0.888940	  0.000000	  0.111055	  0.000004	
  0.000027	  0.798969	  0.000000	  0.201004	
  0.000000	  0.076487	  0.922526	  0.000987	
  0.097990	  0.012742	  0.112715	  0.776553	
  0.052222	  0.053812	  0.769317	  0.124649	

URL http://cisbp.ccbr.utoronto.ca/TFreport.php?searchTF=T013997_1.02

MOTIF M0184_1.02 (LOC100147220)_(Mus_musculus)_(DBD_1.00)

letter-probability matrix: alength= 4 w= 9 nsites= 1 E= 0
  0.267667	  0.262367	  0.202299	  0.267667	
  0.266552	  0.251029	  0.393692	  0.088727	
  0.012172	  0.981588	  0.003630	  0.002610	
  0.970200	  0.006603	  0.007749	  0.015448	
  0.005096	  0.134094	  0.852816	  0.007993	
  0.093201	  0.112703	  0.784273	  0.009823	
  0.001777	  0.039843	  0.000291	  0.958089	
  0.005090	  0.000808	  0.989542	  0.004560	
  0.062982	  0.344762	  0.233424	  0.358832	

URL http://cisbp.ccbr.utoronto.ca/TFreport.php?searchTF=T013931_1.02

MOTIF M0187_1.02 (LOC100052283)_(Mus_musculus)_(DBD_1.00)

letter-probability matrix: alength= 4 w= 10 nsites= 1 E= 0
  0.393016	  0.151995	  0.362799	  0.092190	
  0.117172	  0.118350	  0.069661	  0.694816	
  0.128123	  0.479620	  0.327993	  0.064264	
  0.397372	  0.002704	  0.466320	  0.133603	
  0.000288	  0.485023	  0.315512	  0.199177	
  0.212693	  0.139749	  0.578160	  0.069397	
  0.099009	  0.160007	  0.002045	  0.738939	
  0.055450	  0.025674	  0.841747	  0.077129	
  0.578926	  0.073052	  0.141341	  0.206681	
  0.101129	  0.261489	  0.146407	  0.490975	

URL http://cisbp.ccbr.utoronto.ca/TFreport.php?searchTF=T013985_1.02

MOTIF M0189_1.02 (LOC100057240)_(Mus_musculus)_(DBD_0.98)

letter-probability matrix: alength= 4 w= 8 nsites= 1 E= 0
  0.277716	  0.166851	  0.499446	  0.055987	
  0.000370	  0.998891	  0.000370	  0.000370	
  0.999001	  0.000333	  0.000333	  0.000333	
  0.000333	  0.999001	  0.000333	  0.000333	
  0.000333	  0.000333	  0.999001	  0.000333	
  0.000333	  0.000333	  0.000333	  0.999001	
  0.000344	  0.000344	  0.998967	  0.000344	
  0.499546	  0.045826	  0.272686	  0.181942	

URL http://cisbp.ccbr.utoronto.ca/TFreport.php?searchTF=T013953_1.02

MOTIF M0192_1.02 (LOC100062391)_(Mus_musculus)_(DBD_1.00)

letter-probability matrix: alength= 4 w= 10 nsites= 1 E= 0
  0.227282	  0.175246	  0.397896	  0.199575	
  0.347982	  0.154803	  0.337698	  0.159517	
  0.144508	  0.798981	  0.033560	  0.022950	
  0.234584	  0.082915	  0.522077	  0.160423	
  0.028070	  0.824446	  0.025399	  0.122084	
  0.031607	  0.017003	  0.947070	  0.004321	
  0.045487	  0.046406	  0.021486	  0.886622	
  0.010821	  0.004911	  0.964354	  0.019915	
  0.095751	  0.416445	  0.242682	  0.245121	
  0.159861	  0.443326	  0.207329	  0.189484	

URL http://cisbp.ccbr.utoronto.ca/TFreport.php?searchTF=T013966_1.02

MOTIF M0195_1.02 (LOC100061729)_(Mus_musculus)_(DBD_1.00)

letter-probability matrix: alength= 4 w= 10 nsites= 1 E= 0
  0.349915	  0.146774	  0.278558	  0.224752	
  0.357002	  0.417355	  0.173504	  0.052139	
  0.139509	  0.827857	  0.032001	  0.000633	
  0.724593	  0.000000	  0.227645	  0.047763	
  0.064454	  0.126184	  0.294078	  0.515285	
  0.515285	  0.294078	  0.126184	  0.064454	
  0.047763	  0.227645	  0.000000	  0.724593	
  0.000633	  0.032001	  0.827857	  0.139509	
  0.052139	  0.173504	  0.417355	  0.357002	
  0.224752	  0.278558	  0.146774	  0.349915	

URL http://cisbp.ccbr.utoronto.ca/TFreport.php?searchTF=T013949_1.02

MOTIF M0196_1.02 (LOC100059275)_(Mus_musculus)_(DBD_0.98)

letter-probability matrix: alength= 4 w= 10 nsites= 1 E= 0
  0.273313	  0.176530	  0.292754	  0.257403	
  0.154185	  0.377249	  0.420347	  0.048219	
  0.000226	  0.999321	  0.000226	  0.000226	
  0.999321	  0.000226	  0.000226	  0.000226	
  0.081100	  0.918447	  0.000226	  0.000226	
  0.081100	  0.000226	  0.918447	  0.000226	
  0.000226	  0.000226	  0.000226	  0.999321	
  0.081100	  0.000226	  0.918447	  0.000226	
  0.073697	  0.172181	  0.187665	  0.566457	
  0.297058	  0.298928	  0.202007	  0.202007	

URL http://cisbp.ccbr.utoronto.ca/TFreport.php?searchTF=T013928_1.02

MOTIF M0198_1.02 (LOC100065510)_(Mus_musculus)_(DBD_0.78)

letter-probability matrix: alength= 4 w= 10 nsites= 1 E= 0
  0.314175	  0.219192	  0.249622	  0.217011	
  0.209218	  0.174753	  0.434144	  0.181885	
  0.159171	  0.387601	  0.102512	  0.350716	
  0.253998	  0.378920	  0.186294	  0.180788	
  0.131112	  0.769738	  0.026471	  0.072679	
  0.075648	  0.029847	  0.894341	  0.000165	
  0.109744	  0.024733	  0.070679	  0.794844	
  0.000431	  0.092665	  0.896940	  0.009964	
  0.171237	  0.574240	  0.137421	  0.117102	
  0.291434	  0.191486	  0.303328	  0.213752	

URL http://cisbp.ccbr.utoronto.ca/TFreport.php?searchTF=T013929_1.02

MOTIF M0199_1.02 (LOC100059540)_(Mus_musculus)_(DBD_0.84)

letter-probability matrix: alength= 4 w= 13 nsites= 1 E= 0
  0.214247	  0.214247	  0.214247	  0.357260	
  0.341052	  0.197239	  0.197239	  0.264469	
  0.341052	  0.197239	  0.197239	  0.264469	
  0.245377	  0.332697	  0.244578	  0.177348	
  0.082925	  0.152323	  0.681827	  0.082925	
  0.602961	  0.000158	  0.396723	  0.000158	
  0.281517	  0.718168	  0.000158	  0.000158	
  0.930129	  0.000158	  0.069555	  0.000158	
  0.174257	  0.753921	  0.035911	  0.035911	
  0.123235	  0.052918	  0.770928	  0.052918	
  0.052918	  0.052918	  0.052918	  0.841245	
  0.143126	  0.072810	  0.711254	  0.072810	
  0.237549	  0.427986	  0.167232	  0.167232	

URL http://cisbp.ccbr.utoronto.ca/TFreport.php?searchTF=T013996_1.02

MOTIF M0200_1.02 (A0MLS7_HORSE)_(Mus_musculus)_(DBD_1.00)

letter-probability matrix: alength= 4 w= 10 nsites= 1 E= 0
  0.239964	  0.200309	  0.336557	  0.223170	
  0.293276	  0.320740	  0.252774	  0.133210	
  0.162184	  0.774560	  0.028113	  0.035143	
  0.713119	  0.054463	  0.173280	  0.059138	
  0.027939	  0.674387	  0.047681	  0.249993	
  0.249993	  0.047681	  0.674387	  0.027939	
  0.059138	  0.173280	  0.054463	  0.713119	
  0.035143	  0.028113	  0.774560	  0.162184	
  0.133210	  0.252774	  0.320740	  0.293276	
  0.223170	  0.336557	  0.200309	  0.239964	

URL http://cisbp.ccbr.utoronto.ca/TFreport.php?searchTF=T013947_1.02

MOTIF M0211_1.02 (MLXIP)_(Mus_musculus)_(DBD_0.84)

letter-probability matrix: alength= 4 w= 8 nsites= 1 E= 0
  0.053046	  0.263130	  0.420693	  0.263130	
  0.000399	  0.998802	  0.000399	  0.000399	
  0.998802	  0.000399	  0.000399	  0.000399	
  0.000399	  0.998802	  0.000399	  0.000399	
  0.000399	  0.000399	  0.998802	  0.000399	
  0.000399	  0.000399	  0.000399	  0.998802	
  0.000399	  0.000399	  0.998802	  0.000399	
  0.187656	  0.062968	  0.250000	  0.499377	

URL http://cisbp.ccbr.utoronto.ca/TFreport.php?searchTF=T013961_1.02

MOTIF M0214_1.02 (LOC100073150)_(Mus_musculus)_(DBD_1.00)

letter-probability matrix: alength= 4 w= 9 nsites= 1 E= 0
  0.745050	  0.002475	  0.250000	  0.002475	
  0.747512	  0.250000	  0.001244	  0.001244	
  0.001244	  0.996269	  0.001244	  0.001244	
  0.996269	  0.001244	  0.001244	  0.001244	
  0.001244	  0.001244	  0.374378	  0.623134	
  0.623134	  0.374378	  0.001244	  0.001244	
  0.001244	  0.001244	  0.001244	  0.996269	
  0.001244	  0.001244	  0.996269	  0.001244	
  0.002475	  0.002475	  0.497525	  0.497525	

URL http://cisbp.ccbr.utoronto.ca/TFreport.php?searchTF=T013983_1.02

MOTIF M0218_1.02 (ENSECAG00000012532)_(Mus_musculus)_(DBD_1.00)

letter-probability matrix: alength= 4 w= 8 nsites= 1 E= 0
  0.143162	  0.570513	  0.285613	  0.000712	
  0.000499	  0.998503	  0.000499	  0.000499	
  0.998503	  0.000499	  0.000499	  0.000499	
  0.000499	  0.000499	  0.200100	  0.798902	
  0.798902	  0.200100	  0.000499	  0.000499	
  0.000499	  0.000499	  0.000499	  0.998503	
  0.000499	  0.000499	  0.998503	  0.000499	
  0.000767	  0.230828	  0.154141	  0.614264	

URL http://cisbp.ccbr.utoronto.ca/TFreport.php?searchTF=T013964_1.02

MOTIF M0298_1.02 (LOC100050849)_(Mus_musculus)_(DBD_0.98)

letter-probability matrix: alength= 4 w= 9 nsites= 1 E= 0
  0.180173	  0.245653	  0.229045	  0.345129	
  0.180819	  0.146569	  0.458287	  0.214325	
  0.556878	  0.113562	  0.235650	  0.093911	
  0.020212	  0.000716	  0.000325	  0.978747	
  0.084476	  0.056062	  0.643206	  0.216256	
  0.854376	  0.000259	  0.030888	  0.114477	
  0.078044	  0.669994	  0.033357	  0.218605	
  0.230071	  0.132739	  0.463306	  0.173884	
  0.217065	  0.252194	  0.200376	  0.330365	

URL http://cisbp.ccbr.utoronto.ca/TFreport.php?searchTF=T025113_1.02

MOTIF M0300_1.02 (ATF2)_(Mus_musculus)_(DBD_1.00)

letter-probability matrix: alength= 4 w= 10 nsites= 1 E= 0
  0.291870	  0.184253	  0.277636	  0.246241	
  0.530199	  0.133387	  0.274034	  0.062380	
  0.035631	  0.062379	  0.001238	  0.900752	
  0.073796	  0.082377	  0.556301	  0.287525	
  0.757933	  0.025806	  0.125285	  0.090976	
  0.084682	  0.638364	  0.084682	  0.192271	
  0.156906	  0.065082	  0.710273	  0.067738	
  0.117142	  0.166233	  0.068950	  0.647675	
  0.368627	  0.407396	  0.102492	  0.121484	
  0.489340	  0.124345	  0.187365	  0.198951	

URL http://cisbp.ccbr.utoronto.ca/TFreport.php?searchTF=T025136_1.02

MOTIF M0305_1.02 (LOC100064828)_(Mus_musculus)_(DBD_1.00)

letter-probability matrix: alength= 4 w= 9 nsites= 1 E= 0
  0.002475	  0.002475	  0.745050	  0.250000	
  0.250000	  0.623134	  0.001244	  0.125622	
  0.001244	  0.871891	  0.125622	  0.001244	
  0.996269	  0.001244	  0.001244	  0.001244	
  0.001244	  0.996269	  0.001244	  0.001244	
  0.001244	  0.001244	  0.996269	  0.001244	
  0.001244	  0.001244	  0.001244	  0.996269	
  0.001420	  0.143466	  0.853693	  0.001420	
  0.250000	  0.002475	  0.250000	  0.497525	

URL http://cisbp.ccbr.utoronto.ca/TFreport.php?searchTF=T025104_1.02

MOTIF M0308_1.02 (LOC100147615)_(Mus_musculus)_(DBD_1.00)

letter-probability matrix: alength= 4 w= 10 nsites= 1 E= 0
  0.210236	  0.241829	  0.402717	  0.145218	
  0.137799	  0.117425	  0.127204	  0.617572	
  0.252961	  0.530191	  0.058747	  0.158101	
  0.595515	  0.084726	  0.143944	  0.175814	
  0.134960	  0.017374	  0.661809	  0.185857	
  0.085670	  0.720903	  0.101545	  0.091882	
  0.538447	  0.049338	  0.259482	  0.152733	
  0.320244	  0.206249	  0.186622	  0.286886	
  0.324774	  0.156512	  0.187379	  0.331335	
  0.306832	  0.191770	  0.155446	  0.345952	

URL http://cisbp.ccbr.utoronto.ca/TFreport.php?searchTF=T025126_1.02

MOTIF M0309_1.02 (ATF7)_(Mus_musculus)_(DBD_1.00)

letter-probability matrix: alength= 4 w= 10 nsites= 1 E= 0
  0.260002	  0.181397	  0.311279	  0.247322	
  0.577516	  0.121357	  0.289668	  0.011459	
  0.000019	  0.055723	  0.000006	  0.944252	
  0.074595	  0.061073	  0.579449	  0.284883	
  0.852748	  0.005980	  0.140958	  0.000313	
  0.000066	  0.834717	  0.000028	  0.165189	
  0.169554	  0.075428	  0.694486	  0.060532	
  0.133120	  0.126628	  0.087466	  0.652787	
  0.371994	  0.440927	  0.102399	  0.084680	
  0.527113	  0.119991	  0.170275	  0.182621	

URL http://cisbp.ccbr.utoronto.ca/TFreport.php?searchTF=T025142_1.02

MOTIF M0391_1.02 (LOC100147131)_(Mus_musculus)_(DBD_0.99)

letter-probability matrix: alength= 4 w= 12 nsites= 1 E= 0
  0.225477	  0.225477	  0.225477	  0.323570	
  0.174679	  0.264200	  0.174679	  0.386441	
  0.174679	  0.475962	  0.174679	  0.174679	
  0.231566	  0.046052	  0.136642	  0.585740	
  0.613789	  0.112087	  0.273933	  0.000191	
  0.185997	  0.000191	  0.813622	  0.000191	
  0.702578	  0.000191	  0.297041	  0.000191	
  0.794940	  0.000191	  0.204678	  0.000191	
  0.630781	  0.117305	  0.227200	  0.024714	
  0.373214	  0.075511	  0.475764	  0.075511	
  0.590285	  0.075511	  0.258693	  0.075511	
  0.294700	  0.297022	  0.204139	  0.204139	

URL http://cisbp.ccbr.utoronto.ca/TFreport.php?searchTF=T043127_1.02

MOTIF M0404_1.02 (ZNF202)_(Mus_musculus)_(DBD_0.86)

letter-probability matrix: alength= 4 w= 10 nsites= 1 E= 0
  0.285048	  0.209068	  0.226480	  0.279404	
  0.313707	  0.190273	  0.249250	  0.246770	
  0.222819	  0.189874	  0.325825	  0.261481	
  0.170544	  0.190374	  0.411163	  0.227919	
  0.007796	  0.001638	  0.857134	  0.133432	
  0.004399	  0.000062	  0.973967	  0.021572	
  0.005120	  0.000231	  0.873980	  0.120670	
  0.212111	  0.165192	  0.506289	  0.116409	
  0.073646	  0.391221	  0.353992	  0.181141	
  0.406486	  0.225326	  0.236879	  0.131309	

URL http://cisbp.ccbr.utoronto.ca/TFreport.php?searchTF=T043138_1.02

MOTIF M0405_1.02 (KLF7)_(Mus_musculus)_(DBD_1.00)

letter-probability matrix: alength= 4 w= 10 nsites= 1 E= 0
  0.322200	  0.077105	  0.258571	  0.342124	
  0.174850	  0.000229	  0.823801	  0.001121	
  0.000272	  0.000173	  0.999363	  0.000191	
  0.000074	  0.000241	  0.999596	  0.000089	
  0.100743	  0.660217	  0.010304	  0.228736	
  0.015211	  0.000320	  0.974574	  0.009895	
  0.042318	  0.089587	  0.352557	  0.515538	
  0.208085	  0.076550	  0.538047	  0.177318	
  0.167365	  0.115605	  0.497789	  0.219242	
  0.170239	  0.414554	  0.180766	  0.234441	

URL http://cisbp.ccbr.utoronto.ca/TFreport.php?searchTF=T042858_1.02

MOTIF M0408_1.02 (ZKSCAN1)_(Mus_musculus)_(DBD_0.99)

letter-probability matrix: alength= 4 w= 10 nsites= 1 E= 0
  0.368659	  0.127974	  0.237717	  0.265650	
  0.253090	  0.257619	  0.185858	  0.303434	
  0.201345	  0.206571	  0.334720	  0.257364	
  0.145520	  0.301411	  0.103189	  0.449879	
  0.311749	  0.108333	  0.429663	  0.150255	
  0.150255	  0.429663	  0.108333	  0.311749	
  0.449879	  0.103189	  0.301411	  0.145520	
  0.257364	  0.334720	  0.206571	  0.201345	
  0.303434	  0.185858	  0.257619	  0.253090	
  0.265650	  0.237717	  0.127974	  0.368659	

URL http://cisbp.ccbr.utoronto.ca/TFreport.php?searchTF=T043101_1.02

MOTIF M0415_1.02 (LOC100050300)_(Mus_musculus)_(DBD_1.00)

letter-probability matrix: alength= 4 w= 8 nsites= 1 E= 0
  0.314286	  0.285714	  0.257143	  0.142857	
  0.018519	  0.018519	  0.018519	  0.944444	
  0.946429	  0.017857	  0.017857	  0.017857	
  0.875000	  0.017857	  0.089286	  0.017857	
  0.017857	  0.946429	  0.017857	  0.017857	
  0.017857	  0.017857	  0.946429	  0.017857	
  0.017857	  0.017857	  0.910714	  0.053571	
  0.200000	  0.225000	  0.200000	  0.375000	

URL http://cisbp.ccbr.utoronto.ca/TFreport.php?searchTF=T043150_1.02

MOTIF M0422_1.02 (ZIC5)_(Mus_musculus)_(DBD_0.93)

letter-probability matrix: alength= 4 w= 10 nsites= 1 E= 0
  0.099420	  0.445568	  0.350496	  0.104517	
  0.165680	  0.468744	  0.100490	  0.265087	
  0.353510	  0.011916	  0.594613	  0.039961	
  0.000395	  0.066783	  0.736166	  0.196656	
  0.000102	  0.013897	  0.926755	  0.059245	
  0.132555	  0.042394	  0.663148	  0.161903	
  0.092275	  0.114981	  0.655087	  0.137657	
  0.080950	  0.000229	  0.832002	  0.086820	
  0.000241	  0.253500	  0.164904	  0.581356	
  0.234156	  0.462196	  0.203566	  0.100082	

URL http://cisbp.ccbr.utoronto.ca/TFreport.php?searchTF=T042890_1.02

MOTIF M0423_1.02 (LOC100050679)_(Mus_musculus)_(DBD_0.98)

letter-probability matrix: alength= 4 w= 8 nsites= 1 E= 0
  0.001420	  0.001420	  0.001420	  0.995739	
  0.001106	  0.001106	  0.996681	  0.001106	
  0.001106	  0.001106	  0.996681	  0.001106	
  0.001106	  0.001106	  0.996681	  0.001106	
  0.996681	  0.001106	  0.001106	  0.001106	
  0.001106	  0.001106	  0.001106	  0.996681	
  0.250000	  0.001244	  0.747512	  0.001244	
  0.001984	  0.001984	  0.795635	  0.200397	

URL http://cisbp.ccbr.utoronto.ca/TFreport.php?searchTF=T042915_1.02

MOTIF M0424_1.02 (LOC100071451)_(Mus_musculus)_(DBD_0.94)

letter-probability matrix: alength= 4 w= 10 nsites= 1 E= 0
  0.277274	  0.205410	  0.231599	  0.285718	
  0.260772	  0.211378	  0.215648	  0.312201	
  0.119201	  0.079108	  0.058605	  0.743086	
  0.006837	  0.028857	  0.918136	  0.046171	
  0.862086	  0.000771	  0.084720	  0.052423	
  0.039362	  0.891405	  0.009326	  0.059907	
  0.762638	  0.017936	  0.180690	  0.038737	
  0.164638	  0.133453	  0.461162	  0.240748	
  0.190999	  0.293614	  0.282101	  0.233286	
  0.218148	  0.236317	  0.178604	  0.366931	

URL http://cisbp.ccbr.utoronto.ca/TFreport.php?searchTF=T042800_1.02

MOTIF M0428_1.02 (LOC100067184)_(Mus_musculus)_(DBD_0.96)

letter-probability matrix: alength= 4 w= 8 nsites= 1 E= 0
  0.516489	  0.100100	  0.283311	  0.100100	
  0.081474	  0.127964	  0.523129	  0.267434	
  0.018955	  0.000094	  0.980856	  0.000094	
  0.971426	  0.009525	  0.018955	  0.000094	
  0.009525	  0.000094	  0.971426	  0.018955	
  0.000095	  0.647468	  0.009615	  0.342822	
  0.791865	  0.188143	  0.000099	  0.019893	
  0.054901	  0.890060	  0.013828	  0.041210	

URL http://cisbp.ccbr.utoronto.ca/TFreport.php?searchTF=T042879_1.02

MOTIF M0431_1.02 (LOC100056547)_(Mus_musculus)_(DBD_1.00)

letter-probability matrix: alength= 4 w= 9 nsites= 1 E= 0
  0.403971	  0.240169	  0.179710	  0.176151	
  0.198142	  0.544020	  0.131497	  0.126341	
  0.492328	  0.000000	  0.507322	  0.000350	
  0.083075	  0.002363	  0.906640	  0.007923	
  0.250624	  0.044432	  0.158215	  0.546729	
  0.796265	  0.000247	  0.170704	  0.032784	
  0.140921	  0.002359	  0.835642	  0.021077	
  0.097198	  0.532058	  0.178887	  0.191857	
  0.295275	  0.246634	  0.218745	  0.239345	

URL http://cisbp.ccbr.utoronto.ca/TFreport.php?searchTF=T042897_1.02

MOTIF M0432_1.02 (LOC100051583)_(Mus_musculus)_(DBD_1.00)

letter-probability matrix: alength= 4 w= 9 nsites= 1 E= 0
  0.218335	  0.335636	  0.256218	  0.189811	
  0.281737	  0.194605	  0.347572	  0.176086	
  0.037721	  0.820757	  0.023576	  0.117946	
  0.059238	  0.045221	  0.863991	  0.031550	
  0.137689	  0.500193	  0.106165	  0.255953	
  0.131295	  0.061402	  0.683653	  0.123649	
  0.179495	  0.539231	  0.125229	  0.156045	
  0.387566	  0.270396	  0.135624	  0.206414	
  0.199182	  0.377744	  0.137582	  0.285493	

URL http://cisbp.ccbr.utoronto.ca/TFreport.php?searchTF=T043028_1.02

MOTIF M0436_1.02 (ZNF35)_(Mus_musculus)_(DBD_0.96)

letter-probability matrix: alength= 4 w= 10 nsites= 1 E= 0
  0.108008	  0.054174	  0.023623	  0.814196	
  0.040151	  0.120620	  0.016488	  0.822741	
  0.317341	  0.134287	  0.387601	  0.160770	
  0.124227	  0.077642	  0.111287	  0.686845	
  0.050023	  0.092064	  0.043488	  0.814425	
  0.133657	  0.086945	  0.303467	  0.475931	
  0.339638	  0.088933	  0.267169	  0.304260	
  0.204153	  0.251859	  0.141015	  0.402973	
  0.173772	  0.220908	  0.186372	  0.418948	
  0.251866	  0.246878	  0.320184	  0.181072	

URL http://cisbp.ccbr.utoronto.ca/TFreport.php?searchTF=T042843_1.02

MOTIF M0437_1.02 (LOC100049936)_(Mus_musculus)_(DBD_0.99)

letter-probability matrix: alength= 4 w= 9 nsites= 1 E= 0
  0.166667	  0.166667	  0.166667	  0.500000	
  0.625000	  0.125000	  0.125000	  0.125000	
  0.125000	  0.125000	  0.125000	  0.625000	
  0.500000	  0.125000	  0.250000	  0.125000	
  0.125000	  0.125000	  0.125000	  0.625000	
  0.625000	  0.125000	  0.125000	  0.125000	
  0.125000	  0.125000	  0.125000	  0.625000	
  0.500000	  0.125000	  0.250000	  0.125000	
  0.166667	  0.166667	  0.166667	  0.500000	

URL http://cisbp.ccbr.utoronto.ca/TFreport.php?searchTF=T043123_1.02

MOTIF M0443_1.02 (KLF12)_(Mus_musculus)_(DBD_1.00)

letter-probability matrix: alength= 4 w= 10 nsites= 1 E= 0
  0.260102	  0.124098	  0.223872	  0.391927	
  0.187213	  0.000148	  0.790168	  0.022471	
  0.000002	  0.000005	  0.999931	  0.000063	
  0.000374	  0.000026	  0.999566	  0.000034	
  0.076094	  0.621399	  0.000039	  0.302468	
  0.000325	  0.000031	  0.997699	  0.001945	
  0.060231	  0.086331	  0.346604	  0.506834	
  0.189328	  0.102872	  0.514647	  0.193153	
  0.167870	  0.130737	  0.470215	  0.231178	
  0.172456	  0.411638	  0.156045	  0.259860	

URL http://cisbp.ccbr.utoronto.ca/TFreport.php?searchTF=T042888_1.02

MOTIF M0594_1.02 (LIN54)_(Gallus_gallus)_(DBD_0.98)

letter-probability matrix: alength= 4 w= 9 nsites= 1 E= 0
  0.411378	  0.091233	  0.211983	  0.285406	
  0.000206	  0.000206	  0.000206	  0.999383	
  0.000206	  0.000206	  0.000206	  0.999383	
  0.000206	  0.211990	  0.000206	  0.787598	
  0.437915	  0.000206	  0.561674	  0.000206	
  0.999383	  0.000206	  0.000206	  0.000206	
  0.999383	  0.000206	  0.000206	  0.000206	
  0.103784	  0.210663	  0.000206	  0.685347	
  0.242672	  0.248680	  0.158972	  0.349676	

URL http://cisbp.ccbr.utoronto.ca/TFreport.php?searchTF=T073866_1.02

MOTIF M0607_1.02 (KDM2B)_(Homo_sapiens)_(DBD_1.00)

letter-probability matrix: alength= 4 w= 9 nsites= 1 E= 0
  0.245019	  0.247482	  0.255018	  0.252481	
  0.006978	  0.831056	  0.000758	  0.161208	
  0.135594	  0.045135	  0.699010	  0.120261	
  0.207289	  0.207289	  0.211476	  0.373946	
  0.438800	  0.133492	  0.203170	  0.224538	
  0.346191	  0.209975	  0.216370	  0.227464	
  0.270749	  0.247446	  0.221671	  0.260133	
  0.274484	  0.231573	  0.205386	  0.288557	
  0.281554	  0.235173	  0.225952	  0.257321	

URL http://cisbp.ccbr.utoronto.ca/TFreport.php?searchTF=T074480_1.02

MOTIF M0608_1.02 (LOC100071238)_(Homo_sapiens)_(DBD_1.00)

letter-probability matrix: alength= 4 w= 10 nsites= 1 E= 0
  0.255050	  0.190845	  0.321006	  0.233098	
  0.295043	  0.239157	  0.307084	  0.158717	
  0.232323	  0.272634	  0.329682	  0.165361	
  0.275506	  0.167103	  0.440808	  0.116584	
  0.166251	  0.276857	  0.388969	  0.167922	
  0.008509	  0.907839	  0.064140	  0.019513	
  0.056470	  0.014207	  0.928630	  0.000693	
  0.265416	  0.194669	  0.228446	  0.311469	
  0.411622	  0.114446	  0.254705	  0.219227	
  0.348511	  0.224454	  0.211383	  0.215653	

URL http://cisbp.ccbr.utoronto.ca/TFreport.php?searchTF=T074475_1.02

MOTIF M0609_1.02 (LOC100058341)_(Homo_sapiens)_(DBD_1.00)

letter-probability matrix: alength= 4 w= 10 nsites= 1 E= 0
  0.182278	  0.309678	  0.201448	  0.306596	
  0.238026	  0.276546	  0.265703	  0.219725	
  0.047012	  0.773099	  0.139827	  0.040061	
  0.000166	  0.790471	  0.209062	  0.000302	
  0.000061	  0.000197	  0.999710	  0.000031	
  0.209396	  0.434514	  0.164717	  0.191374	
  0.201591	  0.248699	  0.274855	  0.274855	
  0.252448	  0.230720	  0.344193	  0.172639	
  0.202629	  0.305326	  0.268105	  0.223940	
  0.187900	  0.297648	  0.280314	  0.234138	

URL http://cisbp.ccbr.utoronto.ca/TFreport.php?searchTF=T074482_1.02

MOTIF M0630_1.02 (ENSECAG00000023210)_(Homo_sapiens)_(DBD_1.00)

letter-probability matrix: alength= 4 w= 10 nsites= 1 E= 0
  0.471737	  0.142084	  0.127284	  0.258895	
  0.433336	  0.119285	  0.135845	  0.311535	
  0.263167	  0.062978	  0.058136	  0.615718	
  0.118099	  0.043014	  0.736217	  0.102670	
  0.050738	  0.040718	  0.031396	  0.877148	
  0.522994	  0.042080	  0.101450	  0.333476	
  0.302427	  0.047553	  0.265560	  0.384460	
  0.105681	  0.672112	  0.073731	  0.148476	
  0.322263	  0.195462	  0.241137	  0.241137	
  0.458630	  0.126247	  0.182773	  0.232350	

URL http://cisbp.ccbr.utoronto.ca/TFreport.php?searchTF=T075116_1.02

MOTIF M0689_1.02 (LOC100064714)_(Mus_musculus)_(DBD_1.00)

letter-probability matrix: alength= 4 w= 10 nsites= 1 E= 0
  0.313334	  0.205875	  0.241597	  0.239193	
  0.387641	  0.160787	  0.247171	  0.204400	
  0.197818	  0.349795	  0.246496	  0.205891	
  0.265919	  0.499293	  0.148888	  0.085901	
  0.048518	  0.002724	  0.908635	  0.040123	
  0.060566	  0.022505	  0.883356	  0.033573	
  0.952353	  0.001933	  0.000612	  0.045102	
  0.571191	  0.089812	  0.022370	  0.316627	
  0.381171	  0.136081	  0.408809	  0.073940	
  0.173410	  0.277455	  0.131061	  0.418074	

URL http://cisbp.ccbr.utoronto.ca/TFreport.php?searchTF=T077902_1.02

MOTIF M0690_1.02 (LOC100065470)_(Mus_musculus)_(DBD_1.00)

letter-probability matrix: alength= 4 w= 10 nsites= 1 E= 0
  0.259502	  0.251832	  0.278318	  0.210348	
  0.409997	  0.140632	  0.261426	  0.187945	
  0.135358	  0.582846	  0.206010	  0.075787	
  0.163979	  0.772583	  0.035507	  0.027931	
  0.039875	  0.037930	  0.876329	  0.045867	
  0.047517	  0.012821	  0.916990	  0.022671	
  0.910702	  0.016848	  0.052679	  0.019771	
  0.580099	  0.084200	  0.041813	  0.293888	
  0.279024	  0.153131	  0.498347	  0.069498	
  0.147561	  0.282659	  0.122027	  0.447753	

URL http://cisbp.ccbr.utoronto.ca/TFreport.php?searchTF=T077903_1.02

MOTIF M0705_1.02 (ETV6)_(Mus_musculus)_(DBD_1.00)

letter-probability matrix: alength= 4 w= 10 nsites= 1 E= 0
  0.334466	  0.166091	  0.231027	  0.268415	
  0.310818	  0.221231	  0.244498	  0.223454	
  0.180155	  0.373837	  0.297026	  0.148981	
  0.268613	  0.504350	  0.144499	  0.082539	
  0.017253	  0.001160	  0.970695	  0.010892	
  0.032848	  0.025582	  0.917718	  0.023853	
  0.926227	  0.024560	  0.019514	  0.029699	
  0.879574	  0.038453	  0.015324	  0.066649	
  0.369584	  0.085831	  0.519246	  0.025340	
  0.142210	  0.259123	  0.082048	  0.516619	

URL http://cisbp.ccbr.utoronto.ca/TFreport.php?searchTF=T077911_1.02

MOTIF M0706_1.02 (ELF4)_(Mus_musculus)_(DBD_1.00)

letter-probability matrix: alength= 4 w= 10 nsites= 1 E= 0
  0.352704	  0.187847	  0.218248	  0.241201	
  0.295417	  0.283834	  0.188366	  0.232383	
  0.200864	  0.429503	  0.247802	  0.121830	
  0.289523	  0.522297	  0.118894	  0.069286	
  0.138981	  0.013254	  0.791822	  0.055943	
  0.109863	  0.063386	  0.772195	  0.054556	
  0.902087	  0.004458	  0.007424	  0.086031	
  0.789723	  0.012203	  0.005268	  0.192806	
  0.278298	  0.168796	  0.445276	  0.107629	
  0.208426	  0.254572	  0.121460	  0.415542	

URL http://cisbp.ccbr.utoronto.ca/TFreport.php?searchTF=T077914_1.02

MOTIF M0728_1.02 (LOC100147129)_(Mus_musculus)_(DBD_1.00)

letter-probability matrix: alength= 4 w= 12 nsites= 1 E= 0
  0.394926	  0.201691	  0.201691	  0.201691	
  0.357836	  0.147163	  0.347838	  0.147163	
  0.159006	  0.172368	  0.068783	  0.599842	
  0.841382	  0.113021	  0.022798	  0.022798	
  0.999531	  0.000156	  0.000156	  0.000156	
  0.999531	  0.000156	  0.000156	  0.000156	
  0.000156	  0.999531	  0.000156	  0.000156	
  0.999531	  0.000156	  0.000156	  0.000156	
  0.854605	  0.048465	  0.048465	  0.048465	
  0.691020	  0.102993	  0.102993	  0.102993	
  0.181373	  0.360053	  0.181373	  0.277201	
  0.317926	  0.227358	  0.227358	  0.227358	

URL http://cisbp.ccbr.utoronto.ca/TFreport.php?searchTF=T081502_1.02

MOTIF M0735_1.02 (LOC100067841)_(Mus_musculus)_(DBD_0.52)

letter-probability matrix: alength= 4 w= 10 nsites= 1 E= 0
  0.257065	  0.230288	  0.239686	  0.272961	
  0.221196	  0.262184	  0.254436	  0.262184	
  0.300293	  0.189570	  0.359516	  0.150620	
  0.274149	  0.169639	  0.143119	  0.413093	
  0.434028	  0.299798	  0.094927	  0.171247	
  0.539248	  0.208549	  0.086503	  0.165700	
  0.654737	  0.054284	  0.174903	  0.116075	
  0.042270	  0.580616	  0.077022	  0.300092	
  0.617317	  0.070484	  0.158441	  0.153758	
  0.310172	  0.220771	  0.227495	  0.241562	

URL http://cisbp.ccbr.utoronto.ca/TFreport.php?searchTF=T081491_1.02

MOTIF M0736_1.02 (LOC100060644)_(Mus_musculus)_(DBD_0.99)

letter-probability matrix: alength= 4 w= 8 nsites= 1 E= 0
  0.309467	  0.142959	  0.547336	  0.000238	
  0.295052	  0.000164	  0.000164	  0.704620	
  0.619510	  0.295749	  0.000141	  0.084600	
  0.888534	  0.069545	  0.000139	  0.041782	
  0.999584	  0.000139	  0.000139	  0.000139	
  0.000139	  0.957940	  0.000139	  0.041782	
  0.999572	  0.000143	  0.000143	  0.000143	
  0.660068	  0.132164	  0.056750	  0.151018	

URL http://cisbp.ccbr.utoronto.ca/TFreport.php?searchTF=T081503_1.02

MOTIF M0737_1.02 (LOC100067939)_(Mus_musculus)_(DBD_1.00)

letter-probability matrix: alength= 4 w= 10 nsites= 1 E= 0
  0.329842	  0.082156	  0.060257	  0.527746	
  0.520070	  0.108198	  0.255689	  0.116043	
  0.283345	  0.081996	  0.128595	  0.506065	
  0.209230	  0.033229	  0.701648	  0.055893	
  0.071321	  0.155585	  0.032694	  0.740400	
  0.638753	  0.232646	  0.070072	  0.058529	
  0.729556	  0.133278	  0.066184	  0.070983	
  0.865457	  0.036352	  0.043959	  0.054231	
  0.059316	  0.519509	  0.058726	  0.362449	
  0.777489	  0.053307	  0.067092	  0.102112	

URL http://cisbp.ccbr.utoronto.ca/TFreport.php?searchTF=T081493_1.02

MOTIF M0756_1.02 (FOXN3)_(Strongylocentrotus_purpuratus)_(DBD_0.44)

letter-probability matrix: alength= 4 w= 9 nsites= 1 E= 0
  0.233668	  0.224506	  0.348592	  0.193234	
  0.280037	  0.209542	  0.191507	  0.318914	
  0.404308	  0.290666	  0.110187	  0.194839	
  0.447462	  0.238314	  0.104961	  0.209263	
  0.768976	  0.018266	  0.173306	  0.039451	
  0.016176	  0.708777	  0.031930	  0.243117	
  0.578790	  0.107871	  0.169176	  0.144162	
  0.340778	  0.228430	  0.226157	  0.204635	
  0.301280	  0.239377	  0.210196	  0.249146	

URL http://cisbp.ccbr.utoronto.ca/TFreport.php?searchTF=T081514_1.02

MOTIF M0792_1.02 (LOC100058278)_(Neurospora_crassa)_(DBD_0.74)

letter-probability matrix: alength= 4 w= 8 nsites= 1 E= 0
  0.246114	  0.263959	  0.251086	  0.238840	
  0.289615	  0.264688	  0.175661	  0.270036	
  0.101067	  0.108395	  0.696303	  0.094234	
  0.794489	  0.034733	  0.044598	  0.126179	
  0.025614	  0.062373	  0.046671	  0.865343	
  0.449630	  0.160521	  0.097361	  0.292488	
  0.295846	  0.232721	  0.265029	  0.206405	
  0.224078	  0.276441	  0.282025	  0.217456	

URL http://cisbp.ccbr.utoronto.ca/TFreport.php?searchTF=T084642_1.02

MOTIF M0813_1.02 (LOC100056683)_(Rattus_norvegicus)_(DBD_0.94)

letter-probability matrix: alength= 4 w= 10 nsites= 1 E= 0
  0.271003	  0.219671	  0.235599	  0.273727	
  0.213209	  0.271042	  0.263031	  0.252718	
  0.561460	  0.141251	  0.230567	  0.066722	
  0.084700	  0.070044	  0.041642	  0.803614	
  0.320216	  0.105530	  0.571917	  0.002337	
  0.150709	  0.587190	  0.153753	  0.108348	
  0.076061	  0.043883	  0.707359	  0.172697	
  0.003197	  0.007554	  0.984433	  0.004817	
  0.003677	  0.001451	  0.984366	  0.010507	
  0.105313	  0.335943	  0.082018	  0.476726	

URL http://cisbp.ccbr.utoronto.ca/TFreport.php?searchTF=T086737_1.02

MOTIF M0820_1.02 (TFCP2)_(Gallus_gallus)_(DBD_0.97)

letter-probability matrix: alength= 4 w= 9 nsites= 1 E= 0
  0.009615	  0.009615	  0.009615	  0.971154	
  0.985294	  0.004902	  0.004902	  0.004902	
  0.985294	  0.004902	  0.004902	  0.004902	
  0.004902	  0.985294	  0.004902	  0.004902	
  0.004902	  0.985294	  0.004902	  0.004902	
  0.004902	  0.004902	  0.985294	  0.004902	
  0.004902	  0.004902	  0.985294	  0.004902	
  0.004902	  0.004902	  0.004902	  0.985294	
  0.009615	  0.009615	  0.009615	  0.971154	

URL http://cisbp.ccbr.utoronto.ca/TFreport.php?searchTF=T087260_1.02

MOTIF M0887_1.02 (LOC100054296)_(Homo_sapiens)_(DBD_1.00)

letter-probability matrix: alength= 4 w= 9 nsites= 1 E= 0
  0.230829	  0.276353	  0.240250	  0.252568	
  0.231609	  0.269091	  0.248402	  0.250899	
  0.162001	  0.234535	  0.145126	  0.458337	
  0.508116	  0.051455	  0.262620	  0.177809	
  0.517403	  0.208267	  0.105512	  0.168818	
  0.196825	  0.250213	  0.078438	  0.474524	
  0.161490	  0.169769	  0.359402	  0.309340	
  0.400484	  0.161204	  0.204931	  0.233381	
  0.224564	  0.277040	  0.282637	  0.215759	

URL http://cisbp.ccbr.utoronto.ca/TFreport.php?searchTF=T092704_1.02

MOTIF M0892_1.02 (LOC100059311)_(Homo_sapiens)_(DBD_1.00)

letter-probability matrix: alength= 4 w= 10 nsites= 1 E= 0
  0.278360	  0.307636	  0.270133	  0.143871	
  0.130958	  0.409474	  0.130958	  0.328611	
  0.077310	  0.078087	  0.009280	  0.835324	
  0.925286	  0.017995	  0.039256	  0.017463	
  0.972774	  0.002586	  0.004350	  0.020290	
  0.033715	  0.021284	  0.021714	  0.923288	
  0.073569	  0.045070	  0.298338	  0.583023	
  0.719299	  0.017607	  0.216649	  0.046445	
  0.170597	  0.357560	  0.323534	  0.148310	
  0.162911	  0.348349	  0.209182	  0.279557	

URL http://cisbp.ccbr.utoronto.ca/TFreport.php?searchTF=T092797_1.02

MOTIF M0894_1.02 (LOC100070213)_(Homo_sapiens)_(DBD_1.00)

letter-probability matrix: alength= 4 w= 8 nsites= 1 E= 0
  0.217448	  0.130642	  0.174045	  0.477865	
  0.000244	  0.048977	  0.000244	  0.950536	
  0.999286	  0.000238	  0.000238	  0.000238	
  0.999286	  0.000238	  0.000238	  0.000238	
  0.000238	  0.261893	  0.000238	  0.737631	
  0.142959	  0.000238	  0.119172	  0.737631	
  0.731238	  0.000244	  0.268275	  0.000244	
  0.028824	  0.114441	  0.799372	  0.057363	

URL http://cisbp.ccbr.utoronto.ca/TFreport.php?searchTF=T092760_1.02

MOTIF M0904_1.02 (HOXA10)_(Mus_musculus)_(DBD_1.00)

letter-probability matrix: alength= 4 w= 9 nsites= 1 E= 0
  0.187731	  0.158382	  0.173298	  0.480589	
  0.167569	  0.131814	  0.115745	  0.584872	
  0.349023	  0.092309	  0.110514	  0.448155	
  0.651686	  0.088196	  0.113246	  0.146872	
  0.112866	  0.256262	  0.099107	  0.531765	
  0.157200	  0.146572	  0.349855	  0.346373	
  0.360306	  0.132549	  0.322774	  0.184371	
  0.161159	  0.348065	  0.238028	  0.252747	
  0.234266	  0.294847	  0.234266	  0.236621	

URL http://cisbp.ccbr.utoronto.ca/TFreport.php?searchTF=T092766_1.02

MOTIF M0906_1.02 (VTN)_(Mus_musculus)_(DBD_0.91)

letter-probability matrix: alength= 4 w= 10 nsites= 1 E= 0
  0.300377	  0.283462	  0.208081	  0.208081	
  0.450588	  0.286377	  0.095384	  0.167651	
  0.072006	  0.202474	  0.000087	  0.725433	
  0.000087	  0.000087	  0.000087	  0.999740	
  0.999740	  0.000087	  0.000087	  0.000087	
  0.999740	  0.000087	  0.000087	  0.000087	
  0.000087	  0.000087	  0.000087	  0.999740	
  0.000087	  0.000087	  0.000087	  0.999740	
  0.873981	  0.042006	  0.042006	  0.042006	
  0.310358	  0.154703	  0.380237	  0.154703	

URL http://cisbp.ccbr.utoronto.ca/TFreport.php?searchTF=T092796_1.02

MOTIF M0907_1.02 (LOC100065093)_(Mus_musculus)_(DBD_1.00)

letter-probability matrix: alength= 4 w= 9 nsites= 1 E= 0
  0.260011	  0.244869	  0.186928	  0.308192	
  0.121246	  0.118845	  0.033711	  0.726198	
  0.700489	  0.000333	  0.270908	  0.028269	
  0.962122	  0.009292	  0.000107	  0.028478	
  0.024775	  0.111032	  0.068021	  0.796173	
  0.075798	  0.088950	  0.394680	  0.440572	
  0.541591	  0.066321	  0.277137	  0.114952	
  0.183583	  0.341268	  0.255359	  0.219789	
  0.201776	  0.326086	  0.199769	  0.272370	

URL http://cisbp.ccbr.utoronto.ca/TFreport.php?searchTF=T092778_1.02

MOTIF M0909_1.02 (LOC100071850)_(Mus_musculus)_(DBD_1.00)

letter-probability matrix: alength= 4 w= 9 nsites= 1 E= 0
  0.268445	  0.240482	  0.255353	  0.235720	
  0.200643	  0.235457	  0.276312	  0.287588	
  0.315755	  0.080236	  0.258518	  0.345491	
  0.782420	  0.011733	  0.091139	  0.114708	
  0.101611	  0.743341	  0.043867	  0.111181	
  0.671433	  0.112103	  0.066647	  0.149817	
  0.308060	  0.244764	  0.116780	  0.330396	
  0.231796	  0.229489	  0.363528	  0.175187	
  0.271804	  0.243491	  0.248410	  0.236295	

URL http://cisbp.ccbr.utoronto.ca/TFreport.php?searchTF=T092794_1.02

MOTIF M0911_1.02 (MNX1)_(Mus_musculus)_(DBD_0.91)

letter-probability matrix: alength= 4 w= 10 nsites= 1 E= 0
  0.247073	  0.284202	  0.206373	  0.262352	
  0.149870	  0.075171	  0.040036	  0.734924	
  0.706549	  0.090958	  0.126519	  0.075974	
  0.851645	  0.008910	  0.044131	  0.095313	
  0.070692	  0.091682	  0.096383	  0.741243	
  0.120799	  0.217919	  0.226813	  0.434469	
  0.367812	  0.088905	  0.402450	  0.140833	
  0.215590	  0.296895	  0.274069	  0.213445	
  0.220651	  0.269503	  0.211999	  0.297847	
  0.238452	  0.238452	  0.243269	  0.279826	

URL http://cisbp.ccbr.utoronto.ca/TFreport.php?searchTF=T092739_1.02

MOTIF M0912_1.02 (LOC100062304)_(Mus_musculus)_(DBD_1.00)

letter-probability matrix: alength= 4 w= 10 nsites= 1 E= 0
  0.228970	  0.253051	  0.279665	  0.238314	
  0.191994	  0.418829	  0.244072	  0.145106	
  0.132557	  0.356741	  0.070599	  0.440104	
  0.324192	  0.369199	  0.054127	  0.252481	
  0.552686	  0.023684	  0.355950	  0.067680	
  0.046339	  0.058908	  0.000505	  0.894248	
  0.622496	  0.039795	  0.066270	  0.271439	
  0.822278	  0.010827	  0.043907	  0.122987	
  0.758821	  0.086640	  0.042172	  0.112366	
  0.402869	  0.200059	  0.152721	  0.244352	

URL http://cisbp.ccbr.utoronto.ca/TFreport.php?searchTF=T092863_1.02

MOTIF M0913_1.02 (HOXC11)_(Mus_musculus)_(DBD_1.00)

letter-probability matrix: alength= 4 w= 10 nsites= 1 E= 0
  0.243261	  0.166357	  0.201167	  0.389216	
  0.150809	  0.096160	  0.097127	  0.655904	
  0.132509	  0.071283	  0.033671	  0.762537	
  0.375039	  0.047800	  0.050251	  0.526910	
  0.786702	  0.022598	  0.070658	  0.120043	
  0.049934	  0.380205	  0.076762	  0.493099	
