MEME version 4

ALPHABET= ACGT

strands: + -

Background letter frequencies (from uniform background):
A 0.25000 C 0.25000 G 0.25000 T 0.25000 

MOTIF M0140_1.02 (fgenesh2_pg.17_

letter-probability matrix: alength= 4 w= 7 nsites= 1 E= 0
  0.272989	  0.275733	  0.247011	  0.204268	
  0.311542	  0.190859	  0.252531	  0.245068	
  0.409498	  0.106158	  0.183999	  0.300345	
  0.464798	  0.095737	  0.154718	  0.284747	
  0.582238	  0.128622	  0.014110	  0.275030	
  0.576040	  0.000723	  0.229563	  0.193674	
  0.235345	  0.212949	  0.048475	  0.503232	

URL http://cisbp.ccbr.utoronto.ca/TFreport.php?searchTF=T008826_1.02

MOTIF M1369_1.02 (gw1.2.1819.1)_(Thalassiosira_pseudonana)_(DBD_0.89)

letter-probability matrix: alength= 4 w= 9 nsites= 1 E= 0
  0.228356	  0.249861	  0.240064	  0.281718	
  0.263420	  0.229006	  0.213524	  0.294050	
  0.339244	  0.231996	  0.118714	  0.310046	
  0.347213	  0.119097	  0.357787	  0.175904	
  0.136270	  0.082652	  0.674951	  0.106127	
  0.641759	  0.144635	  0.150538	  0.063068	
  0.015815	  0.016625	  0.003710	  0.963850	
  0.366729	  0.271679	  0.152113	  0.209479	
  0.155506	  0.374910	  0.191844	  0.277740	

URL http://cisbp.ccbr.utoronto.ca/TFreport.php?searchTF=T124330_1.02

