MEME version 4

ALPHABET= ACGT

strands: + -

Background letter frequencies (from uniform background):
A 0.25000 C 0.25000 G 0.25000 T 0.25000 

MOTIF M0085_1.02 (TFAP2E)_(Mus_musculus)_(DBD_0.94)

letter-probability matrix: alength= 4 w= 10 nsites= 1 E= 0
  0.213214	  0.176319	  0.135951	  0.474516	
  0.222124	  0.321576	  0.134725	  0.321576	
  0.004784	  0.213834	  0.753855	  0.027528	
  0.000431	  0.961004	  0.000168	  0.038397	
  0.000296	  0.937765	  0.000164	  0.061775	
  0.001274	  0.327763	  0.135950	  0.535013	
  0.122837	  0.314460	  0.391841	  0.170862	
  0.454990	  0.254748	  0.230506	  0.059756	
  0.118505	  0.001133	  0.841307	  0.039054	
  0.002871	  0.001657	  0.957955	  0.037517	

URL http://cisbp.ccbr.utoronto.ca/TFreport.php?searchTF=T004854_1.02

MOTIF M0104_1.02 (ARID3B)_(Mus_musculus)_(DBD_0.98)

letter-probability matrix: alength= 4 w= 11 nsites= 1 E= 0
  0.467943	  0.177352	  0.177352	  0.177352	
  0.273411	  0.080067	  0.080067	  0.566454	
  0.609177	  0.119174	  0.033749	  0.237901	
  0.104443	  0.000141	  0.000141	  0.895276	
  0.000141	  0.000141	  0.000141	  0.999578	
  0.999578	  0.000141	  0.000141	  0.000141	
  0.910941	  0.000141	  0.000141	  0.088778	
  0.088778	  0.000141	  0.000141	  0.910941	
  0.261793	  0.167866	  0.072788	  0.497552	
  0.489780	  0.170073	  0.170073	  0.170073	
  0.350824	  0.216392	  0.216392	  0.216392	

URL http://cisbp.ccbr.utoronto.ca/TFreport.php?searchTF=T007429_1.02

MOTIF M0105_1.02 (ENSGALG00000005839)_(Mus_musculus)_(DBD_0.91)

letter-probability matrix: alength= 4 w= 9 nsites= 1 E= 0
  0.265180	  0.185010	  0.202433	  0.347377	
  0.185396	  0.187259	  0.108039	  0.519306	
  0.151265	  0.141039	  0.100387	  0.607308	
  0.095920	  0.138866	  0.056459	  0.708755	
  0.354424	  0.113351	  0.333784	  0.198441	
  0.739186	  0.094212	  0.057143	  0.109459	
  0.023279	  0.024473	  0.020037	  0.932211	
  0.285933	  0.246105	  0.089636	  0.378326	
  0.254088	  0.232219	  0.267115	  0.246578	

URL http://cisbp.ccbr.utoronto.ca/TFreport.php?searchTF=T007431_1.02

MOTIF M0121_1.02 (BOD1L)_(Brachypodium_distachyon)_(DBD_0.69)

letter-probability matrix: alength= 4 w= 9 nsites= 1 E= 0
  0.374501	  0.137771	  0.378264	  0.109464	
  0.226206	  0.276289	  0.249996	  0.247509	
  0.606765	  0.056721	  0.230014	  0.106500	
  0.428552	  0.111098	  0.200420	  0.259930	
  0.475920	  0.046770	  0.205460	  0.271850	
  0.400042	  0.099641	  0.159424	  0.340893	
  0.337415	  0.202616	  0.115736	  0.344232	
  0.546503	  0.072497	  0.224425	  0.156576	
  0.462607	  0.040726	  0.319538	  0.177129	

URL http://cisbp.ccbr.utoronto.ca/TFreport.php?searchTF=T008679_1.02

MOTIF M0124_1.02 (PHF21A)_(Anolis_carolinensis)_(DBD_1.00)

letter-probability matrix: alength= 4 w= 8 nsites= 1 E= 0
  0.377279	  0.271235	  0.194997	  0.156489	
  0.247500	  0.202636	  0.270808	  0.279056	
  0.343177	  0.177371	  0.251702	  0.227749	
  0.340293	  0.177648	  0.244645	  0.237414	
  0.346936	  0.154337	  0.214679	  0.284048	
  0.576007	  0.033319	  0.178773	  0.211901	
  0.732846	  0.000001	  0.266916	  0.000236	
  0.253553	  0.258675	  0.061287	  0.426484	

URL http://cisbp.ccbr.utoronto.ca/TFreport.php?searchTF=T008678_1.02

MOTIF M0175_1.02 (MNT)_(Mus_musculus)_(DBD_0.96)

letter-probability matrix: alength= 4 w= 9 nsites= 1 E= 0
  0.237177	  0.246857	  0.223365	  0.292601	
  0.263053	  0.221929	  0.327785	  0.187233	
  0.059666	  0.787422	  0.047407	  0.105506	
  0.799512	  0.000774	  0.059383	  0.140331	
  0.018558	  0.805027	  0.000347	  0.176069	
  0.048592	  0.094015	  0.857013	  0.000380	
  0.032567	  0.226622	  0.003298	  0.737513	
  0.075226	  0.001633	  0.788785	  0.134356	
  0.183543	  0.327814	  0.217554	  0.271089	

URL http://cisbp.ccbr.utoronto.ca/TFreport.php?searchTF=T014428_1.02

MOTIF M0177_1.02 (Q9YH69_CHICK)_(Mus_musculus)_(DBD_1.00)

letter-probability matrix: alength= 4 w= 10 nsites= 1 E= 0
  0.301828	  0.199871	  0.298430	  0.199871	
  0.282456	  0.579511	  0.069016	  0.069016	
  0.000139	  0.999582	  0.000139	  0.000139	
  0.999582	  0.000139	  0.000139	  0.000139	
  0.000139	  0.217001	  0.000139	  0.782721	
  0.789108	  0.000139	  0.210614	  0.000139	
  0.000139	  0.000139	  0.000139	  0.999582	
  0.000139	  0.000139	  0.999582	  0.000139	
  0.050268	  0.050268	  0.154736	  0.744728	
  0.181123	  0.181123	  0.272271	  0.365483	

URL http://cisbp.ccbr.utoronto.ca/TFreport.php?searchTF=T014419_1.02

MOTIF M0178_1.02 (ASCL2)_(Mus_musculus)_(DBD_0.92)

letter-probability matrix: alength= 4 w= 10 nsites= 1 E= 0
  0.315548	  0.181281	  0.304970	  0.198202	
  0.342567	  0.215650	  0.329097	  0.112687	
  0.036295	  0.956859	  0.000000	  0.006845	
  0.887444	  0.026036	  0.052040	  0.034479	
  0.022313	  0.233167	  0.582932	  0.161589	
  0.161589	  0.582932	  0.233167	  0.022313	
  0.034479	  0.052040	  0.026036	  0.887444	
  0.006845	  0.000000	  0.956859	  0.036295	
  0.112687	  0.329097	  0.215650	  0.342567	
  0.198202	  0.304970	  0.181281	  0.315548	

URL http://cisbp.ccbr.utoronto.ca/TFreport.php?searchTF=T014477_1.02

MOTIF M0189_1.02 (ID2)_(Mus_musculus)_(DBD_0.86)

letter-probability matrix: alength= 4 w= 8 nsites= 1 E= 0
  0.277716	  0.166851	  0.499446	  0.055987	
  0.000370	  0.998891	  0.000370	  0.000370	
  0.999001	  0.000333	  0.000333	  0.000333	
  0.000333	  0.999001	  0.000333	  0.000333	
  0.000333	  0.000333	  0.999001	  0.000333	
  0.000333	  0.000333	  0.000333	  0.999001	
  0.000344	  0.000344	  0.998967	  0.000344	
  0.499546	  0.045826	  0.272686	  0.181942	

URL http://cisbp.ccbr.utoronto.ca/TFreport.php?searchTF=T014465_1.02

MOTIF M0195_1.02 (MSC)_(Mus_musculus)_(DBD_1.00)

letter-probability matrix: alength= 4 w= 10 nsites= 1 E= 0
  0.349915	  0.146774	  0.278558	  0.224752	
  0.357002	  0.417355	  0.173504	  0.052139	
  0.139509	  0.827857	  0.032001	  0.000633	
  0.724593	  0.000000	  0.227645	  0.047763	
  0.064454	  0.126184	  0.294078	  0.515285	
  0.515285	  0.294078	  0.126184	  0.064454	
  0.047763	  0.227645	  0.000000	  0.724593	
  0.000633	  0.032001	  0.827857	  0.139509	
  0.052139	  0.173504	  0.417355	  0.357002	
  0.224752	  0.278558	  0.146774	  0.349915	

URL http://cisbp.ccbr.utoronto.ca/TFreport.php?searchTF=T014471_1.02

MOTIF M0196_1.02 (NPAS2_CHICK)_(Mus_musculus)_(DBD_1.00)

letter-probability matrix: alength= 4 w= 10 nsites= 1 E= 0
  0.273313	  0.176530	  0.292754	  0.257403	
  0.154185	  0.377249	  0.420347	  0.048219	
  0.000226	  0.999321	  0.000226	  0.000226	
  0.999321	  0.000226	  0.000226	  0.000226	
  0.081100	  0.918447	  0.000226	  0.000226	
  0.081100	  0.000226	  0.918447	  0.000226	
  0.000226	  0.000226	  0.000226	  0.999321	
  0.081100	  0.000226	  0.918447	  0.000226	
  0.073697	  0.172181	  0.187665	  0.566457	
  0.297058	  0.298928	  0.202007	  0.202007	

URL http://cisbp.ccbr.utoronto.ca/TFreport.php?searchTF=T014469_1.02

MOTIF M0200_1.02 (CLOCK_CHICK)_(Mus_musculus)_(DBD_1.00)

letter-probability matrix: alength= 4 w= 10 nsites= 1 E= 0
  0.239964	  0.200309	  0.336557	  0.223170	
  0.293276	  0.320740	  0.252774	  0.133210	
  0.162184	  0.774560	  0.028113	  0.035143	
  0.713119	  0.054463	  0.173280	  0.059138	
  0.027939	  0.674387	  0.047681	  0.249993	
  0.249993	  0.047681	  0.674387	  0.027939	
  0.059138	  0.173280	  0.054463	  0.713119	
  0.035143	  0.028113	  0.774560	  0.162184	
  0.133210	  0.252774	  0.320740	  0.293276	
  0.223170	  0.336557	  0.200309	  0.239964	

URL http://cisbp.ccbr.utoronto.ca/TFreport.php?searchTF=T014453_1.02

MOTIF M0212_1.02 (TCFL5)_(Mus_musculus)_(DBD_0.96)

letter-probability matrix: alength= 4 w= 10 nsites= 1 E= 0
  0.263325	  0.202596	  0.307948	  0.226130	
  0.113138	  0.226680	  0.364435	  0.295747	
  0.058154	  0.874211	  0.016939	  0.050696	
  0.372199	  0.064471	  0.336403	  0.226927	
  0.006221	  0.903915	  0.018504	  0.071360	
  0.071360	  0.018504	  0.903915	  0.006221	
  0.226927	  0.336403	  0.064471	  0.372199	
  0.050696	  0.016939	  0.874211	  0.058154	
  0.295747	  0.364435	  0.226680	  0.113138	
  0.226130	  0.307948	  0.202596	  0.263325	

URL http://cisbp.ccbr.utoronto.ca/TFreport.php?searchTF=T014426_1.02

MOTIF M0213_1.02 (OLIG3)_(Mus_musculus)_(DBD_1.00)

letter-probability matrix: alength= 4 w= 11 nsites= 1 E= 0
  0.201784	  0.295980	  0.300452	  0.201784	
  0.274925	  0.079923	  0.079923	  0.565228	
  0.731885	  0.120705	  0.024371	  0.123039	
  0.189822	  0.517890	  0.000302	  0.291985	
  0.195173	  0.614669	  0.000302	  0.189856	
  0.809704	  0.000302	  0.000302	  0.189691	
  0.000302	  0.194479	  0.093488	  0.711731	
  0.905907	  0.000302	  0.000302	  0.093488	
  0.243671	  0.144721	  0.237061	  0.374546	
  0.170379	  0.170379	  0.392660	  0.266582	
  0.225931	  0.225931	  0.322206	  0.225931	

URL http://cisbp.ccbr.utoronto.ca/TFreport.php?searchTF=T014454_1.02

MOTIF M0214_1.02 (TCF21)_(Mus_musculus)_(DBD_1.00)

letter-probability matrix: alength= 4 w= 9 nsites= 1 E= 0
  0.745050	  0.002475	  0.250000	  0.002475	
  0.747512	  0.250000	  0.001244	  0.001244	
  0.001244	  0.996269	  0.001244	  0.001244	
  0.996269	  0.001244	  0.001244	  0.001244	
  0.001244	  0.001244	  0.374378	  0.623134	
  0.623134	  0.374378	  0.001244	  0.001244	
  0.001244	  0.001244	  0.001244	  0.996269	
  0.001244	  0.001244	  0.996269	  0.001244	
  0.002475	  0.002475	  0.497525	  0.497525	

URL http://cisbp.ccbr.utoronto.ca/TFreport.php?searchTF=T014456_1.02

MOTIF M0215_1.02 (LOC419390)_(Mus_musculus)_(DBD_0.89)

letter-probability matrix: alength= 4 w= 10 nsites= 1 E= 0
  0.216882	  0.223200	  0.384442	  0.175475	
  0.345594	  0.220337	  0.348034	  0.086035	
  0.070888	  0.898272	  0.018035	  0.012805	
  0.587881	  0.086790	  0.237040	  0.088289	
  0.022632	  0.821184	  0.052593	  0.103591	
  0.103591	  0.052593	  0.821184	  0.022632	
  0.088289	  0.237040	  0.086790	  0.587881	
  0.012805	  0.018035	  0.898272	  0.070888	
  0.086035	  0.348034	  0.220337	  0.345594	
  0.175475	  0.384442	  0.223200	  0.216882	

URL http://cisbp.ccbr.utoronto.ca/TFreport.php?searchTF=T014412_1.02

MOTIF M0217_1.02 (Q9YH81_CHICK)_(Mus_musculus)_(DBD_0.92)

letter-probability matrix: alength= 4 w= 10 nsites= 1 E= 0
  0.424799	  0.113479	  0.235478	  0.226244	
  0.169637	  0.592091	  0.171342	  0.066931	
  0.271365	  0.687777	  0.026936	  0.013922	
  0.665113	  0.034812	  0.186785	  0.113291	
  0.001368	  0.064301	  0.143105	  0.791225	
  0.793894	  0.140745	  0.056090	  0.009272	
  0.075714	  0.150952	  0.010559	  0.762775	
  0.011683	  0.000903	  0.869711	  0.117703	
  0.038634	  0.150525	  0.421629	  0.389213	
  0.091763	  0.270213	  0.234912	  0.403111	

URL http://cisbp.ccbr.utoronto.ca/TFreport.php?searchTF=T014432_1.02

MOTIF M0218_1.02 (BHLHB8)_(Mus_musculus)_(DBD_0.96)

letter-probability matrix: alength= 4 w= 8 nsites= 1 E= 0
  0.143162	  0.570513	  0.285613	  0.000712	
  0.000499	  0.998503	  0.000499	  0.000499	
  0.998503	  0.000499	  0.000499	  0.000499	
  0.000499	  0.000499	  0.200100	  0.798902	
  0.798902	  0.200100	  0.000499	  0.000499	
  0.000499	  0.000499	  0.000499	  0.998503	
  0.000499	  0.000499	  0.998503	  0.000499	
  0.000767	  0.230828	  0.154141	  0.614264	

URL http://cisbp.ccbr.utoronto.ca/TFreport.php?searchTF=T014417_1.02

MOTIF M0298_1.02 (ATF3)_(Mus_musculus)_(DBD_0.95)

letter-probability matrix: alength= 4 w= 9 nsites= 1 E= 0
  0.180173	  0.245653	  0.229045	  0.345129	
  0.180819	  0.146569	  0.458287	  0.214325	
  0.556878	  0.113562	  0.235650	  0.093911	
  0.020212	  0.000716	  0.000325	  0.978747	
  0.084476	  0.056062	  0.643206	  0.216256	
  0.854376	  0.000259	  0.030888	  0.114477	
  0.078044	  0.669994	  0.033357	  0.218605	
  0.230071	  0.132739	  0.463306	  0.173884	
  0.217065	  0.252194	  0.200376	  0.330365	

URL http://cisbp.ccbr.utoronto.ca/TFreport.php?searchTF=T025430_1.02

MOTIF M0300_1.02 (ATF2_CHICK)_(Mus_musculus)_(DBD_0.98)

letter-probability matrix: alength= 4 w= 10 nsites= 1 E= 0
  0.291870	  0.184253	  0.277636	  0.246241	
  0.530199	  0.133387	  0.274034	  0.062380	
  0.035631	  0.062379	  0.001238	  0.900752	
  0.073796	  0.082377	  0.556301	  0.287525	
  0.757933	  0.025806	  0.125285	  0.090976	
  0.084682	  0.638364	  0.084682	  0.192271	
  0.156906	  0.065082	  0.710273	  0.067738	
  0.117142	  0.166233	  0.068950	  0.647675	
  0.368627	  0.407396	  0.102492	  0.121484	
  0.489340	  0.124345	  0.187365	  0.198951	

URL http://cisbp.ccbr.utoronto.ca/TFreport.php?searchTF=T025428_1.02

MOTIF M0304_1.02 (CEBPA)_(Mus_musculus)_(DBD_0.95)

letter-probability matrix: alength= 4 w= 10 nsites= 1 E= 0
  0.417594	  0.193373	  0.289850	  0.099182	
  0.070926	  0.105761	  0.069103	  0.754210	
  0.075979	  0.046003	  0.228470	  0.649548	
  0.348495	  0.037506	  0.334666	  0.279334	
  0.126578	  0.520621	  0.107184	  0.245617	
  0.245617	  0.107184	  0.520621	  0.126578	
  0.279334	  0.334666	  0.037506	  0.348495	
  0.649548	  0.228470	  0.046003	  0.075979	
  0.754210	  0.069103	  0.105761	  0.070926	
  0.099182	  0.289850	  0.193373	  0.417594	

URL http://cisbp.ccbr.utoronto.ca/TFreport.php?searchTF=T025417_1.02

MOTIF M0306_1.02 (Q9W610_CHICK)_(Mus_musculus)_(DBD_0.88)

letter-probability matrix: alength= 4 w= 13 nsites= 1 E= 0
  0.225953	  0.322141	  0.225953	  0.225953	
  0.275447	  0.272623	  0.179259	  0.272671	
  0.419876	  0.225846	  0.223845	  0.130433	
  0.143666	  0.141617	  0.150860	  0.563858	
  0.117391	  0.119440	  0.152771	  0.610399	
  0.607710	  0.000238	  0.289208	  0.102844	
  0.093650	  0.713348	  0.000238	  0.192764	
  0.190971	  0.093650	  0.522049	  0.193330	
  0.220303	  0.311922	  0.024285	  0.443490	
  0.562908	  0.199722	  0.166391	  0.070979	
  0.345918	  0.317568	  0.119805	  0.216709	
  0.297141	  0.298889	  0.201985	  0.201985	
  0.226211	  0.226211	  0.226211	  0.321368	

URL http://cisbp.ccbr.utoronto.ca/TFreport.php?searchTF=T025439_1.02

MOTIF M0308_1.02 (MAFG_CHICK)_(Mus_musculus)_(DBD_0.99)

letter-probability matrix: alength= 4 w= 10 nsites= 1 E= 0
  0.210236	  0.241829	  0.402717	  0.145218	
  0.137799	  0.117425	  0.127204	  0.617572	
  0.252961	  0.530191	  0.058747	  0.158101	
  0.595515	  0.084726	  0.143944	  0.175814	
  0.134960	  0.017374	  0.661809	  0.185857	
  0.085670	  0.720903	  0.101545	  0.091882	
  0.538447	  0.049338	  0.259482	  0.152733	
  0.320244	  0.206249	  0.186622	  0.286886	
  0.324774	  0.156512	  0.187379	  0.331335	
  0.306832	  0.191770	  0.155446	  0.345952	

URL http://cisbp.ccbr.utoronto.ca/TFreport.php?searchTF=T025422_1.02

MOTIF M0309_1.02 (ATF7)_(Mus_musculus)_(DBD_0.98)

letter-probability matrix: alength= 4 w= 10 nsites= 1 E= 0
  0.260002	  0.181397	  0.311279	  0.247322	
  0.577516	  0.121357	  0.289668	  0.011459	
  0.000019	  0.055723	  0.000006	  0.944252	
  0.074595	  0.061073	  0.579449	  0.284883	
  0.852748	  0.005980	  0.140958	  0.000313	
  0.000066	  0.834717	  0.000028	  0.165189	
  0.169554	  0.075428	  0.694486	  0.060532	
  0.133120	  0.126628	  0.087466	  0.652787	
  0.371994	  0.440927	  0.102399	  0.084680	
  0.527113	  0.119991	  0.170275	  0.182621	

URL http://cisbp.ccbr.utoronto.ca/TFreport.php?searchTF=T025410_1.02

MOTIF M0313_1.02 (Q98944_CHICK)_(Mus_musculus)_(DBD_0.97)

letter-probability matrix: alength= 4 w= 10 nsites= 1 E= 0
  0.231876	  0.201583	  0.288935	  0.277606	
  0.445882	  0.170725	  0.317366	  0.066026	
  0.064153	  0.042152	  0.047053	  0.846642	
  0.027177	  0.055277	  0.142931	  0.774614	
  0.304859	  0.000145	  0.492675	  0.202320	
  0.087581	  0.673554	  0.077678	  0.161187	
  0.302455	  0.164339	  0.376882	  0.156324	
  0.234880	  0.313900	  0.134166	  0.317055	
  0.391736	  0.281628	  0.160869	  0.165768	
  0.466130	  0.183913	  0.171480	  0.178478	

URL http://cisbp.ccbr.utoronto.ca/TFreport.php?searchTF=T025418_1.02

MOTIF M0319_1.02 (Q7T3L4_CHICK)_(Mus_musculus)_(DBD_1.00)

letter-probability matrix: alength= 4 w= 10 nsites= 1 E= 0
  0.183122	  0.183122	  0.270541	  0.363215	
  0.645397	  0.087274	  0.180054	  0.087274	
  0.000184	  0.000184	  0.000184	  0.999448	
  0.000184	  0.000184	  0.724689	  0.274944	
  0.999448	  0.000184	  0.000184	  0.000184	
  0.000184	  0.999448	  0.000184	  0.000184	
  0.000184	  0.000184	  0.999448	  0.000184	
  0.000184	  0.000184	  0.000184	  0.999448	
  0.547966	  0.317911	  0.067062	  0.067062	
  0.511272	  0.162909	  0.162909	  0.162909	

URL http://cisbp.ccbr.utoronto.ca/TFreport.php?searchTF=T025421_1.02

MOTIF M0321_1.02 (MAFB_CHICK)_(Mus_musculus)_(DBD_0.96)

letter-probability matrix: alength= 4 w= 13 nsites= 1 E= 0
  0.310088	  0.229971	  0.229971	  0.229971	
  0.310088	  0.229971	  0.229971	  0.229971	
  0.388911	  0.203696	  0.203696	  0.203696	
  0.200318	  0.175901	  0.220542	  0.403239	
  0.020652	  0.020652	  0.020652	  0.938043	
  0.000209	  0.000209	  0.999374	  0.000209	
  0.000209	  0.999374	  0.000209	  0.000209	
  0.080326	  0.000209	  0.000209	  0.919257	
  0.020238	  0.020238	  0.939286	  0.020238	
  0.939286	  0.020238	  0.020238	  0.020238	
  0.046512	  0.860463	  0.046512	  0.046512	
  0.151778	  0.247677	  0.336617	  0.263927	
  0.229556	  0.229556	  0.229556	  0.311331	

URL http://cisbp.ccbr.utoronto.ca/TFreport.php?searchTF=T025415_1.02

MOTIF M0396_1.02 (OSR2)_(Mus_musculus)_(DBD_1.00)

letter-probability matrix: alength= 4 w= 10 nsites= 1 E= 0
  0.421366	  0.195525	  0.181878	  0.201232	
  0.443805	  0.205154	  0.147552	  0.203489	
  0.163505	  0.668656	  0.069838	  0.098002	
  0.486448	  0.000004	  0.513153	  0.000396	
  0.006671	  0.000189	  0.993136	  0.000004	
  0.203978	  0.028198	  0.090710	  0.677114	
  0.859283	  0.000001	  0.104554	  0.036161	
  0.044236	  0.000000	  0.942389	  0.013374	
  0.034714	  0.675756	  0.116217	  0.173312	
  0.351094	  0.201449	  0.184650	  0.262806	

URL http://cisbp.ccbr.utoronto.ca/TFreport.php?searchTF=T045400_1.02

MOTIF M0405_1.02 (KLF7)_(Mus_musculus)_(DBD_1.00)

letter-probability matrix: alength= 4 w= 10 nsites= 1 E= 0
  0.322200	  0.077105	  0.258571	  0.342124	
  0.174850	  0.000229	  0.823801	  0.001121	
  0.000272	  0.000173	  0.999363	  0.000191	
  0.000074	  0.000241	  0.999596	  0.000089	
  0.100743	  0.660217	  0.010304	  0.228736	
  0.015211	  0.000320	  0.974574	  0.009895	
  0.042318	  0.089587	  0.352557	  0.515538	
  0.208085	  0.076550	  0.538047	  0.177318	
  0.167365	  0.115605	  0.497789	  0.219242	
  0.170239	  0.414554	  0.180766	  0.234441	

URL http://cisbp.ccbr.utoronto.ca/TFreport.php?searchTF=T045330_1.02

MOTIF M0412_1.02 (ZIC4)_(Mus_musculus)_(DBD_0.91)

letter-probability matrix: alength= 4 w= 10 nsites= 1 E= 0
  0.211653	  0.604832	  0.125832	  0.057682	
  0.314154	  0.183072	  0.267704	  0.235070	
  0.058970	  0.740279	  0.079601	  0.121150	
  0.397146	  0.274322	  0.144648	  0.183884	
  0.284528	  0.162525	  0.493158	  0.059790	
  0.028073	  0.552700	  0.203327	  0.215900	
  0.398045	  0.024205	  0.457861	  0.119889	
  0.071035	  0.034924	  0.641094	  0.252946	
  0.023960	  0.006530	  0.894594	  0.074916	
  0.274248	  0.166340	  0.352141	  0.207272	

URL http://cisbp.ccbr.utoronto.ca/TFreport.php?searchTF=T045311_1.02

MOTIF M0413_1.02 (Q5ZKW3_CHICK)_(Mus_musculus)_(DBD_0.98)

letter-probability matrix: alength= 4 w= 10 nsites= 1 E= 0
  0.209797	  0.211906	  0.300708	  0.277589	
  0.292816	  0.094589	  0.304766	  0.307829	
  0.023864	  0.219721	  0.041362	  0.715054	
  0.069278	  0.000316	  0.905174	  0.025232	
  0.000120	  0.979540	  0.000112	  0.020228	
  0.032886	  0.011859	  0.891628	  0.063628	
  0.033638	  0.061908	  0.558724	  0.345729	
  0.085787	  0.080791	  0.567855	  0.265567	
  0.361841	  0.108985	  0.305273	  0.223901	
  0.217817	  0.282494	  0.220006	  0.279683	

URL http://cisbp.ccbr.utoronto.ca/TFreport.php?searchTF=T045353_1.02

MOTIF M0423_1.02 (Q5ZI28_CHICK)_(Mus_musculus)_(DBD_0.95)

letter-probability matrix: alength= 4 w= 8 nsites= 1 E= 0
  0.001420	  0.001420	  0.001420	  0.995739	
  0.001106	  0.001106	  0.996681	  0.001106	
  0.001106	  0.001106	  0.996681	  0.001106	
  0.001106	  0.001106	  0.996681	  0.001106	
  0.996681	  0.001106	  0.001106	  0.001106	
  0.001106	  0.001106	  0.001106	  0.996681	
  0.250000	  0.001244	  0.747512	  0.001244	
  0.001984	  0.001984	  0.795635	  0.200397	

URL http://cisbp.ccbr.utoronto.ca/TFreport.php?searchTF=T045343_1.02

MOTIF M0425_1.02 (HIC2)_(Mus_musculus)_(DBD_0.86)

letter-probability matrix: alength= 4 w= 9 nsites= 1 E= 0
  0.262028	  0.210283	  0.346697	  0.180992	
  0.221366	  0.136978	  0.528381	  0.113275	
  0.157584	  0.190558	  0.219194	  0.432663	
  0.056602	  0.009450	  0.386078	  0.547870	
  0.004697	  0.001711	  0.979480	  0.014112	
  0.001556	  0.013489	  0.984235	  0.000720	
  0.005870	  0.853954	  0.003190	  0.136986	
  0.971265	  0.001820	  0.025498	  0.001417	
  0.094782	  0.433364	  0.087495	  0.384359	

URL http://cisbp.ccbr.utoronto.ca/TFreport.php?searchTF=T045263_1.02

MOTIF M0431_1.02 (OSR1)_(Mus_musculus)_(DBD_1.00)

letter-probability matrix: alength= 4 w= 9 nsites= 1 E= 0
  0.403971	  0.240169	  0.179710	  0.176151	
  0.198142	  0.544020	  0.131497	  0.126341	
  0.492328	  0.000000	  0.507322	  0.000350	
  0.083075	  0.002363	  0.906640	  0.007923	
  0.250624	  0.044432	  0.158215	  0.546729	
  0.796265	  0.000247	  0.170704	  0.032784	
  0.140921	  0.002359	  0.835642	  0.021077	
  0.097198	  0.532058	  0.178887	  0.191857	
  0.295275	  0.246634	  0.218745	  0.239345	

URL http://cisbp.ccbr.utoronto.ca/TFreport.php?searchTF=T045408_1.02

MOTIF M0432_1.02 (ZF161_CHICK)_(Mus_musculus)_(DBD_0.98)

letter-probability matrix: alength= 4 w= 9 nsites= 1 E= 0
  0.218335	  0.335636	  0.256218	  0.189811	
  0.281737	  0.194605	  0.347572	  0.176086	
  0.037721	  0.820757	  0.023576	  0.117946	
  0.059238	  0.045221	  0.863991	  0.031550	
  0.137689	  0.500193	  0.106165	  0.255953	
  0.131295	  0.061402	  0.683653	  0.123649	
  0.179495	  0.539231	  0.125229	  0.156045	
  0.387566	  0.270396	  0.135624	  0.206414	
  0.199182	  0.377744	  0.137582	  0.285493	

URL http://cisbp.ccbr.utoronto.ca/TFreport.php?searchTF=T045385_1.02

MOTIF M0443_1.02 (KLF12)_(Mus_musculus)_(DBD_1.00)

letter-probability matrix: alength= 4 w= 10 nsites= 1 E= 0
  0.260102	  0.124098	  0.223872	  0.391927	
  0.187213	  0.000148	  0.790168	  0.022471	
  0.000002	  0.000005	  0.999931	  0.000063	
  0.000374	  0.000026	  0.999566	  0.000034	
  0.076094	  0.621399	  0.000039	  0.302468	
  0.000325	  0.000031	  0.997699	  0.001945	
  0.060231	  0.086331	  0.346604	  0.506834	
  0.189328	  0.102872	  0.514647	  0.193153	
  0.167870	  0.130737	  0.470215	  0.231178	
  0.172456	  0.411638	  0.156045	  0.259860	

URL http://cisbp.ccbr.utoronto.ca/TFreport.php?searchTF=T045411_1.02

MOTIF M0448_1.02 (OVOL2)_(Caenorhabditis_elegans)_(DBD_0.71)

letter-probability matrix: alength= 4 w= 8 nsites= 1 E= 0
  0.420693	  0.210609	  0.368172	  0.000525	
  0.000344	  0.000344	  0.000344	  0.998967	
  0.998967	  0.000344	  0.000344	  0.000344	
  0.998967	  0.000344	  0.000344	  0.000344	
  0.000344	  0.998967	  0.000344	  0.000344	
  0.000344	  0.000344	  0.998967	  0.000344	
  0.000344	  0.000344	  0.998967	  0.000344	
  0.315651	  0.105567	  0.210609	  0.368172	

URL http://cisbp.ccbr.utoronto.ca/TFreport.php?searchTF=T045331_1.02

MOTIF M0594_1.02 LIN54

letter-probability matrix: alength= 4 w= 9 nsites= 1 E= 0
  0.411378	  0.091233	  0.211983	  0.285406	
  0.000206	  0.000206	  0.000206	  0.999383	
  0.000206	  0.000206	  0.000206	  0.999383	
  0.000206	  0.211990	  0.000206	  0.787598	
  0.437915	  0.000206	  0.561674	  0.000206	
  0.999383	  0.000206	  0.000206	  0.000206	
  0.999383	  0.000206	  0.000206	  0.000206	
  0.103784	  0.210663	  0.000206	  0.685347	
  0.242672	  0.248680	  0.158972	  0.349676	

URL http://cisbp.ccbr.utoronto.ca/TFreport.php?searchTF=T073876_1.02

MOTIF M0607_1.02 (FBXL10)_(Homo_sapiens)_(DBD_1.00)

letter-probability matrix: alength= 4 w= 9 nsites= 1 E= 0
  0.245019	  0.247482	  0.255018	  0.252481	
  0.006978	  0.831056	  0.000758	  0.161208	
  0.135594	  0.045135	  0.699010	  0.120261	
  0.207289	  0.207289	  0.211476	  0.373946	
  0.438800	  0.133492	  0.203170	  0.224538	
  0.346191	  0.209975	  0.216370	  0.227464	
  0.270749	  0.247446	  0.221671	  0.260133	
  0.274484	  0.231573	  0.205386	  0.288557	
  0.281554	  0.235173	  0.225952	  0.257321	

URL http://cisbp.ccbr.utoronto.ca/TFreport.php?searchTF=T074527_1.02

MOTIF M0629_1.02 (DMRT3)_(Homo_sapiens)_(DBD_1.00)

letter-probability matrix: alength= 4 w= 11 nsites= 1 E= 0
  0.452849	  0.240018	  0.153566	  0.153566	
  0.538650	  0.122796	  0.122796	  0.215757	
  0.105898	  0.021764	  0.021764	  0.850573	
  0.000170	  0.000170	  0.999489	  0.000170	
  0.000170	  0.000170	  0.000170	  0.999489	
  0.999489	  0.000170	  0.000170	  0.000170	
  0.201683	  0.000170	  0.104063	  0.694083	
  0.000170	  0.999489	  0.000170	  0.000170	
  0.618481	  0.188311	  0.096604	  0.096604	
  0.509326	  0.127374	  0.127374	  0.235926	
  0.228406	  0.228406	  0.228406	  0.314782	

URL http://cisbp.ccbr.utoronto.ca/TFreport.php?searchTF=T075137_1.02

MOTIF M0630_1.02 (DMRT1_CHICK)_(Homo_sapiens)_(DBD_0.96)

letter-probability matrix: alength= 4 w= 10 nsites= 1 E= 0
  0.471737	  0.142084	  0.127284	  0.258895	
  0.433336	  0.119285	  0.135845	  0.311535	
  0.263167	  0.062978	  0.058136	  0.615718	
  0.118099	  0.043014	  0.736217	  0.102670	
  0.050738	  0.040718	  0.031396	  0.877148	
  0.522994	  0.042080	  0.101450	  0.333476	
  0.302427	  0.047553	  0.265560	  0.384460	
  0.105681	  0.672112	  0.073731	  0.148476	
  0.322263	  0.195462	  0.241137	  0.241137	
  0.458630	  0.126247	  0.182773	  0.232350	

URL http://cisbp.ccbr.utoronto.ca/TFreport.php?searchTF=T075136_1.02

MOTIF M0673_1.02 (E2F3)_(Taeniopygia_guttata)_(DBD_1.00)

letter-probability matrix: alength= 4 w= 10 nsites= 1 E= 0
  0.318805	  0.227065	  0.227065	  0.227065	
  0.193453	  0.178255	  0.402863	  0.225428	
  0.099232	  0.600146	  0.300486	  0.000135	
  0.000135	  0.000135	  0.999594	  0.000135	
  0.000135	  0.999594	  0.000135	  0.000135	
  0.000135	  0.000135	  0.999594	  0.000135	
  0.000135	  0.999594	  0.000135	  0.000135	
  0.000135	  0.202501	  0.797228	  0.000135	
  0.230338	  0.723521	  0.023070	  0.023070	
  0.242693	  0.246407	  0.263382	  0.247518	

URL http://cisbp.ccbr.utoronto.ca/TFreport.php?searchTF=T076691_1.02

MOTIF M0689_1.02 (ERF)_(Mus_musculus)_(DBD_1.00)

letter-probability matrix: alength= 4 w= 10 nsites= 1 E= 0
  0.313334	  0.205875	  0.241597	  0.239193	
  0.387641	  0.160787	  0.247171	  0.204400	
  0.197818	  0.349795	  0.246496	  0.205891	
  0.265919	  0.499293	  0.148888	  0.085901	
  0.048518	  0.002724	  0.908635	  0.040123	
  0.060566	  0.022505	  0.883356	  0.033573	
  0.952353	  0.001933	  0.000612	  0.045102	
  0.571191	  0.089812	  0.022370	  0.316627	
  0.381171	  0.136081	  0.408809	  0.073940	
  0.173410	  0.277455	  0.131061	  0.418074	

URL http://cisbp.ccbr.utoronto.ca/TFreport.php?searchTF=T078038_1.02

MOTIF M0705_1.02 (Q9YHW8_CHICK)_(Mus_musculus)_(DBD_1.00)

letter-probability matrix: alength= 4 w= 10 nsites= 1 E= 0
  0.334466	  0.166091	  0.231027	  0.268415	
  0.310818	  0.221231	  0.244498	  0.223454	
  0.180155	  0.373837	  0.297026	  0.148981	
  0.268613	  0.504350	  0.144499	  0.082539	
  0.017253	  0.001160	  0.970695	  0.010892	
  0.032848	  0.025582	  0.917718	  0.023853	
  0.926227	  0.024560	  0.019514	  0.029699	
  0.879574	  0.038453	  0.015324	  0.066649	
  0.369584	  0.085831	  0.519246	  0.025340	
  0.142210	  0.259123	  0.082048	  0.516619	

URL http://cisbp.ccbr.utoronto.ca/TFreport.php?searchTF=T078052_1.02

MOTIF M0710_1.02 (Q9YHW6_CHICK)_(Mus_musculus)_(DBD_1.00)

letter-probability matrix: alength= 4 w= 10 nsites= 1 E= 0
  0.273969	  0.224307	  0.302782	  0.198942	
  0.487672	  0.100448	  0.244604	  0.167276	
  0.092545	  0.704648	  0.163645	  0.039162	
  0.101165	  0.886031	  0.012143	  0.000661	
  0.000629	  0.000385	  0.998745	  0.000241	
  0.003523	  0.004524	  0.991646	  0.000307	
  0.973452	  0.007177	  0.011033	  0.008338	
  0.692543	  0.034137	  0.018548	  0.254772	
  0.273496	  0.101625	  0.596624	  0.028255	
  0.097991	  0.269045	  0.080229	  0.552735	

URL http://cisbp.ccbr.utoronto.ca/TFreport.php?searchTF=T078049_1.02

MOTIF M0719_1.02 (FOXG1_CHICK)_(Homo_sapiens)_(DBD_1.00)

letter-probability matrix: alength= 4 w= 8 nsites= 1 E= 0
  0.374378	  0.001244	  0.623134	  0.001244	
  0.001106	  0.001106	  0.001106	  0.996681	
  0.996681	  0.001106	  0.001106	  0.001106	
  0.996681	  0.001106	  0.001106	  0.001106	
  0.996681	  0.001106	  0.001106	  0.001106	
  0.001106	  0.996681	  0.001106	  0.001106	
  0.996681	  0.001106	  0.001106	  0.001106	
  0.498344	  0.167219	  0.001656	  0.332781	

URL http://cisbp.ccbr.utoronto.ca/TFreport.php?searchTF=T081693_1.02

MOTIF M0720_1.02 (Q5ZL11_CHICK)_(Meleagris_gallopavo)_(DBD_1.00)

letter-probability matrix: alength= 4 w= 8 nsites= 1 E= 0
  0.613471	  0.079623	  0.272717	  0.034189	
  0.482375	  0.017625	  0.184234	  0.315766	
  0.714130	  0.075689	  0.100890	  0.109291	
  0.630124	  0.050487	  0.008485	  0.310904	
  0.571321	  0.000084	  0.302503	  0.126092	
  0.008485	  0.840138	  0.092490	  0.058888	
  0.823337	  0.100890	  0.075689	  0.000084	
  0.551585	  0.183938	  0.057560	  0.206916	

URL http://cisbp.ccbr.utoronto.ca/TFreport.php?searchTF=T081696_1.02

MOTIF M0722_1.02 (Q5ZHS5_CHICK)_(Mus_musculus)_(DBD_0.46)

letter-probability matrix: alength= 4 w= 8 nsites= 1 E= 0
  0.461214	  0.000384	  0.538018	  0.000384	
  0.050200	  0.025225	  0.000250	  0.924326	
  0.794959	  0.204587	  0.000227	  0.000227	
  0.977131	  0.000222	  0.000222	  0.022425	
  0.999334	  0.000222	  0.000222	  0.000222	
  0.000227	  0.953906	  0.000227	  0.045640	
  0.999319	  0.000227	  0.000227	  0.000227	
  0.593321	  0.125156	  0.125156	  0.156367	

URL http://cisbp.ccbr.utoronto.ca/TFreport.php?searchTF=T081691_1.02

MOTIF M0728_1.02 (FOXJ1)_(Mus_musculus)_(DBD_0.92)

letter-probability matrix: alength= 4 w= 12 nsites= 1 E= 0
  0.394926	  0.201691	  0.201691	  0.201691	
  0.357836	  0.147163	  0.347838	  0.147163	
  0.159006	  0.172368	  0.068783	  0.599842	
  0.841382	  0.113021	  0.022798	  0.022798	
  0.999531	  0.000156	  0.000156	  0.000156	
  0.999531	  0.000156	  0.000156	  0.000156	
  0.000156	  0.999531	  0.000156	  0.000156	
  0.999531	  0.000156	  0.000156	  0.000156	
  0.854605	  0.048465	  0.048465	  0.048465	
  0.691020	  0.102993	  0.102993	  0.102993	
  0.181373	  0.360053	  0.181373	  0.277201	
  0.317926	  0.227358	  0.227358	  0.227358	

URL http://cisbp.ccbr.utoronto.ca/TFreport.php?searchTF=T081702_1.02

MOTIF M0733_1.02 (FOXO3)_(Mus_musculus)_(DBD_0.86)

letter-probability matrix: alength= 4 w= 8 nsites= 1 E= 0
  0.346154	  0.076923	  0.557692	  0.019231	
  0.181818	  0.038961	  0.012987	  0.766234	
  0.650602	  0.277108	  0.024096	  0.048193	
  0.916667	  0.035714	  0.011905	  0.035714	
  0.952381	  0.011905	  0.011905	  0.023810	
  0.011905	  0.845238	  0.011905	  0.130952	
  0.964286	  0.011905	  0.011905	  0.011905	
  0.571429	  0.142857	  0.126984	  0.158730	

URL http://cisbp.ccbr.utoronto.ca/TFreport.php?searchTF=T081698_1.02

MOTIF M0736_1.02 (Q9DGG2_CHICK)_(Mus_musculus)_(DBD_0.99)

letter-probability matrix: alength= 4 w= 8 nsites= 1 E= 0
  0.309467	  0.142959	  0.547336	  0.000238	
  0.295052	  0.000164	  0.000164	  0.704620	
  0.619510	  0.295749	  0.000141	  0.084600	
  0.888534	  0.069545	  0.000139	  0.041782	
  0.999584	  0.000139	  0.000139	  0.000139	
  0.000139	  0.957940	  0.000139	  0.041782	
  0.999572	  0.000143	  0.000143	  0.000143	
  0.660068	  0.132164	  0.056750	  0.151018	

URL http://cisbp.ccbr.utoronto.ca/TFreport.php?searchTF=T081686_1.02

MOTIF M0746_1.02 (ENSGALG00000024294)_(Mus_musculus)_(DBD_0.79)

letter-probability matrix: alength= 4 w= 12 nsites= 1 E= 0
  0.324414	  0.225195	  0.225195	  0.225195	
  0.394452	  0.201849	  0.201849	  0.201849	
  0.122778	  0.122778	  0.225799	  0.528646	
  0.432796	  0.048048	  0.471109	  0.048048	
  0.093391	  0.090381	  0.000221	  0.816007	
  0.897353	  0.102206	  0.000221	  0.000221	
  0.999338	  0.000221	  0.000221	  0.000221	
  0.999338	  0.000221	  0.000221	  0.000221	
  0.025025	  0.831754	  0.025025	  0.118195	
  0.854887	  0.048371	  0.048371	  0.048371	
  0.318752	  0.233808	  0.127443	  0.319997	
  0.393482	  0.202173	  0.202173	  0.202173	

URL http://cisbp.ccbr.utoronto.ca/TFreport.php?searchTF=T081709_1.02

MOTIF M0747_1.02 (Q7T269_CHICK)_(Mus_musculus)_(DBD_0.70)

letter-probability matrix: alength= 4 w= 10 nsites= 1 E= 0
  0.366283	  0.166235	  0.164581	  0.302901	
  0.345139	  0.171391	  0.195185	  0.288285	
  0.267836	  0.181340	  0.196443	  0.354381	
  0.346821	  0.108724	  0.419393	  0.125062	
  0.146969	  0.100507	  0.031824	  0.720700	
  0.700016	  0.254959	  0.000720	  0.044305	
  0.906192	  0.053477	  0.000316	  0.040015	
  0.934400	  0.000771	  0.023568	  0.041260	
  0.033048	  0.600627	  0.033381	  0.332944	
  0.853101	  0.047889	  0.045553	  0.053457	

URL http://cisbp.ccbr.utoronto.ca/TFreport.php?searchTF=T081701_1.02

MOTIF M0756_1.02 (FOXN3)_(Strongylocentrotus_purpuratus)_(DBD_0.44)

letter-probability matrix: alength= 4 w= 9 nsites= 1 E= 0
  0.233668	  0.224506	  0.348592	  0.193234	
  0.280037	  0.209542	  0.191507	  0.318914	
  0.404308	  0.290666	  0.110187	  0.194839	
  0.447462	  0.238314	  0.104961	  0.209263	
  0.768976	  0.018266	  0.173306	  0.039451	
  0.016176	  0.708777	  0.031930	  0.243117	
  0.578790	  0.107871	  0.169176	  0.144162	
  0.340778	  0.228430	  0.226157	  0.204635	
  0.301280	  0.239377	  0.210196	  0.249146	

URL http://cisbp.ccbr.utoronto.ca/TFreport.php?searchTF=T081694_1.02

MOTIF M0811_1.02 (Q6UEJ0_CHICK)_(Meleagris_gallopavo)_(DBD_0.98)

letter-probability matrix: alength= 4 w= 10 nsites= 1 E= 0
  0.464672	  0.213008	  0.221701	  0.100618	
  0.122995	  0.125480	  0.084957	  0.666569	
  0.301925	  0.192516	  0.497790	  0.007769	
  0.167055	  0.496868	  0.202012	  0.134065	
  0.108676	  0.083795	  0.619166	  0.188363	
  0.015822	  0.007857	  0.935816	  0.040505	
  0.027749	  0.008111	  0.937480	  0.026661	
  0.110029	  0.337222	  0.124057	  0.428693	
  0.298513	  0.218943	  0.256932	  0.225611	
  0.223835	  0.287409	  0.262672	  0.226084	

URL http://cisbp.ccbr.utoronto.ca/TFreport.php?searchTF=T086749_1.02

MOTIF M0814_1.02 (Q5TLZ8_CHICK)_(Taeniopygia_guttata)_(DBD_0.96)

letter-probability matrix: alength= 4 w= 10 nsites= 1 E= 0
  0.251964	  0.226087	  0.260019	  0.261929	
  0.599195	  0.086529	  0.217084	  0.097192	
  0.099117	  0.079085	  0.011453	  0.810345	
  0.367317	  0.123812	  0.486191	  0.022680	
  0.143108	  0.579718	  0.095589	  0.181585	
  0.142530	  0.040351	  0.641437	  0.175682	
  0.068225	  0.000013	  0.851459	  0.080303	
  0.063423	  0.000001	  0.912600	  0.023976	
  0.125008	  0.263672	  0.029853	  0.581467	
  0.359993	  0.181878	  0.215370	  0.242759	

URL http://cisbp.ccbr.utoronto.ca/TFreport.php?searchTF=T086748_1.02

MOTIF M0820_1.02 TFCP2_CHICK

letter-probability matrix: alength= 4 w= 9 nsites= 1 E= 0
  0.009615	  0.009615	  0.009615	  0.971154	
  0.985294	  0.004902	  0.004902	  0.004902	
  0.985294	  0.004902	  0.004902	  0.004902	
  0.004902	  0.985294	  0.004902	  0.004902	
  0.004902	  0.985294	  0.004902	  0.004902	
  0.004902	  0.004902	  0.985294	  0.004902	
  0.004902	  0.004902	  0.985294	  0.004902	
  0.004902	  0.004902	  0.004902	  0.985294	
  0.009615	  0.009615	  0.009615	  0.971154	

URL http://cisbp.ccbr.utoronto.ca/TFreport.php?searchTF=T087295_1.02

MOTIF M0888_1.02 (NOBOX)_(Homo_sapiens)_(DBD_0.81)

letter-probability matrix: alength= 4 w= 10 nsites= 1 E= 0
  0.210009	  0.307093	  0.264318	  0.218580	
  0.229725	  0.241503	  0.168491	  0.360281	
  0.219200	  0.167332	  0.063433	  0.550035	
  0.490926	  0.121061	  0.216219	  0.171794	
  0.861810	  0.024024	  0.048864	  0.065303	
  0.070986	  0.119401	  0.129345	  0.680268	
  0.138026	  0.117618	  0.179010	  0.565347	
  0.336039	  0.093431	  0.481655	  0.088875	
  0.244137	  0.214375	  0.364209	  0.177279	
  0.224703	  0.291424	  0.195348	  0.288525	

URL http://cisbp.ccbr.utoronto.ca/TFreport.php?searchTF=T093796_1.02

MOTIF M0892_1.02 (EMX1)_(Homo_sapiens)_(DBD_0.98)

letter-probability matrix: alength= 4 w= 10 nsites= 1 E= 0
  0.278360	  0.307636	  0.270133	  0.143871	
  0.130958	  0.409474	  0.130958	  0.328611	
  0.077310	  0.078087	  0.009280	  0.835324	
  0.925286	  0.017995	  0.039256	  0.017463	
  0.972774	  0.002586	  0.004350	  0.020290	
  0.033715	  0.021284	  0.021714	  0.923288	
  0.073569	  0.045070	  0.298338	  0.583023	
  0.719299	  0.017607	  0.216649	  0.046445	
  0.170597	  0.357560	  0.323534	  0.148310	
  0.162911	  0.348349	  0.209182	  0.279557	

URL http://cisbp.ccbr.utoronto.ca/TFreport.php?searchTF=T093786_1.02

MOTIF M0904_1.02 (HOXA10)_(Mus_musculus)_(DBD_0.98)

letter-probability matrix: alength= 4 w= 9 nsites= 1 E= 0
  0.187731	  0.158382	  0.173298	  0.480589	
  0.167569	  0.131814	  0.115745	  0.584872	
  0.349023	  0.092309	  0.110514	  0.448155	
  0.651686	  0.088196	  0.113246	  0.146872	
  0.112866	  0.256262	  0.099107	  0.531765	
  0.157200	  0.146572	  0.349855	  0.346373	
  0.360306	  0.132549	  0.322774	  0.184371	
  0.161159	  0.348065	  0.238028	  0.252747	
  0.234266	  0.294847	  0.234266	  0.236621	

URL http://cisbp.ccbr.utoronto.ca/TFreport.php?searchTF=T093805_1.02

MOTIF M0905_1.02 (HXA4_CHICK)_(Mus_musculus)_(DBD_1.00)

letter-probability matrix: alength= 4 w= 9 nsites= 1 E= 0
  0.196847	  0.282147	  0.169428	  0.351577	
  0.155907	  0.072187	  0.051897	  0.720008	
  0.696670	  0.087035	  0.095232	  0.121063	
  0.798358	  0.042630	  0.032219	  0.126793	
  0.067221	  0.146641	  0.081287	  0.704851	
  0.114380	  0.141109	  0.368533	  0.375978	
  0.447955	  0.095078	  0.322046	  0.134922	
  0.226418	  0.284970	  0.217540	  0.271072	
  0.214998	  0.296080	  0.212859	  0.276063	

URL http://cisbp.ccbr.utoronto.ca/TFreport.php?searchTF=T093756_1.02

MOTIF M0907_1.02 (Q9YI38_CHICK)_(Mus_musculus)_(DBD_0.98)

letter-probability matrix: alength= 4 w= 9 nsites= 1 E= 0
  0.260011	  0.244869	  0.186928	  0.308192	
  0.121246	  0.118845	  0.033711	  0.726198	
  0.700489	  0.000333	  0.270908	  0.028269	
  0.962122	  0.009292	  0.000107	  0.028478	
  0.024775	  0.111032	  0.068021	  0.796173	
  0.075798	  0.088950	  0.394680	  0.440572	
  0.541591	  0.066321	  0.277137	  0.114952	
  0.183583	  0.341268	  0.255359	  0.219789	
  0.201776	  0.326086	  0.199769	  0.272370	

URL http://cisbp.ccbr.utoronto.ca/TFreport.php?searchTF=T093694_1.02

MOTIF M0909_1.02 (Q98TY1_CHICK)_(Mus_musculus)_(DBD_0.98)

letter-probability matrix: alength= 4 w= 9 nsites= 1 E= 0
  0.268445	  0.240482	  0.255353	  0.235720	
  0.200643	  0.235457	  0.276312	  0.287588	
  0.315755	  0.080236	  0.258518	  0.345491	
  0.782420	  0.011733	  0.091139	  0.114708	
  0.101611	  0.743341	  0.043867	  0.111181	
  0.671433	  0.112103	  0.066647	  0.149817	
  0.308060	  0.244764	  0.116780	  0.330396	
  0.231796	  0.229489	  0.363528	  0.175187	
  0.271804	  0.243491	  0.248410	  0.236295	

URL http://cisbp.ccbr.utoronto.ca/TFreport.php?searchTF=T093769_1.02

MOTIF M0911_1.02 (Q9YHY7_CHICK)_(Mus_musculus)_(DBD_1.00)

letter-probability matrix: alength= 4 w= 10 nsites= 1 E= 0
  0.247073	  0.284202	  0.206373	  0.262352	
  0.149870	  0.075171	  0.040036	  0.734924	
  0.706549	  0.090958	  0.126519	  0.075974	
  0.851645	  0.008910	  0.044131	  0.095313	
  0.070692	  0.091682	  0.096383	  0.741243	
  0.120799	  0.217919	  0.226813	  0.434469	
  0.367812	  0.088905	  0.402450	  0.140833	
  0.215590	  0.296895	  0.274069	  0.213445	
  0.220651	  0.269503	  0.211999	  0.297847	
  0.238452	  0.238452	  0.243269	  0.279826	

URL http://cisbp.ccbr.utoronto.ca/TFreport.php?searchTF=T093722_1.02

MOTIF M0912_1.02 (HOXC13)_(Mus_musculus)_(DBD_0.98)

letter-probability matrix: alength= 4 w= 10 nsites= 1 E= 0
  0.228970	  0.253051	  0.279665	  0.238314	
  0.191994	  0.418829	  0.244072	  0.145106	
  0.132557	  0.356741	  0.070599	  0.440104	
