MEME version 4

ALPHABET= ACGT

strands: + -

Background letter frequencies (from uniform background):
A 0.25000 C 0.25000 G 0.25000 T 0.25000 

MOTIF M0015_1.02 (DRF1.3)_(Arabidopsis_thaliana)_(DBD_0.75)

letter-probability matrix: alength= 4 w= 9 nsites= 1 E= 0
  0.205690	  0.280443	  0.274890	  0.238978	
  0.219631	  0.420713	  0.181626	  0.178030	
  0.608067	  0.000074	  0.391617	  0.000242	
  0.020599	  0.948846	  0.026716	  0.003839	
  0.032289	  0.911179	  0.019390	  0.037142	
  0.064847	  0.000159	  0.855790	  0.079204	
  0.352874	  0.312971	  0.122255	  0.211899	
  0.215543	  0.381137	  0.150379	  0.252942	
  0.319425	  0.236636	  0.163453	  0.280486	

URL http://cisbp.ccbr.utoronto.ca/TFreport.php?searchTF=T002181_1.02

MOTIF M1211_1.02 (KNOX3_HORVU)_(Zea_mays)_(DBD_0.85)

letter-probability matrix: alength= 4 w= 8 nsites= 1 E= 0
  0.096272	  0.346080	  0.538240	  0.019408	
  0.347769	  0.565035	  0.029114	  0.058082	
  0.040112	  0.319963	  0.040112	  0.599813	
  0.000132	  0.000132	  0.999605	  0.000132	
  0.026433	  0.000132	  0.000132	  0.973304	
  0.000132	  0.986454	  0.013282	  0.000132	
  0.938038	  0.000154	  0.046279	  0.015529	
  0.285680	  0.333254	  0.119172	  0.261893	

URL http://cisbp.ccbr.utoronto.ca/TFreport.php?searchTF=T100351_1.02

MOTIF M1866_1.02 Gamyb

letter-probability matrix: alength= 4 w= 10 nsites= 1 E= 0
  0.000000	  0.040000	  0.760000	  0.200000	
  0.160000	  0.000000	  0.440000	  0.400000	
  0.000000	  0.760000	  0.000000	  0.240000	
  0.080000	  0.240000	  0.560000	  0.120000	
  0.000000	  0.000000	  0.960000	  0.040000	
  0.000000	  0.000000	  0.000000	  1.000000	
  0.000000	  0.040000	  0.040000	  0.920000	
  0.360000	  0.000000	  0.520000	  0.120000	
  0.120000	  0.280000	  0.200000	  0.400000	
  0.160000	  0.440000	  0.240000	  0.160000	

URL http://cisbp.ccbr.utoronto.ca/TFreport.php?searchTF=T121638_1.02

MOTIF M1909_1.02 (m8)_(Antirrhinum_majus)_(DBD_0.88)

letter-probability matrix: alength= 4 w= 14 nsites= 1 E= 0
  0.333333	  0.266667	  0.166667	  0.233333	
  0.133333	  0.100000	  0.066667	  0.700000	
  0.000000	  0.000000	  0.166667	  0.833333	
  0.333333	  0.033333	  0.166667	  0.466667	
  0.000000	  0.933333	  0.033333	  0.033333	
  0.000000	  0.500000	  0.033333	  0.466667	
  0.700000	  0.033333	  0.000000	  0.266667	
  0.166667	  0.000000	  0.033333	  0.800000	
  0.433333	  0.000000	  0.000000	  0.566667	
  0.233333	  0.000000	  0.000000	  0.766667	
  0.366667	  0.033333	  0.066667	  0.533333	
  0.066667	  0.133333	  0.000000	  0.800000	
  0.266667	  0.000000	  0.733333	  0.000000	
  0.133333	  0.033333	  0.466667	  0.366667	

URL http://cisbp.ccbr.utoronto.ca/TFreport.php?searchTF=T112043_1.02

MOTIF M2348_1.02 (m10)_(Arabidopsis_thaliana)_(DBD_0.82)

letter-probability matrix: alength= 4 w= 20 nsites= 1 E= 0
  0.304348	  0.260870	  0.228261	  0.206522	
  0.304348	  0.119565	  0.086957	  0.489130	
  0.304348	  0.010870	  0.108696	  0.576087	
  0.358696	  0.173913	  0.119565	  0.347826	
  0.076087	  0.923913	  0.000000	  0.000000	
  0.032609	  0.858696	  0.010870	  0.097826	
  0.630435	  0.173913	  0.076087	  0.119565	
  0.728261	  0.054348	  0.086957	  0.130435	
  0.934783	  0.000000	  0.000000	  0.065217	
  0.836957	  0.010870	  0.021739	  0.130435	
  0.847826	  0.086957	  0.032609	  0.032609	
  0.369565	  0.108696	  0.152174	  0.369565	
  0.173913	  0.000000	  0.804348	  0.021739	
  0.000000	  0.000000	  1.000000	  0.000000	
  0.771739	  0.108696	  0.000000	  0.119565	
  0.913043	  0.021739	  0.021739	  0.043478	
  0.836957	  0.076087	  0.021739	  0.065217	
  0.369565	  0.086957	  0.423913	  0.119565	
  0.543478	  0.173913	  0.054348	  0.228261	
  0.413043	  0.228261	  0.032609	  0.326087	

URL http://cisbp.ccbr.utoronto.ca/TFreport.php?searchTF=T112007_1.02

MOTIF M2356_1.02 (m9)_(Arabidopsis_thaliana)_(DBD_0.98)

letter-probability matrix: alength= 4 w= 11 nsites= 1 E= 0
  0.193333	  0.760000	  0.046667	  0.000000	
  0.020000	  0.920000	  0.000000	  0.060000	
  0.760000	  0.146667	  0.020000	  0.073333	
  0.780000	  0.160000	  0.000000	  0.060000	
  1.000000	  0.000000	  0.000000	  0.000000	
  0.840000	  0.033333	  0.000000	  0.126667	
  0.700000	  0.033333	  0.186667	  0.080000	
  0.486667	  0.000000	  0.000000	  0.513333	
  0.340000	  0.006667	  0.646667	  0.006667	
  0.100000	  0.033333	  0.740000	  0.126667	
  0.400000	  0.193333	  0.246667	  0.160000	

URL http://cisbp.ccbr.utoronto.ca/TFreport.php?searchTF=T112042_1.02

