MEME version 4

ALPHABET= ACGT

strands: + -

Background letter frequencies (from uniform background):
A 0.25000 C 0.25000 G 0.25000 T 0.25000 

MOTIF M0792_1.02 (KLTH0A03036g)_(Neurospora_crassa)_(DBD_0.86)

letter-probability matrix: alength= 4 w= 8 nsites= 1 E= 0
  0.246114	  0.263959	  0.251086	  0.238840	
  0.289615	  0.264688	  0.175661	  0.270036	
  0.101067	  0.108395	  0.696303	  0.094234	
  0.794489	  0.034733	  0.044598	  0.126179	
  0.025614	  0.062373	  0.046671	  0.865343	
  0.449630	  0.160521	  0.097361	  0.292488	
  0.295846	  0.232721	  0.265029	  0.206405	
  0.224078	  0.276441	  0.282025	  0.217456	

URL http://cisbp.ccbr.utoronto.ca/TFreport.php?searchTF=T086217_1.02

MOTIF M1218_1.02 (KLTH0F09636g)_(Kluyveromyces_lactis)_(DBD_0.84)

letter-probability matrix: alength= 4 w= 10 nsites= 1 E= 0
  0.231822	  0.269534	  0.267283	  0.231361	
  0.200699	  0.319573	  0.182522	  0.297206	
  0.339925	  0.217030	  0.204019	  0.239025	
  0.449614	  0.196016	  0.137032	  0.217338	
  0.233803	  0.072202	  0.130307	  0.563688	
  0.563688	  0.130307	  0.072202	  0.233803	
  0.217338	  0.137032	  0.196016	  0.449614	
  0.239025	  0.204019	  0.217030	  0.339925	
  0.297206	  0.182522	  0.319573	  0.200699	
  0.231361	  0.267283	  0.269534	  0.231822	

URL http://cisbp.ccbr.utoronto.ca/TFreport.php?searchTF=T103131_1.02

MOTIF M1877_1.02 (KLTH0F07568g)_(Pisum_sativum)_(DBD_0.52)

letter-probability matrix: alength= 4 w= 16 nsites= 1 E= 0
  0.214286	  0.357143	  0.285714	  0.142857	
  0.500000	  0.000000	  0.214286	  0.285714	
  0.642857	  0.071429	  0.071429	  0.214286	
  0.214286	  0.428571	  0.285714	  0.071429	
  0.785714	  0.000000	  0.214286	  0.000000	
  0.785714	  0.000000	  0.142857	  0.071429	
  0.785714	  0.000000	  0.142857	  0.071429	
  0.214286	  0.214286	  0.142857	  0.428571	
  0.285714	  0.071429	  0.571429	  0.071429	
  0.214286	  0.285714	  0.428571	  0.071429	
  0.571429	  0.357143	  0.071429	  0.000000	
  0.571429	  0.071429	  0.285714	  0.071429	
  0.642857	  0.000000	  0.142857	  0.214286	
  0.642857	  0.357143	  0.000000	  0.000000	
  0.785714	  0.000000	  0.214286	  0.000000	
  0.142857	  0.500000	  0.000000	  0.357143	

URL http://cisbp.ccbr.utoronto.ca/TFreport.php?searchTF=T008898_1.02

MOTIF M2118_1.02 (KLTH0G00880g)_(Saccharomyces_cerevisiae)_(DBD_0.95)

letter-probability matrix: alength= 4 w= 5 nsites= 1 E= 0
  0.000000	  0.000000	  0.000000	  1.000000	
  0.000000	  0.000000	  0.010160	  0.989840	
  0.005578	  0.000000	  0.994422	  0.000000	
  0.000000	  0.000000	  0.998223	  0.001777	
  0.158006	  0.378979	  0.030665	  0.432350	

URL http://cisbp.ccbr.utoronto.ca/TFreport.php?searchTF=T070760_1.02

MOTIF M4199_1.02 (KLTH0C05544g)_(Saccharomyces_cerevisiae)_(DBD_0.70)

letter-probability matrix: alength= 4 w= 11 nsites= 1 E= 0
  0.184000	  0.252000	  0.295000	  0.269000	
  0.535000	  0.090000	  0.247000	  0.128000	
  0.033000	  0.039000	  0.040000	  0.888000	
  0.047047	  0.219219	  0.584585	  0.149149	
  0.809191	  0.092907	  0.039960	  0.057942	
  0.005005	  0.969970	  0.003003	  0.022022	
  0.040000	  0.067000	  0.156000	  0.737000	
  0.055000	  0.780000	  0.102000	  0.063000	
  0.525000	  0.102000	  0.159000	  0.214000	
  0.021000	  0.275000	  0.123000	  0.581000	
  0.206000	  0.356000	  0.143000	  0.295000	

URL http://cisbp.ccbr.utoronto.ca/TFreport.php?searchTF=T021116_1.02

MOTIF M4208_1.02 (KLTH0E13156g)_(Saccharomyces_cerevisiae)_(DBD_0.86)

letter-probability matrix: alength= 4 w= 21 nsites= 1 E= 0
  0.261529	  0.229270	  0.172952	  0.336249	
  0.168474	  0.201074	  0.381034	  0.249418	
  0.097684	  0.455860	  0.290116	  0.156340	
  0.269202	  0.101553	  0.104155	  0.525089	
  0.279409	  0.271500	  0.275034	  0.174056	
  0.393314	  0.146775	  0.262911	  0.196999	
  0.130193	  0.147261	  0.085376	  0.637170	
  0.402545	  0.060597	  0.041016	  0.495841	
  0.097427	  0.234068	  0.033912	  0.634593	
  0.750868	  0.125165	  0.046003	  0.077965	
  0.865617	  0.018378	  0.018798	  0.097207	
  0.097207	  0.018798	  0.018378	  0.865617	
  0.077965	  0.046003	  0.125165	  0.750868	
  0.634593	  0.033912	  0.234068	  0.097427	
  0.350237	  0.112232	  0.128639	  0.408892	
  0.637170	  0.085376	  0.147261	  0.130193	
  0.149412	  0.047445	  0.623403	  0.179740	
  0.201987	  0.158587	  0.554009	  0.085417	
  0.196195	  0.137159	  0.097629	  0.569017	
  0.356039	  0.265821	  0.188299	  0.189841	
  0.409458	  0.235182	  0.244325	  0.111035	

URL http://cisbp.ccbr.utoronto.ca/TFreport.php?searchTF=T112921_1.02

MOTIF M4210_1.02 (KLTH0H05720g)_(Saccharomyces_cerevisiae)_(DBD_0.82)

letter-probability matrix: alength= 4 w= 20 nsites= 1 E= 0
  0.178000	  0.276000	  0.381000	  0.165000	
  0.164000	  0.659000	  0.046000	  0.131000	
  0.146853	  0.153846	  0.568432	  0.130869	
  0.071000	  0.135000	  0.613000	  0.181000	
  0.321321	  0.160160	  0.359359	  0.159159	
  0.180000	  0.222000	  0.148000	  0.450000	
  0.155000	  0.233000	  0.276000	  0.336000	
  0.111000	  0.185000	  0.298000	  0.406000	
  0.188000	  0.213000	  0.188000	  0.411000	
  0.160000	  0.200000	  0.265000	  0.375000	
  0.106106	  0.224224	  0.198198	  0.471471	
  0.092092	  0.144144	  0.496496	  0.267267	
  0.241241	  0.243243	  0.311311	  0.204204	
  0.370000	  0.184000	  0.291000	  0.155000	
  0.149000	  0.465000	  0.167000	  0.219000	
  0.242000	  0.208000	  0.300000	  0.250000	
  0.121000	  0.747000	  0.058000	  0.074000	
  0.089089	  0.726727	  0.076076	  0.108108	
  0.014000	  0.042000	  0.878000	  0.066000	
  0.205000	  0.242000	  0.098000	  0.455000	

URL http://cisbp.ccbr.utoronto.ca/TFreport.php?searchTF=T166076_1.02

MOTIF M4217_1.02 (KLTH0A06534g)_(Saccharomyces_cerevisiae)_(DBD_0.60)

letter-probability matrix: alength= 4 w= 8 nsites= 1 E= 0
  0.513075	  0.160895	  0.248858	  0.077172	
  0.272549	  0.076780	  0.041351	  0.609320	
  0.670106	  0.315845	  0.006581	  0.007468	
  0.946809	  0.053191	  0.000000	  0.000000	
  1.000000	  0.000000	  0.000000	  0.000000	
  0.007021	  0.855953	  0.004388	  0.132638	
  0.950104	  0.017114	  0.015356	  0.017426	
  0.580308	  0.170674	  0.108697	  0.140321	

URL http://cisbp.ccbr.utoronto.ca/TFreport.php?searchTF=T083501_1.02

MOTIF M4228_1.02 (KLTH0C07480g)_(Saccharomyces_cerevisiae)_(DBD_0.80)

letter-probability matrix: alength= 4 w= 15 nsites= 1 E= 0
  0.600000	  0.000000	  0.000000	  0.400000	
  0.600000	  0.000000	  0.000000	  0.400000	
  0.000000	  0.000000	  0.000000	  1.000000	
  0.100000	  0.000000	  0.100000	  0.800000	
  0.000000	  1.000000	  0.000000	  0.000000	
  0.000000	  1.000000	  0.000000	  0.000000	
  0.400000	  0.100000	  0.500000	  0.000000	
  0.200000	  0.300000	  0.400000	  0.100000	
  0.100000	  0.600000	  0.000000	  0.300000	
  0.000000	  0.000000	  1.000000	  0.000000	
  0.000000	  0.000000	  1.000000	  0.000000	
  0.600000	  0.100000	  0.200000	  0.100000	
  0.900000	  0.000000	  0.000000	  0.100000	
  0.300000	  0.000000	  0.100000	  0.600000	
  0.200000	  0.200000	  0.000000	  0.600000	

URL http://cisbp.ccbr.utoronto.ca/TFreport.php?searchTF=T166033_1.02

MOTIF M4230_1.02 (KLTH0C07172g)_(Saccharomyces_cerevisiae)_(DBD_0.76)

letter-probability matrix: alength= 4 w= 7 nsites= 1 E= 0
  0.732659	  0.061211	  0.139365	  0.066764	
  0.008657	  0.003863	  0.980637	  0.006844	
  0.025744	  0.009533	  0.960008	  0.004715	
  0.028381	  0.009908	  0.935487	  0.026224	
  0.105717	  0.019929	  0.004239	  0.870115	
  0.059933	  0.803422	  0.034584	  0.102061	
  0.018447	  0.683620	  0.041876	  0.256057	

URL http://cisbp.ccbr.utoronto.ca/TFreport.php?searchTF=T068482_1.02

MOTIF M4233_1.02 (KLTH0G14454g)_(Saccharomyces_cerevisiae)_(DBD_0.90)

letter-probability matrix: alength= 4 w= 9 nsites= 1 E= 0
  0.300733	  0.183374	  0.193154	  0.322738	
  0.273839	  0.156479	  0.110024	  0.459658	
  0.317848	  0.151589	  0.044010	  0.486553	
  1.000000	  0.000000	  0.000000	  0.000000	
  0.127139	  0.000000	  0.872861	  0.000000	
  0.000000	  0.000000	  1.000000	  0.000000	
  0.000000	  0.000000	  1.000000	  0.000000	
  0.029340	  0.000000	  0.970660	  0.000000	
  0.251834	  0.124694	  0.215159	  0.408313	

URL http://cisbp.ccbr.utoronto.ca/TFreport.php?searchTF=T068497_1.02

MOTIF M4237_1.02 (KLTH0F08074g)_(Saccharomyces_cerevisiae)_(DBD_0.76)

letter-probability matrix: alength= 4 w= 9 nsites= 1 E= 0
  0.125000	  0.187500	  0.125000	  0.562500	
  0.421875	  0.046875	  0.109375	  0.421875	
  0.390625	  0.078125	  0.515625	  0.015625	
  0.000000	  0.812500	  0.187500	  0.000000	
  0.000000	  1.000000	  0.000000	  0.000000	
  0.000000	  0.000000	  1.000000	  0.000000	
  0.000000	  1.000000	  0.000000	  0.000000	
  0.031250	  0.218750	  0.656250	  0.093750	
  0.187500	  0.187500	  0.437500	  0.187500	

URL http://cisbp.ccbr.utoronto.ca/TFreport.php?searchTF=T166064_1.02

MOTIF M4238_1.02 (KLTH0F07854g)_(Saccharomyces_cerevisiae)_(DBD_0.78)

letter-probability matrix: alength= 4 w= 7 nsites= 1 E= 0
  0.156931	  0.252915	  0.194150	  0.396005	
  0.593216	  0.027584	  0.289317	  0.089883	
  0.378413	  0.003065	  0.002980	  0.615542	
  1.000000	  0.000000	  0.000000	  0.000000	
  0.000000	  1.000000	  0.000000	  0.000000	
  0.005119	  0.004597	  0.985720	  0.004564	
  0.828454	  0.049279	  0.085756	  0.036511	

URL http://cisbp.ccbr.utoronto.ca/TFreport.php?searchTF=T166063_1.02

MOTIF M4240_1.02 (KLTH0E11330g)_(Saccharomyces_cerevisiae)_(DBD_0.79)

letter-probability matrix: alength= 4 w= 8 nsites= 1 E= 0
  0.149579	  0.113163	  0.070576	  0.666681	
  0.084934	  0.000888	  0.887596	  0.026582	
  0.045697	  0.041194	  0.013738	  0.899371	
  0.000997	  0.000997	  0.997009	  0.000997	
  0.000793	  0.101753	  0.792847	  0.104608	
  0.187352	  0.603413	  0.093865	  0.115371	
  0.440019	  0.021210	  0.348251	  0.190519	
  0.080985	  0.408432	  0.236464	  0.274119	

URL http://cisbp.ccbr.utoronto.ca/TFreport.php?searchTF=T068492_1.02

MOTIF M4255_1.02 (KLTH0F12760g)_(Saccharomyces_cerevisiae)_(DBD_0.72)

letter-probability matrix: alength= 4 w= 8 nsites= 1 E= 0
  0.538827	  0.103527	  0.357108	  0.000539	
  0.000997	  0.000997	  0.000997	  0.997009	
  0.000972	  0.000972	  0.972361	  0.025695	
  0.997009	  0.000997	  0.000997	  0.000997	
  0.000719	  0.719011	  0.275700	  0.004570	
  0.091972	  0.022445	  0.000885	  0.884699	
  0.105908	  0.888764	  0.000889	  0.004440	
  0.810068	  0.023153	  0.106526	  0.060253	

URL http://cisbp.ccbr.utoronto.ca/TFreport.php?searchTF=T031031_1.02

MOTIF M4257_1.02 (KLTH0G01320g)_(Saccharomyces_cerevisiae)_(DBD_0.89)

letter-probability matrix: alength= 4 w= 5 nsites= 1 E= 0
  0.000454	  0.000454	  0.998639	  0.000454	
  0.998639	  0.000454	  0.000454	  0.000454	
  0.000454	  0.000454	  0.000454	  0.998639	
  0.742740	  0.000454	  0.000454	  0.256352	
  0.613884	  0.000454	  0.269056	  0.116606	

URL http://cisbp.ccbr.utoronto.ca/TFreport.php?searchTF=T086222_1.02

MOTIF M4262_1.02 (KLTH0B05016g)_(Saccharomyces_cerevisiae)_(DBD_0.89)

letter-probability matrix: alength= 4 w= 21 nsites= 1 E= 0
  0.462263	  0.202929	  0.149311	  0.185498	
  0.290928	  0.183845	  0.371599	  0.153628	
  0.192039	  0.208726	  0.435699	  0.163536	
  0.441559	  0.072002	  0.298287	  0.188153	
  0.202524	  0.252107	  0.265192	  0.280176	
  0.022830	  0.177568	  0.575758	  0.223844	
  0.078296	  0.876172	  0.009336	  0.036196	
  0.028924	  0.001330	  0.968835	  0.000910	
  0.969672	  0.027763	  0.000889	  0.001676	
  0.025509	  0.001352	  0.000614	  0.972526	
  0.002967	  0.004978	  0.990720	  0.001336	
  0.858305	  0.083356	  0.052292	  0.006046	
  0.003229	  0.197676	  0.770071	  0.029024	
  0.107392	  0.392358	  0.420594	  0.079656	
  0.285422	  0.138431	  0.059725	  0.516422	
  0.232053	  0.145553	  0.480552	  0.141841	
  0.273927	  0.400493	  0.085783	  0.239797	
  0.351407	  0.268092	  0.249399	  0.131102	
  0.287739	  0.223748	  0.332067	  0.156446	
  0.289536	  0.266069	  0.250238	  0.194157	
  0.354280	  0.231491	  0.135779	  0.278449	

URL http://cisbp.ccbr.utoronto.ca/TFreport.php?searchTF=T126462_1.02

MOTIF M4265_1.02 (KLTH0E06688g)_(Saccharomyces_cerevisiae)_(DBD_0.87)

letter-probability matrix: alength= 4 w= 9 nsites= 1 E= 0
  0.336788	  0.051813	  0.290155	  0.321244	
  0.751296	  0.036269	  0.000000	  0.212435	
  0.316062	  0.082902	  0.000000	  0.601036	
  1.000000	  0.000000	  0.000000	  0.000000	
  0.000000	  0.000000	  1.000000	  0.000000	
  0.000000	  0.000000	  1.000000	  0.000000	
  0.088083	  0.000000	  0.911917	  0.000000	
  0.020725	  0.005181	  0.974094	  0.000000	
  0.129534	  0.233161	  0.290155	  0.347150	

URL http://cisbp.ccbr.utoronto.ca/TFreport.php?searchTF=T068489_1.02

MOTIF M4266_1.02 (KLTH0H07502g)_(Saccharomyces_cerevisiae)_(DBD_0.98)

letter-probability matrix: alength= 4 w= 21 nsites= 1 E= 0
  0.277896	  0.250994	  0.386874	  0.084236	
  0.337701	  0.191203	  0.147499	  0.323596	
  0.253161	  0.345476	  0.088062	  0.313301	
  0.160289	  0.200315	  0.154575	  0.484821	
  0.545495	  0.139664	  0.154641	  0.160199	
  0.115326	  0.098646	  0.701617	  0.084410	
  0.287085	  0.198825	  0.266325	  0.247765	
  0.332186	  0.110816	  0.027332	  0.529666	
  0.907072	  0.007916	  0.025927	  0.059085	
  0.012689	  0.007855	  0.023849	  0.955608	
  0.981186	  0.002417	  0.004390	  0.012006	
  0.038291	  0.001865	  0.005177	  0.954667	
  0.970929	  0.002253	  0.006019	  0.020798	
  0.044741	  0.004462	  0.003313	  0.947483	
  0.883835	  0.010075	  0.024913	  0.081177	
  0.186324	  0.062165	  0.094376	  0.657135	
  0.264806	  0.122748	  0.129197	  0.483248	
  0.137280	  0.380802	  0.369687	  0.112231	
  0.266096	  0.228247	  0.383999	  0.121658	
  0.350006	  0.176397	  0.172576	  0.301021	
  0.248908	  0.193837	  0.270884	  0.286371	

URL http://cisbp.ccbr.utoronto.ca/TFreport.php?searchTF=T150958_1.02

MOTIF M4271_1.02 (KLTH0G18568g)_(Saccharomyces_cerevisiae)_(DBD_0.57)

letter-probability matrix: alength= 4 w= 12 nsites= 1 E= 0
  0.515737	  0.048552	  0.135243	  0.300467	
  0.202883	  0.055139	  0.546926	  0.195052	
  0.100050	  0.000885	  0.884810	  0.014255	
  0.739152	  0.243117	  0.000741	  0.016990	
  0.028217	  0.918421	  0.000919	  0.052443	
  0.979716	  0.000980	  0.000980	  0.018325	
  0.000972	  0.970252	  0.007485	  0.021291	
  0.067383	  0.062527	  0.869221	  0.000869	
  0.085060	  0.087673	  0.101073	  0.726194	
  0.563717	  0.120622	  0.254631	  0.061029	
  0.087230	  0.278291	  0.061829	  0.572651	
  0.199688	  0.313834	  0.377010	  0.109468	

URL http://cisbp.ccbr.utoronto.ca/TFreport.php?searchTF=T031034_1.02

MOTIF M4274_1.02 (KLTH0E04664g)_(Saccharomyces_cerevisiae)_(DBD_0.61)

letter-probability matrix: alength= 4 w= 8 nsites= 1 E= 0
  0.228126	  0.350295	  0.421228	  0.000350	
  0.127079	  0.871179	  0.000871	  0.000871	
  0.924038	  0.017662	  0.011170	  0.047130	
  0.000957	  0.957454	  0.002075	  0.039513	
  0.065712	  0.003547	  0.929810	  0.000930	
  0.050428	  0.063525	  0.016160	  0.869887	
  0.008929	  0.022217	  0.785624	  0.183230	
  0.093794	  0.291660	  0.154159	  0.460386	

URL http://cisbp.ccbr.utoronto.ca/TFreport.php?searchTF=T021121_1.02

MOTIF M4276_1.02 (KLTH0H09196g)_(Saccharomyces_cerevisiae)_(DBD_0.83)

letter-probability matrix: alength= 4 w= 7 nsites= 1 E= 0
  0.071259	  0.298663	  0.583022	  0.047056	
  0.007434	  0.498571	  0.033741	  0.460255	
  0.000000	  0.000000	  1.000000	  0.000000	
  0.000000	  0.000000	  1.000000	  0.000000	
  0.000000	  0.000000	  1.000000	  0.000000	
  0.008921	  0.011618	  0.969378	  0.010083	
  0.179476	  0.146057	  0.353710	  0.320756	

URL http://cisbp.ccbr.utoronto.ca/TFreport.php?searchTF=T068499_1.02

MOTIF M4279_1.02 (KLTH0H04290g)_(Saccharomyces_cerevisiae)_(DBD_0.77)

letter-probability matrix: alength= 4 w= 8 nsites= 1 E= 0
  0.040000	  0.103000	  0.047000	  0.810000	
  0.010000	  0.021000	  0.025000	  0.944000	
  0.036000	  0.939000	  0.021000	  0.004000	
  0.001998	  0.001998	  0.002997	  0.993007	
  0.740000	  0.059000	  0.178000	  0.023000	
  0.029029	  0.033033	  0.733734	  0.204204	
  0.979000	  0.013000	  0.006000	  0.002000	
  0.844000	  0.057000	  0.045000	  0.054000	

URL http://cisbp.ccbr.utoronto.ca/TFreport.php?searchTF=T107195_1.02

MOTIF M4291_1.02 (KLTH0G01826g)_(Saccharomyces_cerevisiae)_(DBD_0.77)

letter-probability matrix: alength= 4 w= 7 nsites= 1 E= 0
  0.154035	  0.241668	  0.242841	  0.361456	
  0.058427	  0.130212	  0.765757	  0.045604	
  0.012397	  0.520648	  0.107529	  0.359426	
  0.000000	  0.000000	  1.000000	  0.000000	
  0.000000	  0.000000	  1.000000	  0.000000	
  0.000000	  0.000000	  1.000000	  0.000000	
  0.012397	  0.016223	  0.957087	  0.014293	

URL http://cisbp.ccbr.utoronto.ca/TFreport.php?searchTF=T068494_1.02

MOTIF M4308_1.02 (KLTH0A04444g)_(Saccharomyces_cerevisiae)_(DBD_0.74)

letter-probability matrix: alength= 4 w= 16 nsites= 1 E= 0
  1.000000	  0.000000	  0.000000	  0.000000	
  1.000000	  0.000000	  0.000000	  0.000000	
  0.000000	  0.000000	  0.000000	  1.000000	
  0.000000	  1.000000	  0.000000	  0.000000	
  1.000000	  0.000000	  0.000000	  0.000000	
  0.250000	  0.250000	  0.250000	  0.250000	
  0.250000	  0.250000	  0.250000	  0.250000	
  0.250000	  0.250000	  0.250000	  0.250000	
  0.250000	  0.250000	  0.250000	  0.250000	
  0.250000	  0.250000	  0.250000	  0.250000	
  0.250000	  0.250000	  0.250000	  0.250000	
  0.250000	  0.250000	  0.250000	  0.250000	
  0.250000	  0.250000	  0.250000	  0.250000	
  0.000000	  0.000000	  0.000000	  1.000000	
  0.000000	  0.000000	  1.000000	  0.000000	
  1.000000	  0.000000	  0.000000	  0.000000	

URL http://cisbp.ccbr.utoronto.ca/TFreport.php?searchTF=T153825_1.02

MOTIF M4310_1.02 (KLTH0G09108g)_(Saccharomyces_cerevisiae)_(DBD_0.89)

letter-probability matrix: alength= 4 w= 6 nsites= 1 E= 0
  0.470670	  0.001397	  0.001397	  0.526536	
  0.001397	  0.163408	  0.113128	  0.722067	
  0.001397	  0.995810	  0.001397	  0.001397	
  0.001397	  0.995810	  0.001397	  0.001397	
  0.001397	  0.001397	  0.995810	  0.001397	
  0.241620	  0.001397	  0.755587	  0.001397	

URL http://cisbp.ccbr.utoronto.ca/TFreport.php?searchTF=T166069_1.02

MOTIF M4317_1.02 (KLTH0D03564g)_(Saccharomyces_cerevisiae)_(DBD_0.78)

letter-probability matrix: alength= 4 w= 13 nsites= 1 E= 0
  0.055000	  0.280000	  0.081000	  0.584000	
  0.005000	  0.931000	  0.043000	  0.021000	
  0.043000	  0.697000	  0.205000	  0.055000	
  0.596404	  0.037962	  0.282717	  0.082917	
  0.089910	  0.068931	  0.188811	  0.652348	
  0.123000	  0.135000	  0.159000	  0.583000	
  0.412000	  0.269000	  0.182000	  0.137000	
  0.507000	  0.073000	  0.358000	  0.062000	
  0.157000	  0.170000	  0.417000	  0.256000	
  0.012000	  0.946000	  0.017000	  0.025000	
  0.020979	  0.913087	  0.033966	  0.031968	
  0.012000	  0.030000	  0.945000	  0.013000	
  0.377000	  0.140000	  0.329000	  0.154000	

URL http://cisbp.ccbr.utoronto.ca/TFreport.php?searchTF=T166041_1.02

MOTIF M4320_1.02 (KLTH0E15488g)_(Saccharomyces_cerevisiae)_(DBD_0.83)

letter-probability matrix: alength= 4 w= 6 nsites= 1 E= 0
  0.011904	  0.011904	  0.964289	  0.011904	
  0.964289	  0.011904	  0.011904	  0.011904	
  0.011904	  0.011904	  0.011904	  0.964289	
  0.964289	  0.011904	  0.011904	  0.011904	
  0.964289	  0.011904	  0.011904	  0.011904	
  0.011904	  0.011904	  0.964289	  0.011904	

URL http://cisbp.ccbr.utoronto.ca/TFreport.php?searchTF=T086221_1.02

MOTIF M4322_1.02 (KLTH0C02640g)_(Saccharomyces_cerevisiae)_(DBD_0.86)

letter-probability matrix: alength= 4 w= 8 nsites= 1 E= 0
  0.158101	  0.347706	  0.234064	  0.260129	
  0.054198	  0.943914	  0.000944	  0.000944	
  0.851276	  0.039799	  0.041101	  0.067825	
  0.008522	  0.707117	  0.049200	  0.235161	
  0.177276	  0.148503	  0.666920	  0.007302	
  0.144402	  0.101783	  0.043273	  0.710542	
  0.025363	  0.069058	  0.748548	  0.157031	
  0.394569	  0.153235	  0.157514	  0.294683	

URL http://cisbp.ccbr.utoronto.ca/TFreport.php?searchTF=T021115_1.02

MOTIF M4330_1.02 (KLTH0D08734g)_(Saccharomyces_cerevisiae)_(DBD_0.85)

letter-probability matrix: alength= 4 w= 5 nsites= 1 E= 0
  0.831197	  0.002137	  0.164530	  0.002137	
  0.002137	  0.002137	  0.993590	  0.002137	
  0.002137	  0.002137	  0.993590	  0.002137	
  0.002137	  0.002137	  0.993590	  0.002137	
  0.002137	  0.002137	  0.985043	  0.010684	

URL http://cisbp.ccbr.utoronto.ca/TFreport.php?searchTF=T068485_1.02

MOTIF M4333_1.02 (KLTH0D15136g)_(Saccharomyces_cerevisiae)_(DBD_0.84)

letter-probability matrix: alength= 4 w= 5 nsites= 1 E= 0
  1.000000	  0.000000	  0.000000	  0.000000	
  0.000000	  0.000000	  0.000000	  1.000000	
  0.000000	  1.000000	  0.000000	  0.000000	
  1.000000	  0.000000	  0.000000	  0.000000	
  0.500000	  0.000000	  0.500000	  0.000000	

URL http://cisbp.ccbr.utoronto.ca/TFreport.php?searchTF=T086219_1.02

MOTIF M4342_1.02 (KLTH0G12254g)_(Saccharomyces_cerevisiae)_(DBD_0.79)

letter-probability matrix: alength= 4 w= 8 nsites= 1 E= 0
  0.230709	  0.200411	  0.176385	  0.392495	
  0.023082	  0.001118	  0.956554	  0.019246	
  0.001067	  0.974762	  0.016990	  0.007181	
  0.000923	  0.000923	  0.075039	  0.923115	
  0.039001	  0.000909	  0.909061	  0.051029	
  0.000870	  0.070845	  0.869761	  0.058524	
  0.001422	  0.245949	  0.258048	  0.494582	
  0.159384	  0.411978	  0.102421	  0.326216	

URL http://cisbp.ccbr.utoronto.ca/TFreport.php?searchTF=T068496_1.02

MOTIF M4343_1.02 (KLTH0H12144g)_(Saccharomyces_cerevisiae)_(DBD_0.78)

letter-probability matrix: alength= 4 w= 16 nsites= 1 E= 0
  0.088000	  0.066000	  0.637000	  0.209000	
  0.062000	  0.064000	  0.851000	  0.023000	
  0.030000	  0.113000	  0.052000	  0.805000	
  0.239000	  0.048000	  0.062000	  0.651000	
  0.200200	  0.127127	  0.624625	  0.048048	
  0.007007	  0.752753	  0.012012	  0.228228	
  0.038000	  0.702000	  0.054000	  0.206000	
  0.646000	  0.055000	  0.207000	  0.092000	
  0.027000	  0.190000	  0.060000	  0.723000	
  0.223000	  0.029000	  0.718000	  0.030000	
  0.215000	  0.199000	  0.535000	  0.051000	
  0.084000	  0.660000	  0.022000	  0.234000	
  0.616617	  0.109109	  0.240240	  0.034034	
  0.871000	  0.013000	  0.102000	  0.014000	
  0.083000	  0.749000	  0.109000	  0.059000	
  0.078000	  0.181000	  0.694000	  0.047000	

URL http://cisbp.ccbr.utoronto.ca/TFreport.php?searchTF=T139175_1.02

MOTIF M4346_1.02 (KLTH0H11572g)_(Saccharomyces_cerevisiae)_(DBD_0.95)

letter-probability matrix: alength= 4 w= 11 nsites= 1 E= 0
  0.035964	  0.615385	  0.328671	  0.019980	
  0.008000	  0.960000	  0.007000	  0.025000	
  0.007000	  0.004000	  0.973000	  0.016000	
  0.499000	  0.103000	  0.172000	  0.226000	
  0.107107	  0.009009	  0.012012	  0.871872	
  0.832000	  0.040000	  0.062000	  0.066000	
  0.292000	  0.012000	  0.033000	  0.663000	
  0.111000	  0.242000	  0.064000	  0.583000	
  0.091908	  0.075924	  0.252747	  0.579421	
  0.007000	  0.948000	  0.021000	  0.024000	
  0.017000	  0.955000	  0.019000	  0.009000	

URL http://cisbp.ccbr.utoronto.ca/TFreport.php?searchTF=T166078_1.02

MOTIF M4352_1.02 (KLTH0F18392g)_(Saccharomyces_cerevisiae)_(DBD_0.84)

letter-probability matrix: alength= 4 w= 10 nsites= 1 E= 0
  0.022314	  0.657563	  0.295462	  0.024661	
  0.006604	  0.980187	  0.006604	  0.006604	
  0.022796	  0.004452	  0.660673	  0.312080	
  0.172038	  0.232227	  0.395855	  0.199880	
  0.224192	  0.166086	  0.142951	  0.466771	
  0.466771	  0.142951	  0.166086	  0.224192	
  0.199880	  0.395855	  0.232227	  0.172038	
  0.312080	  0.660673	  0.004452	  0.022796	
  0.006604	  0.006604	  0.980187	  0.006604	
  0.024661	  0.295462	  0.657563	  0.022314	

URL http://cisbp.ccbr.utoronto.ca/TFreport.php?searchTF=T166066_1.02

MOTIF M4353_1.02 (KLTH0G03784g)_(Saccharomyces_cerevisiae)_(DBD_0.61)

letter-probability matrix: alength= 4 w= 8 nsites= 1 E= 0
  0.008288	  0.000990	  0.000990	  0.989732	
  0.010035	  0.000973	  0.015509	  0.973482	
  0.737797	  0.104878	  0.104929	  0.052396	
  0.015762	  0.590638	  0.309112	  0.084488	
  0.254049	  0.072890	  0.672389	  0.000672	
  0.031668	  0.000966	  0.000966	  0.966400	
  0.727478	  0.081121	  0.190673	  0.000727	
  0.990765	  0.003606	  0.004638	  0.000991	

URL http://cisbp.ccbr.utoronto.ca/TFreport.php?searchTF=T031033_1.02

MOTIF M4355_1.02 (KLTH0G04686g)_(Saccharomyces_cerevisiae)_(DBD_0.72)

letter-probability matrix: alength= 4 w= 8 nsites= 1 E= 0
  0.014706	  0.250000	  0.073529	  0.661765	
  0.000000	  0.000000	  0.000000	  1.000000	
  1.000000	  0.000000	  0.000000	  0.000000	
  1.000000	  0.000000	  0.000000	  0.000000	
  0.000000	  0.000000	  0.000000	  1.000000	
  0.000000	  0.000000	  0.000000	  1.000000	
  0.617647	  0.029412	  0.147059	  0.205882	
  0.544118	  0.132353	  0.132353	  0.191176	

URL http://cisbp.ccbr.utoronto.ca/TFreport.php?searchTF=T103132_1.02

MOTIF M4358_1.02 (KLTH0D18062g)_(Saccharomyces_cerevisiae)_(DBD_0.91)

letter-probability matrix: alength= 4 w= 21 nsites= 1 E= 0
  0.238137	  0.351012	  0.318876	  0.091974	
  0.304244	  0.218676	  0.268163	  0.208917	
  0.183252	  0.334601	  0.161611	  0.320536	
  0.380384	  0.205961	  0.136230	  0.277425	
  0.361194	  0.083363	  0.272196	  0.283247	
  0.314341	  0.158488	  0.325605	  0.201566	
  0.223861	  0.008509	  0.078272	  0.689359	
  0.001687	  0.002580	  0.991893	  0.003841	
  0.081869	  0.803549	  0.002038	  0.112544	
  0.002807	  0.003670	  0.992575	  0.000947	
  0.001829	  0.002616	  0.993720	  0.001835	
  0.028000	  0.000382	  0.970390	  0.001228	
  0.001832	  0.000673	  0.957292	  0.040203	
  0.055743	  0.069990	  0.081078	  0.793189	
  0.692062	  0.073178	  0.107723	  0.127037	
  0.311437	  0.113318	  0.345056	  0.230189	
  0.091252	  0.320491	  0.122052	  0.466205	
  0.368966	  0.155747	  0.180509	  0.294778	
  0.144665	  0.505633	  0.101710	  0.247992	
  0.391596	  0.070070	  0.375890	  0.162444	
  0.233430	  0.281348	  0.171032	  0.314191	

URL http://cisbp.ccbr.utoronto.ca/TFreport.php?searchTF=T068486_1.02

MOTIF M4359_1.02 (KLTH0E16500g)_(Saccharomyces_cerevisiae)_(DBD_0.82)

letter-probability matrix: alength= 4 w= 9 nsites= 1 E= 0
  0.172172	  0.679680	  0.129129	  0.019019	
  0.126873	  0.689311	  0.120879	  0.062937	
  0.055000	  0.153000	  0.754000	  0.038000	
  0.571000	  0.314000	  0.034000	  0.081000	
  0.075000	  0.149000	  0.167000	  0.609000	
  0.648000	  0.023000	  0.270000	  0.059000	
  0.039000	  0.761000	  0.175000	  0.025000	
  0.022000	  0.870000	  0.095000	  0.013000	
  0.015000	  0.034000	  0.856000	  0.095000	

URL http://cisbp.ccbr.utoronto.ca/TFreport.php?searchTF=T166058_1.02

MOTIF M4361_1.02 (KLTH0D07876g)_(Saccharomyces_cerevisiae)_(DBD_0.85)

letter-probability matrix: alength= 4 w= 8 nsites= 1 E= 0
  0.163000	  0.157000	  0.122000	  0.558000	
  0.182000	  0.198000	  0.213000	  0.407000	
  0.110889	  0.503497	  0.232767	  0.152847	
  0.139860	  0.743257	  0.079920	  0.036963	
  0.008000	  0.134000	  0.005000	  0.853000	
  0.008000	  0.005000	  0.947000	  0.040000	
  0.014000	  0.946000	  0.005000	  0.035000	
  0.619000	  0.108000	  0.190000	  0.083000	

URL http://cisbp.ccbr.utoronto.ca/TFreport.php?searchTF=T006937_1.02

MOTIF M4363_1.02 (KLTH0D07964g)_(Saccharomyces_cerevisiae)_(DBD_0.80)

letter-probability matrix: alength= 4 w= 8 nsites= 1 E= 0
  0.066010	  0.379270	  0.000000	  0.554719	
  0.000000	  0.000000	  1.000000	  0.000000	
  1.000000	  0.000000	  0.000000	  0.000000	
  0.000000	  0.000000	  1.000000	  0.000000	
  0.000000	  0.932362	  0.000000	  0.067638	
  1.000000	  0.000000	  0.000000	  0.000000	
  0.824901	  0.124503	  0.000000	  0.050597	
  0.937967	  0.000000	  0.000000	  0.062033	

URL http://cisbp.ccbr.utoronto.ca/TFreport.php?searchTF=T071992_1.02

MOTIF M4366_1.02 (KLTH0B04026g)_(Saccharomyces_cerevisiae)_(DBD_0.90)

letter-probability matrix: alength= 4 w= 20 nsites= 1 E= 0
  0.247387	  0.159698	  0.111426	  0.481488	
  0.167380	  0.275851	  0.314154	  0.242614	
  0.169124	  0.204936	  0.102300	  0.523640	
  0.089436	  0.084552	  0.161973	  0.664039	
  0.170372	  0.033669	  0.129287	  0.666672	
  0.130139	  0.808174	  0.009383	  0.052304	
  0.011105	  0.812592	  0.007233	  0.169071	
  0.121686	  0.405354	  0.243077	  0.229883	
  0.601855	  0.076270	  0.171089	  0.150786	
  0.663071	  0.007104	  0.035697	  0.294128	
  0.294128	  0.035697	  0.007104	  0.663071	
  0.150786	  0.171089	  0.076270	  0.601855	
  0.169982	  0.443223	  0.270397	  0.116398	
  0.169071	  0.007233	  0.812592	  0.011105	
  0.052304	  0.009383	  0.808174	  0.130139	
  0.721932	  0.093347	  0.103155	  0.081565	
  0.479693	  0.291824	  0.080904	  0.147579	
  0.547301	  0.066068	  0.216109	  0.170522	
  0.176817	  0.317440	  0.108132	  0.397611	
  0.247463	  0.235867	  0.262819	  0.253851	

URL http://cisbp.ccbr.utoronto.ca/TFreport.php?searchTF=T112920_1.02

MOTIF M4368_1.02 (KLTH0D06842g)_(Saccharomyces_cerevisiae)_(DBD_0.72)

letter-probability matrix: alength= 4 w= 6 nsites= 1 E= 0
  0.329357	  0.329357	  0.011930	  0.329357	
  0.964289	  0.011904	  0.011904	  0.011904	
  0.011904	  0.011904	  0.964289	  0.011904	
  0.011904	  0.011904	  0.964289	  0.011904	
  0.011909	  0.488091	  0.011909	  0.488091	
  0.964289	  0.011904	  0.011904	  0.011904	

URL http://cisbp.ccbr.utoronto.ca/TFreport.php?searchTF=T068484_1.02

MOTIF M4374_1.02 (KLTH0C03762g)_(Saccharomyces_cerevisiae)_(DBD_0.88)

letter-probability matrix: alength= 4 w= 14 nsites= 1 E= 0
  0.224066	  0.244813	  0.228216	  0.302905	
  0.141414	  0.308081	  0.181818	  0.368687	
  0.054348	  0.793478	  0.108696	  0.043478	
  0.024691	  0.901235	  0.037037	  0.037037	
  0.270370	  0.174074	  0.344444	  0.211111	
  0.078313	  0.319277	  0.162651	  0.439759	
  0.220000	  0.200000	  0.093333	  0.486667	
  0.200913	  0.333333	  0.255708	  0.210046	
  0.347619	  0.142857	  0.352381	  0.157143	
  0.179487	  0.184615	  0.261538	  0.374359	
  0.023529	  0.858824	  0.105882	  0.011765	
  0.013158	  0.960526	  0.013158	  0.013158	
  0.066667	  0.055556	  0.811111	  0.066667	
  0.300412	  0.218107	  0.292181	  0.189300	

URL http://cisbp.ccbr.utoronto.ca/TFreport.php?searchTF=T166031_1.02

MOTIF M4375_1.02 (KLTH0G10802g)_(Saccharomyces_cerevisiae)_(DBD_0.87)

letter-probability matrix: alength= 4 w= 9 nsites= 1 E= 0
  0.079001	  0.082062	  0.764130	  0.074807	
  0.212205	  0.071026	  0.295015	  0.421755	
  0.002743	  0.003419	  0.990721	  0.003117	
  0.000000	  0.000000	  1.000000	  0.000000	
  0.000000	  1.000000	  0.000000	  0.000000	
  0.005487	  0.006838	  0.356441	  0.631234	
  0.109965	  0.221151	  0.302010	  0.366874	
  0.324101	  0.172824	  0.217040	  0.286035	
  0.142660	  0.177801	  0.477983	  0.201556	

URL http://cisbp.ccbr.utoronto.ca/TFreport.php?searchTF=T068495_1.02

MOTIF M4376_1.02 (KLTH0G09086g)_(Saccharomyces_cerevisiae)_(DBD_0.81)

letter-probability matrix: alength= 4 w= 20 nsites= 1 E= 0
  0.240122	  0.196861	  0.220816	  0.342201	
  0.277890	  0.146179	  0.267804	  0.308128	
  0.341839	  0.174534	  0.219739	  0.263888	
  0.571702	  0.146030	  0.143912	  0.138356	
  0.495698	  0.110596	  0.176615	  0.217091	
  0.379266	  0.157960	  0.126669	  0.336105	
  0.179551	  0.004748	  0.813593	  0.002108	
  0.014558	  0.004260	  0.000952	  0.980230	
  0.950367	  0.047308	  0.000771	  0.001554	
  0.979678	  0.011390	  0.000976	  0.007956	
  0.986667	  0.001016	  0.002691	  0.009625	
  0.001767	  0.797833	  0.001297	  0.199103	
  0.989636	  0.001249	  0.003667	  0.005447	
  0.823954	  0.069661	  0.032500	  0.073884	
  0.684172	  0.025110	  0.106580	  0.184138	
  0.212491	  0.210952	  0.446148	  0.130410	
  0.353169	  0.173423	  0.321436	  0.151971	
  0.208011	  0.239547	  0.274318	  0.278123	
  0.315164	  0.071640	  0.432442	  0.180754	
  0.338566	  0.263541	  0.274442	  0.123450	

URL http://cisbp.ccbr.utoronto.ca/TFreport.php?searchTF=T083503_1.02

MOTIF M4378_1.02 (KLTH0B06732g)_(Saccharomyces_cerevisiae)_(DBD_0.77)

letter-probability matrix: alength= 4 w= 8 nsites= 1 E= 0
  0.608837	  0.055475	  0.209127	  0.126560	
  0.550979	  0.093494	  0.220766	  0.134761	
  0.065601	  0.052550	  0.031814	  0.850034	
  0.021085	  0.064965	  0.658255	  0.255695	
  0.873141	  0.017828	  0.063305	  0.045726	
  0.000863	  0.862996	  0.012969	  0.123172	
  0.073458	  0.060235	  0.865441	  0.000865	
  0.038916	  0.186428	  0.047516	  0.727140	

URL http://cisbp.ccbr.utoronto.ca/TFreport.php?searchTF=T031027_1.02

MOTIF M4389_1.02 (KLTH0E02222g)_(Saccharomyces_cerevisiae)_(DBD_0.55)

letter-probability matrix: alength= 4 w= 8 nsites= 1 E= 0
  0.000582	  0.162514	  0.255397	  0.581508	
  0.881307	  0.000881	  0.093494	  0.024317	
  0.873438	  0.022241	  0.032170	  0.072151	
  0.000987	  0.000987	  0.010530	  0.987495	
  0.000579	  0.231182	  0.189519	  0.578721	
  0.976498	  0.000976	  0.000976	  0.021549	
  0.000607	  0.607224	  0.030631	  0.361537	
  0.328766	  0.286966	  0.383981	  0.000287	

URL http://cisbp.ccbr.utoronto.ca/TFreport.php?searchTF=T031029_1.02

MOTIF M4391_1.02 (KLTH0E02376g)_(Saccharomyces_cerevisiae)_(DBD_0.70)

letter-probability matrix: alength= 4 w= 8 nsites= 1 E= 0
  0.107000	  0.381000	  0.269000	  0.243000	
  0.066000	  0.120000	  0.379000	  0.435000	
  0.718719	  0.055055	  0.170170	  0.056056	
  0.028000	  0.881000	  0.069000	  0.022000	
  0.073073	  0.158158	  0.737738	  0.031031	
  0.046000	  0.151000	  0.056000	  0.747000	
  0.130000	  0.077000	  0.725000	  0.068000	
  0.297000	  0.094000	  0.277000	  0.332000	

URL http://cisbp.ccbr.utoronto.ca/TFreport.php?searchTF=T021120_1.02

MOTIF M4392_1.02 (KLTH0E09724g)_(Saccharomyces_cerevisiae)_(DBD_0.80)

letter-probability matrix: alength= 4 w= 9 nsites= 1 E= 0
  0.625000	  0.125000	  0.125000	  0.125000	
  1.000000	  0.000000	  0.000000	  0.000000	
  1.000000	  0.000000	  0.000000	  0.000000	
  0.875000	  0.125000	  0.000000	  0.000000	
  0.750000	  0.000000	  0.250000	  0.000000	
  0.000000	  0.000000	  1.000000	  0.000000	
  0.781250	  0.156250	  0.031250	  0.031250	
  0.812500	  0.062500	  0.062500	  0.062500	
  0.625000	  0.125000	  0.125000	  0.125000	

URL http://cisbp.ccbr.utoronto.ca/TFreport.php?searchTF=T068490_1.02

MOTIF M4399_1.02 (KLTH0D01540g)_(Saccharomyces_cerevisiae)_(DBD_0.69)

letter-probability matrix: alength= 4 w= 9 nsites= 1 E= 0
  0.562563	  0.078078	  0.251251	  0.108108	
  0.046000	  0.106000	  0.026000	  0.822000	
  0.036963	  0.904096	  0.022977	  0.035964	
  0.903000	  0.003000	  0.033000	  0.061000	
  0.010000	  0.839000	  0.122000	  0.029000	
  0.046046	  0.112112	  0.837838	  0.004004	
  0.054054	  0.058058	  0.007007	  0.880881	
  0.004000	  0.008000	  0.979000	  0.009000	
  0.745000	  0.034000	  0.172000	  0.049000	

URL http://cisbp.ccbr.utoronto.ca/TFreport.php?searchTF=T021119_1.02

MOTIF M4404_1.02 (KLTH0E12584g)_(Saccharomyces_cerevisiae)_(DBD_0.76)

letter-probability matrix: alength= 4 w= 7 nsites= 1 E= 0
  0.213048	  0.131122	  0.541105	  0.114725	
  0.000000	  1.000000	  0.000000	  0.000000	
  0.081990	  0.000000	  0.016394	  0.901616	
  0.000000	  0.000000	  0.000000	  1.000000	
  0.000000	  0.934419	  0.000000	  0.065581	
  0.000000	  0.967218	  0.016389	  0.016393	
  0.376968	  0.196724	  0.032786	  0.393521	

URL http://cisbp.ccbr.utoronto.ca/TFreport.php?searchTF=T087080_1.02

MOTIF M4410_1.02 (KLTH0H05236g)_(Saccharomyces_cerevisiae)_(DBD_0.78)

letter-probability matrix: alength= 4 w= 9 nsites= 1 E= 0
  0.447761	  0.029851	  0.134328	  0.388060	
  0.597015	  0.000000	  0.000000	  0.402985	
  0.104478	  0.000000	  0.149254	  0.746268	
  0.268657	  0.089552	  0.641791	  0.000000	
  0.000000	  0.089552	  0.000000	  0.910448	
  0.000000	  0.000000	  0.985075	  0.014925	
  0.074627	  0.089552	  0.000000	  0.835821	
  0.000000	  1.000000	  0.000000	  0.000000	
  0.791044	  0.029851	  0.104478	  0.074627	

URL http://cisbp.ccbr.utoronto.ca/TFreport.php?searchTF=T103133_1.02

MOTIF M4414_1.02 (KLTH0G16984g)_(Saccharomyces_cerevisiae)_(DBD_0.97)

letter-probability matrix: alength= 4 w= 6 nsites= 1 E= 0
  0.000000	  0.500000	  0.500000	  0.000000	
  0.500000	  0.500000	  0.000000	  0.000000	
  0.000000	  0.000000	  1.000000	  0.000000	
  0.000000	  0.000000	  1.000000	  0.000000	
  0.000000	  0.500000	  0.500000	  0.000000	
  0.000000	  0.000000	  1.000000	  0.000000	

URL http://cisbp.ccbr.utoronto.ca/TFreport.php?searchTF=T071993_1.02

MOTIF M4423_1.02 (KLTH0D03036g)_(Saccharomyces_cerevisiae)_(DBD_0.84)

letter-probability matrix: alength= 4 w= 20 nsites= 1 E= 0
  0.358020	  0.140342	  0.278072	  0.223566	
  0.401635	  0.134922	  0.320149	  0.143294	
  0.417175	  0.154843	  0.175970	  0.252012	
  0.470693	  0.088730	  0.237797	  0.202780	
  0.271875	  0.115611	  0.229701	  0.382813	
  0.246210	  0.249028	  0.207354	  0.297407	
  0.046211	  0.098829	  0.837149	  0.017812	
  0.925629	  0.007049	  0.024517	  0.042805	
  0.003430	  0.984695	  0.002353	  0.009521	
  0.004466	  0.000750	  0.948713	  0.046071	
  0.007698	  0.986001	  0.002639	  0.003662	
  0.907970	  0.005663	  0.065578	  0.020790	
  0.648865	  0.210057	  0.047247	  0.093831	
  0.505596	  0.085607	  0.043778	  0.365020	
  0.236895	  0.183329	  0.177434	  0.402342	
  0.301089	  0.191764	  0.175525	  0.331623	
  0.257700	  0.286641	  0.179562	  0.276097	
  0.197181	  0.182345	  0.392219	  0.228254	
  0.271809	  0.113256	  0.143749	  0.471186	
  0.171648	  0.154837	  0.286854	  0.386661	

URL http://cisbp.ccbr.utoronto.ca/TFreport.php?searchTF=T083502_1.02

