MEME version 4

ALPHABET= ACGT

strands: + -

Background letter frequencies (from uniform background):
A 0.25000 C 0.25000 G 0.25000 T 0.25000 

MOTIF M0121_1.02 (LOAG_08378)_(Brachypodium_distachyon)_(DBD_0.54)

letter-probability matrix: alength= 4 w= 9 nsites= 1 E= 0
  0.374501	  0.137771	  0.378264	  0.109464	
  0.226206	  0.276289	  0.249996	  0.247509	
  0.606765	  0.056721	  0.230014	  0.106500	
  0.428552	  0.111098	  0.200420	  0.259930	
  0.475920	  0.046770	  0.205460	  0.271850	
  0.400042	  0.099641	  0.159424	  0.340893	
  0.337415	  0.202616	  0.115736	  0.344232	
  0.546503	  0.072497	  0.224425	  0.156576	
  0.462607	  0.040726	  0.319538	  0.177129	

URL http://cisbp.ccbr.utoronto.ca/TFreport.php?searchTF=T008564_1.02

MOTIF M0178_1.02 (LOAG_02366)_(Mus_musculus)_(DBD_0.67)

letter-probability matrix: alength= 4 w= 10 nsites= 1 E= 0
  0.315548	  0.181281	  0.304970	  0.198202	
  0.342567	  0.215650	  0.329097	  0.112687	
  0.036295	  0.956859	  0.000000	  0.006845	
  0.887444	  0.026036	  0.052040	  0.034479	
  0.022313	  0.233167	  0.582932	  0.161589	
  0.161589	  0.582932	  0.233167	  0.022313	
  0.034479	  0.052040	  0.026036	  0.887444	
  0.006845	  0.000000	  0.956859	  0.036295	
  0.112687	  0.329097	  0.215650	  0.342567	
  0.198202	  0.304970	  0.181281	  0.315548	

URL http://cisbp.ccbr.utoronto.ca/TFreport.php?searchTF=T011672_1.02

MOTIF M0194_1.02 (LOAG_01414)_(Mus_musculus)_(DBD_0.76)

letter-probability matrix: alength= 4 w= 10 nsites= 1 E= 0
  0.361199	  0.183013	  0.272775	  0.183013	
  0.138914	  0.651658	  0.134874	  0.074555	
  0.000046	  0.999862	  0.000046	  0.000046	
  0.999862	  0.000046	  0.000046	  0.000046	
  0.000046	  0.000046	  0.000046	  0.999862	
  0.999862	  0.000046	  0.000046	  0.000046	
  0.000046	  0.000046	  0.000046	  0.999862	
  0.000046	  0.000046	  0.999862	  0.000046	
  0.067033	  0.298563	  0.220536	  0.413869	
  0.175491	  0.236272	  0.175491	  0.412746	

URL http://cisbp.ccbr.utoronto.ca/TFreport.php?searchTF=T011669_1.02

MOTIF M0275_1.02 (LOAG_06720)_(Caenorhabditis_elegans)_(DBD_0.77)

letter-probability matrix: alength= 4 w= 10 nsites= 1 E= 0
  0.275256	  0.135848	  0.360715	  0.228181	
  0.628116	  0.044667	  0.282551	  0.044667	
  0.000048	  0.000048	  0.000048	  0.999855	
  0.000048	  0.000048	  0.999855	  0.000048	
  0.999855	  0.000048	  0.000048	  0.000048	
  0.000048	  0.999855	  0.000048	  0.000048	
  0.000048	  0.000048	  0.999855	  0.000048	
  0.000048	  0.000048	  0.000048	  0.999855	
  0.204469	  0.362470	  0.318861	  0.114200	
  0.383856	  0.205381	  0.205381	  0.205381	

URL http://cisbp.ccbr.utoronto.ca/TFreport.php?searchTF=T022916_1.02

MOTIF M0305_1.02 (LOAG_10644)_(Mus_musculus)_(DBD_0.56)

letter-probability matrix: alength= 4 w= 9 nsites= 1 E= 0
  0.002475	  0.002475	  0.745050	  0.250000	
  0.250000	  0.623134	  0.001244	  0.125622	
  0.001244	  0.871891	  0.125622	  0.001244	
  0.996269	  0.001244	  0.001244	  0.001244	
  0.001244	  0.996269	  0.001244	  0.001244	
  0.001244	  0.001244	  0.996269	  0.001244	
  0.001244	  0.001244	  0.001244	  0.996269	
  0.001420	  0.143466	  0.853693	  0.001420	
  0.250000	  0.002475	  0.250000	  0.497525	

URL http://cisbp.ccbr.utoronto.ca/TFreport.php?searchTF=T022922_1.02

MOTIF M0323_1.02 (LOAG_09291)_(Caenorhabditis_elegans)_(DBD_0.67)

letter-probability matrix: alength= 4 w= 13 nsites= 1 E= 0
  0.230644	  0.230644	  0.230644	  0.308069	
  0.230644	  0.230644	  0.308069	  0.230644	
  0.195361	  0.042431	  0.042431	  0.719777	
  0.105121	  0.022865	  0.128036	  0.743978	
  0.853680	  0.022865	  0.100590	  0.022865	
  0.000176	  0.673192	  0.000176	  0.326456	
  0.236202	  0.000176	  0.687605	  0.076018	
  0.076018	  0.420964	  0.077601	  0.425417	
  0.790056	  0.095374	  0.019532	  0.095037	
  0.780883	  0.097796	  0.019532	  0.101789	
  0.376765	  0.207745	  0.207745	  0.207745	
  0.227311	  0.227311	  0.227311	  0.318067	
  0.318067	  0.227311	  0.227311	  0.227311	

URL http://cisbp.ccbr.utoronto.ca/TFreport.php?searchTF=T022918_1.02

MOTIF M0346_1.02 (LOAG_00264)_(Caenorhabditis_elegans)_(DBD_0.56)

letter-probability matrix: alength= 4 w= 9 nsites= 1 E= 0
  0.535636	  0.078528	  0.369982	  0.015855	
  0.001169	  0.000261	  0.000246	  0.998325	
  0.054873	  0.137693	  0.716963	  0.090471	
  0.854058	  0.002509	  0.100484	  0.042948	
  0.024415	  0.611073	  0.048677	  0.315834	
  0.195600	  0.103139	  0.611597	  0.089664	
  0.168167	  0.236266	  0.115003	  0.480563	
  0.192128	  0.410824	  0.230019	  0.167028	
  0.491395	  0.118777	  0.190042	  0.199786	

URL http://cisbp.ccbr.utoronto.ca/TFreport.php?searchTF=T022906_1.02

MOTIF M0358_1.02 (LOAG_04491)_(Caenorhabditis_elegans)_(DBD_0.57)

letter-probability matrix: alength= 4 w= 9 nsites= 1 E= 0
  0.990132	  0.003289	  0.003289	  0.003289	
  0.001656	  0.001656	  0.001656	  0.995033	
  0.167219	  0.001656	  0.001656	  0.829470	
  0.995033	  0.001656	  0.001656	  0.001656	
  0.001656	  0.663907	  0.001656	  0.332781	
  0.498344	  0.001656	  0.498344	  0.001656	
  0.001656	  0.167219	  0.001656	  0.829470	
  0.995033	  0.001656	  0.001656	  0.001656	
  0.990132	  0.003289	  0.003289	  0.003289	

URL http://cisbp.ccbr.utoronto.ca/TFreport.php?searchTF=T022913_1.02

MOTIF M0381_1.02 (LOAG_05928)_(Caenorhabditis_elegans)_(DBD_0.87)

letter-probability matrix: alength= 4 w= 10 nsites= 1 E= 0
  0.369882	  0.162908	  0.240611	  0.226599	
  0.355105	  0.145826	  0.279336	  0.219733	
  0.177090	  0.161848	  0.360199	  0.300863	
  0.112987	  0.051794	  0.669999	  0.165220	
  0.748363	  0.107543	  0.029901	  0.114193	
  0.401422	  0.055424	  0.133622	  0.409532	
  0.301490	  0.262102	  0.326600	  0.109808	
  0.200023	  0.310578	  0.216683	  0.272717	
  0.200302	  0.001310	  0.734966	  0.063423	
  0.118168	  0.503762	  0.053630	  0.324441	

URL http://cisbp.ccbr.utoronto.ca/TFreport.php?searchTF=T034047_1.02

MOTIF M0383_1.02 (LOAG_00574)_(Caenorhabditis_elegans)_(DBD_0.94)

letter-probability matrix: alength= 4 w= 8 nsites= 1 E= 0
  0.083611	  0.665973	  0.083611	  0.166805	
  0.000303	  0.000303	  0.999092	  0.000303	
  0.000303	  0.091102	  0.333232	  0.575363	
  0.030569	  0.000303	  0.968826	  0.000303	
  0.000303	  0.000303	  0.999092	  0.000303	
  0.000303	  0.000303	  0.999092	  0.000303	
  0.066911	  0.566245	  0.233356	  0.133489	
  0.042013	  0.000416	  0.915557	  0.042013	

URL http://cisbp.ccbr.utoronto.ca/TFreport.php?searchTF=T034019_1.02

MOTIF M0384_1.02 (LOAG_00579)_(Caenorhabditis_elegans)_(DBD_0.84)

letter-probability matrix: alength= 4 w= 9 nsites= 1 E= 0
  0.516980	  0.286131	  0.098444	  0.098444	
  0.000071	  0.999788	  0.000071	  0.000071	
  0.495526	  0.000071	  0.504333	  0.000071	
  0.000071	  0.000071	  0.999788	  0.000071	
  0.106383	  0.000071	  0.000071	  0.893475	
  0.999788	  0.000071	  0.000071	  0.000071	
  0.000071	  0.000071	  0.999788	  0.000071	
  0.000071	  0.999788	  0.000071	  0.000071	
  0.322842	  0.227729	  0.223668	  0.225760	

URL http://cisbp.ccbr.utoronto.ca/TFreport.php?searchTF=T034020_1.02

MOTIF M0447_1.02 (LOAG_09375)_(Caenorhabditis_elegans)_(DBD_0.90)

letter-probability matrix: alength= 4 w= 10 nsites= 1 E= 0
  0.391273	  0.146849	  0.267577	  0.194301	
  0.236558	  0.241337	  0.322529	  0.199576	
  0.063325	  0.269963	  0.106515	  0.560196	
  0.004417	  0.002260	  0.968160	  0.025164	
  0.019015	  0.007208	  0.958364	  0.015413	
  0.150280	  0.035251	  0.000029	  0.814440	
  0.000025	  0.973874	  0.003426	  0.022675	
  0.905030	  0.032719	  0.031436	  0.030814	
  0.261983	  0.246726	  0.254240	  0.237052	
  0.139579	  0.281078	  0.155809	  0.423533	

URL http://cisbp.ccbr.utoronto.ca/TFreport.php?searchTF=T034063_1.02

MOTIF M0448_1.02 (LOAG_07430)_(Caenorhabditis_elegans)_(DBD_0.78)

letter-probability matrix: alength= 4 w= 8 nsites= 1 E= 0
  0.420693	  0.210609	  0.368172	  0.000525	
  0.000344	  0.000344	  0.000344	  0.998967	
  0.998967	  0.000344	  0.000344	  0.000344	
  0.998967	  0.000344	  0.000344	  0.000344	
  0.000344	  0.998967	  0.000344	  0.000344	
  0.000344	  0.000344	  0.998967	  0.000344	
  0.000344	  0.000344	  0.998967	  0.000344	
  0.315651	  0.105567	  0.210609	  0.368172	

URL http://cisbp.ccbr.utoronto.ca/TFreport.php?searchTF=T034053_1.02

MOTIF M0451_1.02 (LOAG_13079)_(Caenorhabditis_elegans)_(DBD_0.79)

letter-probability matrix: alength= 4 w= 10 nsites= 1 E= 0
  0.207715	  0.453123	  0.127251	  0.211911	
  0.291228	  0.294155	  0.161436	  0.253181	
  0.116251	  0.349237	  0.409833	  0.124680	
  0.407697	  0.065400	  0.102568	  0.424335	
  0.019092	  0.030855	  0.924537	  0.025516	
  0.936509	  0.016316	  0.019730	  0.027444	
  0.013438	  0.005197	  0.000868	  0.980498	
  0.063577	  0.005115	  0.004024	  0.927283	
  0.112992	  0.149503	  0.199799	  0.537707	
  0.315187	  0.217711	  0.193092	  0.274010	

URL http://cisbp.ccbr.utoronto.ca/TFreport.php?searchTF=T034097_1.02

MOTIF M0453_1.02 (LOAG_03108)_(Caenorhabditis_elegans)_(DBD_0.91)

letter-probability matrix: alength= 4 w= 10 nsites= 1 E= 0
  0.336489	  0.163787	  0.316893	  0.182831	
  0.362570	  0.125615	  0.226607	  0.285208	
  0.066300	  0.053742	  0.055935	  0.824022	
  0.931828	  0.010352	  0.006032	  0.051787	
  0.003777	  0.888023	  0.000537	  0.107662	
  0.094084	  0.064340	  0.499789	  0.341787	
  0.067693	  0.000856	  0.929810	  0.001640	
  0.000605	  0.000001	  0.000033	  0.999361	
  0.711394	  0.092502	  0.142199	  0.053905	
  0.249287	  0.184676	  0.371892	  0.194145	

URL http://cisbp.ccbr.utoronto.ca/TFreport.php?searchTF=T034033_1.02

MOTIF M0493_1.02 (LOAG_03289)_(Caenorhabditis_elegans)_(DBD_0.91)

letter-probability matrix: alength= 4 w= 8 nsites= 1 E= 0
  0.242861	  0.157196	  0.428469	  0.171473	
  0.777565	  0.090973	  0.030392	  0.101070	
  0.838146	  0.060683	  0.020295	  0.080876	
  0.989600	  0.000101	  0.000101	  0.010198	
  0.989600	  0.000101	  0.000101	  0.010198	
  0.918922	  0.030392	  0.010198	  0.040489	
  0.718555	  0.156289	  0.083403	  0.041753	
  0.569619	  0.127964	  0.104719	  0.197699	

URL http://cisbp.ccbr.utoronto.ca/TFreport.php?searchTF=T034036_1.02

MOTIF M0495_1.02 (LOAG_01580)_(Caenorhabditis_elegans)_(DBD_0.93)

letter-probability matrix: alength= 4 w= 10 nsites= 1 E= 0
  0.422132	  0.109058	  0.359751	  0.109058	
  0.094324	  0.020369	  0.667367	  0.217940	
  0.000225	  0.000225	  0.999324	  0.000225	
  0.000225	  0.000225	  0.999324	  0.000225	
  0.000225	  0.000225	  0.999324	  0.000225	
  0.000225	  0.913738	  0.000225	  0.085811	
  0.000225	  0.000225	  0.999324	  0.000225	
  0.000225	  0.000225	  0.429360	  0.570189	
  0.343604	  0.141167	  0.374062	  0.141167	
  0.229857	  0.229857	  0.229857	  0.310430	

URL http://cisbp.ccbr.utoronto.ca/TFreport.php?searchTF=T034026_1.02

MOTIF M0547_1.02 (LOAG_08228)_(Caenorhabditis_elegans)_(DBD_0.73)

letter-probability matrix: alength= 4 w= 8 nsites= 1 E= 0
  0.285770	  0.084368	  0.393542	  0.236320	
  0.064855	  0.058683	  0.078426	  0.798036	
  0.993730	  0.000008	  0.005939	  0.000324	
  0.002564	  0.964329	  0.003100	  0.030007	
  0.556545	  0.122946	  0.159453	  0.161055	
  0.077410	  0.001895	  0.915172	  0.005524	
  0.075347	  0.012834	  0.121766	  0.790053	
  0.356653	  0.234338	  0.119913	  0.289097	

URL http://cisbp.ccbr.utoronto.ca/TFreport.php?searchTF=T034057_1.02

MOTIF M0632_1.02 (LOAG_04415)_(Homo_sapiens)_(DBD_0.94)

letter-probability matrix: alength= 4 w= 10 nsites= 1 E= 0
  0.391936	  0.183295	  0.148576	  0.276193	
  0.378242	  0.182278	  0.150737	  0.288742	
  0.278003	  0.143686	  0.091618	  0.486692	
  0.161592	  0.078655	  0.558398	  0.201355	
  0.131885	  0.106904	  0.107979	  0.653232	
  0.417907	  0.098029	  0.168218	  0.315847	
  0.288677	  0.108344	  0.224822	  0.378157	
  0.189159	  0.451505	  0.137357	  0.221980	
  0.330255	  0.192455	  0.235066	  0.242224	
  0.345463	  0.193424	  0.222491	  0.238623	

URL http://cisbp.ccbr.utoronto.ca/TFreport.php?searchTF=T074977_1.02

MOTIF M0701_1.02 (LOAG_13336)_(Mus_musculus)_(DBD_0.60)

letter-probability matrix: alength= 4 w= 10 nsites= 1 E= 0
  0.401213	  0.134894	  0.189519	  0.274374	
  0.288005	  0.299758	  0.235798	  0.176439	
  0.207310	  0.504826	  0.205247	  0.082617	
  0.276376	  0.615087	  0.084925	  0.023612	
  0.001256	  0.018138	  0.980434	  0.000172	
  0.005077	  0.055966	  0.893136	  0.045821	
  0.810468	  0.028435	  0.076525	  0.084573	
  0.293995	  0.181919	  0.067597	  0.456488	
  0.285185	  0.231166	  0.308937	  0.174712	
  0.171414	  0.277017	  0.125723	  0.425847	

URL http://cisbp.ccbr.utoronto.ca/TFreport.php?searchTF=T077513_1.02

MOTIF M0715_1.02 (LOAG_02180)_(Caenorhabditis_briggsae)_(DBD_0.90)

letter-probability matrix: alength= 4 w= 8 nsites= 1 E= 0
  0.416389	  0.000416	  0.541181	  0.042013	
  0.028824	  0.000285	  0.000285	  0.970605	
  0.827911	  0.171518	  0.000285	  0.000285	
  0.942066	  0.000285	  0.000285	  0.057363	
  0.999144	  0.000285	  0.000285	  0.000285	
  0.057363	  0.913527	  0.000285	  0.028824	
  0.999144	  0.000285	  0.000285	  0.000285	
  0.434462	  0.217448	  0.130642	  0.217448	

URL http://cisbp.ccbr.utoronto.ca/TFreport.php?searchTF=T080764_1.02

MOTIF M0722_1.02 (LOAG_13874)_(Mus_musculus)_(DBD_0.43)

letter-probability matrix: alength= 4 w= 8 nsites= 1 E= 0
  0.461214	  0.000384	  0.538018	  0.000384	
  0.050200	  0.025225	  0.000250	  0.924326	
  0.794959	  0.204587	  0.000227	  0.000227	
  0.977131	  0.000222	  0.000222	  0.022425	
  0.999334	  0.000222	  0.000222	  0.000222	
  0.000227	  0.953906	  0.000227	  0.045640	
  0.999319	  0.000227	  0.000227	  0.000227	
  0.593321	  0.125156	  0.125156	  0.156367	

URL http://cisbp.ccbr.utoronto.ca/TFreport.php?searchTF=T080774_1.02

MOTIF M0730_1.02 (LOAG_05064)_(Mus_musculus)_(DBD_0.44)

letter-probability matrix: alength= 4 w= 10 nsites= 1 E= 0
  0.272830	  0.216772	  0.234827	  0.275572	
  0.236181	  0.268969	  0.233831	  0.261020	
  0.376099	  0.120284	  0.459368	  0.044250	
  0.301361	  0.116549	  0.054506	  0.527584	
  0.541462	  0.362953	  0.011294	  0.084291	
  0.808871	  0.125919	  0.005133	  0.060078	
  0.912414	  0.013411	  0.041517	  0.032658	
  0.002774	  0.692453	  0.002830	  0.301944	
  0.832856	  0.046752	  0.050646	  0.069746	
  0.333275	  0.225646	  0.206225	  0.234855	

URL http://cisbp.ccbr.utoronto.ca/TFreport.php?searchTF=T080769_1.02

MOTIF M0736_1.02 (LOAG_03410)_(Mus_musculus)_(DBD_0.71)

letter-probability matrix: alength= 4 w= 8 nsites= 1 E= 0
  0.309467	  0.142959	  0.547336	  0.000238	
  0.295052	  0.000164	  0.000164	  0.704620	
  0.619510	  0.295749	  0.000141	  0.084600	
  0.888534	  0.069545	  0.000139	  0.041782	
  0.999584	  0.000139	  0.000139	  0.000139	
  0.000139	  0.957940	  0.000139	  0.041782	
  0.999572	  0.000143	  0.000143	  0.000143	
  0.660068	  0.132164	  0.056750	  0.151018	

URL http://cisbp.ccbr.utoronto.ca/TFreport.php?searchTF=T080765_1.02

MOTIF M0738_1.02 (LOAG_13131)_(Oryzias_latipes)_(DBD_0.54)

letter-probability matrix: alength= 4 w= 8 nsites= 1 E= 0
  0.352700	  0.000587	  0.646127	  0.000587	
  0.000384	  0.000384	  0.000384	  0.998848	
  0.922043	  0.077189	  0.000384	  0.000384	
  0.998848	  0.000384	  0.000384	  0.000384	
  0.998848	  0.000384	  0.000384	  0.000384	
  0.000384	  0.922043	  0.000384	  0.077189	
  0.998848	  0.000384	  0.000384	  0.000384	
  0.499446	  0.222284	  0.055987	  0.222284	

URL http://cisbp.ccbr.utoronto.ca/TFreport.php?searchTF=T080773_1.02

MOTIF M0739_1.02 (LOAG_08394)_(Caenorhabditis_elegans)_(DBD_0.67)

letter-probability matrix: alength= 4 w= 8 nsites= 1 E= 0
  0.597222	  0.001984	  0.398810	  0.001984	
  0.001656	  0.001656	  0.001656	  0.995033	
  0.995033	  0.001656	  0.001656	  0.001656	
  0.995033	  0.001656	  0.001656	  0.001656	
  0.995033	  0.001656	  0.001656	  0.001656	
  0.001656	  0.995033	  0.001656	  0.001656	
  0.995033	  0.001656	  0.001656	  0.001656	
  0.745050	  0.002475	  0.002475	  0.250000	

URL http://cisbp.ccbr.utoronto.ca/TFreport.php?searchTF=T080770_1.02

MOTIF M0741_1.02 (LOAG_12342)_(Caenorhabditis_elegans)_(DBD_0.88)

letter-probability matrix: alength= 4 w= 10 nsites= 1 E= 0
  0.276144	  0.176077	  0.290303	  0.257475	
  0.186748	  0.262372	  0.252084	  0.298796	
  0.373966	  0.282637	  0.291245	  0.052152	
  0.588176	  0.074219	  0.083682	  0.253922	
  0.480999	  0.201515	  0.037184	  0.280302	
  0.750693	  0.088323	  0.038130	  0.122854	
  0.838999	  0.034199	  0.101718	  0.025083	
  0.001060	  0.712202	  0.027340	  0.259398	
  0.848067	  0.033885	  0.053142	  0.064907	
  0.441409	  0.184929	  0.154466	  0.219197	

URL http://cisbp.ccbr.utoronto.ca/TFreport.php?searchTF=T080772_1.02

MOTIF M0742_1.02 (LOAG_08523)_(Caenorhabditis_elegans)_(DBD_0.79)

letter-probability matrix: alength= 4 w= 11 nsites= 1 E= 0
  0.290290	  0.211015	  0.287681	  0.211015	
  0.243370	  0.086173	  0.086173	  0.584284	
  0.215478	  0.060026	  0.664470	  0.060026	
  0.151281	  0.076299	  0.000121	  0.772299	
  0.919668	  0.080090	  0.000121	  0.000121	
  0.922970	  0.076788	  0.000121	  0.000121	
  0.999637	  0.000121	  0.000121	  0.000121	
  0.000121	  0.668017	  0.000121	  0.331741	
  0.882680	  0.039107	  0.039107	  0.039107	
  0.508155	  0.163948	  0.163948	  0.163948	
  0.429714	  0.190095	  0.190095	  0.190095	

URL http://cisbp.ccbr.utoronto.ca/TFreport.php?searchTF=T080771_1.02

MOTIF M0748_1.02 (LOAG_05062)_(Caenorhabditis_elegans)_(DBD_0.50)

letter-probability matrix: alength= 4 w= 10 nsites= 1 E= 0
  0.259111	  0.218603	  0.241594	  0.280692	
  0.227954	  0.262210	  0.239641	  0.270195	
  0.343013	  0.106460	  0.496592	  0.053934	
  0.238807	  0.129756	  0.044065	  0.587372	
  0.586793	  0.294321	  0.041045	  0.077841	
  0.799746	  0.117248	  0.029794	  0.053213	
  0.865620	  0.030068	  0.050071	  0.054241	
  0.033723	  0.691019	  0.013305	  0.261953	
  0.852964	  0.038812	  0.039596	  0.068629	
  0.355570	  0.215664	  0.195141	  0.233626	

URL http://cisbp.ccbr.utoronto.ca/TFreport.php?searchTF=T080768_1.02

MOTIF M0786_1.02 (LOAG_07460)_(Caenorhabditis_elegans)_(DBD_0.86)

letter-probability matrix: alength= 4 w= 8 nsites= 1 E= 0
  0.172616	  0.351100	  0.330653	  0.145630	
  0.052556	  0.021799	  0.007940	  0.917705	
  0.004769	  0.000129	  0.994298	  0.000804	
  0.937849	  0.008114	  0.005439	  0.048598	
  0.002817	  0.007969	  0.001385	  0.987830	
  0.774879	  0.051045	  0.009609	  0.164467	
  0.706920	  0.043420	  0.111154	  0.138506	
  0.210338	  0.292573	  0.326593	  0.170496	

URL http://cisbp.ccbr.utoronto.ca/TFreport.php?searchTF=T083997_1.02

MOTIF M0863_1.02 (LOAG_05932)_(Caenorhabditis_elegans)_(DBD_0.75)

letter-probability matrix: alength= 4 w= 8 nsites= 1 E= 0
  0.327533	  0.155238	  0.120779	  0.396451	
  0.012942	  0.000128	  0.000128	  0.986802	
  0.999616	  0.000128	  0.000128	  0.000128	
  0.986802	  0.000128	  0.000128	  0.012942	
  0.000128	  0.012942	  0.025756	  0.961174	
  0.013110	  0.986630	  0.000130	  0.000130	
  0.000149	  0.745973	  0.000149	  0.253729	
  0.155639	  0.311057	  0.244449	  0.288854	

URL http://cisbp.ccbr.utoronto.ca/TFreport.php?searchTF=T089378_1.02

MOTIF M0864_1.02 (LOAG_15485)_(Caenorhabditis_elegans)_(DBD_0.74)

letter-probability matrix: alength= 4 w= 8 nsites= 1 E= 0
  0.091486	  0.000906	  0.906703	  0.000906	
  0.000767	  0.307515	  0.000767	  0.690951	
  0.921012	  0.077454	  0.000767	  0.000767	
  0.997699	  0.000767	  0.000767	  0.000767	
  0.000767	  0.000767	  0.000767	  0.997699	
  0.537577	  0.000767	  0.000767	  0.460890	
  0.997508	  0.000831	  0.000831	  0.000831	
  0.886062	  0.111726	  0.001106	  0.001106	

URL http://cisbp.ccbr.utoronto.ca/TFreport.php?searchTF=T089414_1.02

MOTIF M0869_1.02 (LOAG_02922)_(Caenorhabditis_briggsae)_(DBD_0.93)

letter-probability matrix: alength= 4 w= 10 nsites= 1 E= 0
  0.229831	  0.163587	  0.191971	  0.414612	
  0.145017	  0.118730	  0.111816	  0.624437	
  0.595085	  0.033405	  0.112023	  0.259487	
  0.785686	  0.060133	  0.067125	  0.087056	
  0.085373	  0.150962	  0.087098	  0.676567	
  0.132663	  0.069256	  0.418976	  0.379105	
  0.354546	  0.079905	  0.369015	  0.196534	
  0.139295	  0.286173	  0.374876	  0.199656	
  0.245825	  0.277167	  0.205330	  0.271678	
  0.236252	  0.236252	  0.178556	  0.348940	

URL http://cisbp.ccbr.utoronto.ca/TFreport.php?searchTF=T089364_1.02

MOTIF M0916_1.02 (LOAG_11583)_(Mus_musculus)_(DBD_0.88)

letter-probability matrix: alength= 4 w= 8 nsites= 1 E= 0
  0.235698	  0.265748	  0.314993	  0.183561	
  0.194613	  0.361771	  0.230676	  0.212940	
  0.142042	  0.092400	  0.025949	  0.739610	
  0.699379	  0.079059	  0.175949	  0.045613	
  0.870945	  0.043362	  0.006683	  0.079010	
  0.058490	  0.192260	  0.064641	  0.684609	
  0.137513	  0.209290	  0.328232	  0.324966	
  0.380775	  0.133247	  0.314885	  0.171093	

URL http://cisbp.ccbr.utoronto.ca/TFreport.php?searchTF=T089398_1.02

MOTIF M0923_1.02 (LOAG_16001)_(Mus_musculus)_(DBD_0.91)

letter-probability matrix: alength= 4 w= 8 nsites= 1 E= 0
  0.243151	  0.255618	  0.294031	  0.207200	
  0.204295	  0.330156	  0.208422	  0.257126	
  0.207505	  0.171598	  0.110516	  0.510381	
  0.662568	  0.072684	  0.144912	  0.119836	
  0.981458	  0.006747	  0.008577	  0.003219	
  0.124820	  0.161883	  0.088843	  0.624453	
  0.193139	  0.203041	  0.203041	  0.400779	
  0.311134	  0.192525	  0.295960	  0.200382	

URL http://cisbp.ccbr.utoronto.ca/TFreport.php?searchTF=T089415_1.02

MOTIF M0972_1.02 (LOAG_11453)_(Mus_musculus)_(DBD_0.72)

letter-probability matrix: alength= 4 w= 8 nsites= 1 E= 0
  0.205661	  0.300734	  0.189849	  0.303757	
  0.125034	  0.075837	  0.035114	  0.764015	
  0.752473	  0.068263	  0.113678	  0.065586	
  0.947059	  0.000567	  0.020767	  0.031606	
  0.052681	  0.078591	  0.069010	  0.799717	
  0.162578	  0.134445	  0.157773	  0.545203	
  0.352715	  0.124669	  0.349206	  0.173410	
  0.314813	  0.200734	  0.311680	  0.172773	

URL http://cisbp.ccbr.utoronto.ca/TFreport.php?searchTF=T089396_1.02

MOTIF M0975_1.02 (LOAG_03791)_(Mus_musculus)_(DBD_0.72)

letter-probability matrix: alength= 4 w= 9 nsites= 1 E= 0
  0.152081	  0.091324	  0.047201	  0.709395	
  0.690458	  0.086259	  0.135281	  0.088002	
  0.886062	  0.013024	  0.035758	  0.065156	
  0.031077	  0.036836	  0.028403	  0.903684	
  0.110911	  0.101365	  0.155824	  0.631899	
  0.491062	  0.048743	  0.349523	  0.110672	
  0.367221	  0.191706	  0.269337	  0.171737	
  0.287641	  0.235500	  0.183408	  0.293451	
  0.278534	  0.200244	  0.177601	  0.343621	

URL http://cisbp.ccbr.utoronto.ca/TFreport.php?searchTF=T089368_1.02

MOTIF M1000_1.02 (LOAG_05341)_(Mus_musculus)_(DBD_0.82)

letter-probability matrix: alength= 4 w= 8 nsites= 1 E= 0
  0.216987	  0.314139	  0.148389	  0.320485	
  0.078163	  0.026544	  0.007454	  0.887839	
  0.853506	  0.044228	  0.065324	  0.036942	
  0.978482	  0.000211	  0.008551	  0.012756	
  0.002825	  0.026803	  0.027897	  0.942475	
  0.104556	  0.090897	  0.098468	  0.706079	
  0.391058	  0.094524	  0.371986	  0.142431	
  0.297757	  0.193694	  0.374758	  0.133791	

URL http://cisbp.ccbr.utoronto.ca/TFreport.php?searchTF=T089374_1.02

MOTIF M1015_1.02 (LOAG_10721)_(Mus_musculus)_(DBD_0.82)

letter-probability matrix: alength= 4 w= 7 nsites= 1 E= 0
  0.161249	  0.279486	  0.178208	  0.381058	
  0.074215	  0.310124	  0.003515	  0.612146	
  0.496430	  0.223061	  0.103280	  0.177229	
  0.604375	  0.168039	  0.074010	  0.153576	
  0.151745	  0.140078	  0.000347	  0.707829	
  0.255989	  0.195416	  0.091390	  0.457205	
  0.395010	  0.194204	  0.151246	  0.259540	

URL http://cisbp.ccbr.utoronto.ca/TFreport.php?searchTF=T089395_1.02

MOTIF M1016_1.02 (LOAG_10119)_(Mus_musculus)_(DBD_0.91)

letter-probability matrix: alength= 4 w= 7 nsites= 1 E= 0
  0.247356	  0.242458	  0.265291	  0.244895	
  0.187686	  0.245862	  0.203318	  0.363134	
  0.206531	  0.145540	  0.437226	  0.210703	
  0.818609	  0.111900	  0.033704	  0.035788	
  0.126658	  0.170970	  0.099632	  0.602740	
  0.539508	  0.337193	  0.043409	  0.079890	
  0.146793	  0.419484	  0.179294	  0.254430	

URL http://cisbp.ccbr.utoronto.ca/TFreport.php?searchTF=T089393_1.02

MOTIF M1049_1.02 (LOAG_06716)_(Mus_musculus)_(DBD_0.80)

letter-probability matrix: alength= 4 w= 10 nsites= 1 E= 0
  0.289634	  0.216722	  0.244354	  0.249290	
  0.166573	  0.211756	  0.182260	  0.439411	
  0.165752	  0.090967	  0.544840	  0.198441	
  0.929154	  0.059996	  0.000107	  0.010743	
  0.054059	  0.154483	  0.048915	  0.742543	
  0.658419	  0.278618	  0.000170	  0.062793	
  0.069036	  0.541653	  0.109358	  0.279954	
  0.180538	  0.374631	  0.241276	  0.203556	
  0.212494	  0.310727	  0.214630	  0.262149	
  0.221051	  0.289569	  0.216674	  0.272706	

URL http://cisbp.ccbr.utoronto.ca/TFreport.php?searchTF=T089380_1.02

MOTIF M1066_1.02 (LOAG_02603)_(Mus_musculus)_(DBD_0.74)

letter-probability matrix: alength= 4 w= 8 nsites= 1 E= 0
  0.067154	  0.200133	  0.000665	  0.732048	
  0.788340	  0.000525	  0.000525	  0.210609	
  0.599301	  0.000499	  0.000499	  0.399701	
  0.050399	  0.000499	  0.000499	  0.948603	
  0.100299	  0.000499	  0.000499	  0.898703	
  0.898703	  0.000499	  0.100299	  0.000499	
  0.948603	  0.000499	  0.000499	  0.050399	
  0.266622	  0.000665	  0.000665	  0.732048	

URL http://cisbp.ccbr.utoronto.ca/TFreport.php?searchTF=T089361_1.02

MOTIF M1086_1.02 (LOAG_15141)_(Caenorhabditis_elegans)_(DBD_0.88)

letter-probability matrix: alength= 4 w= 8 nsites= 1 E= 0
  0.114583	  0.406250	  0.479167	  0.000000	
  0.000000	  0.633588	  0.000000	  0.366412	
  0.957143	  0.000000	  0.000000	  0.042857	
  0.000000	  1.000000	  0.000000	  0.000000	
  0.000000	  0.000000	  0.000000	  1.000000	
  0.000000	  0.205882	  0.000000	  0.794118	
  0.477477	  0.153153	  0.333333	  0.036036	
  0.827586	  0.011494	  0.022989	  0.137931	

URL http://cisbp.ccbr.utoronto.ca/TFreport.php?searchTF=T089413_1.02

MOTIF M1087_1.02 (LOAG_09242)_(Caenorhabditis_elegans)_(DBD_0.86)

letter-probability matrix: alength= 4 w= 9 nsites= 1 E= 0
  0.293701	  0.219766	  0.271120	  0.215414	
  0.240582	  0.344834	  0.285164	  0.129420	
  0.118736	  0.506187	  0.055529	  0.319548	
  0.556942	  0.135974	  0.064229	  0.242854	
  0.177806	  0.658981	  0.069456	  0.093756	
  0.130078	  0.015152	  0.010785	  0.843985	
  0.100215	  0.295102	  0.056110	  0.548573	
  0.336411	  0.198013	  0.323220	  0.142356	
  0.424037	  0.145448	  0.175883	  0.254632	

URL http://cisbp.ccbr.utoronto.ca/TFreport.php?searchTF=T089388_1.02

MOTIF M1089_1.02 (LOAG_10564)_(Drosophila_melanogaster)_(DBD_0.89)

letter-probability matrix: alength= 4 w= 10 nsites= 1 E= 0
  0.209338	  0.253142	  0.321807	  0.215713	
  0.269176	  0.231682	  0.207548	  0.291594	
  0.108996	  0.124128	  0.038142	  0.728735	
  0.818862	  0.018319	  0.138091	  0.024728	
  0.925508	  0.028799	  0.000527	  0.045166	
  0.090056	  0.159244	  0.124019	  0.626680	
  0.097497	  0.244649	  0.314135	  0.343719	
  0.322285	  0.084389	  0.452794	  0.140532	
  0.204560	  0.257459	  0.351027	  0.186954	
  0.179474	  0.298877	  0.181278	  0.340370	

URL http://cisbp.ccbr.utoronto.ca/TFreport.php?searchTF=T089394_1.02

MOTIF M1092_1.02 (LOAG_04639)_(Drosophila_melanogaster)_(DBD_0.82)

letter-probability matrix: alength= 4 w= 10 nsites= 1 E= 0
  0.216697	  0.313720	  0.239487	  0.230097	
  0.095574	  0.372375	  0.044252	  0.487798	
  0.513306	  0.185096	  0.192650	  0.108948	
  0.650499	  0.143702	  0.075773	  0.130027	
  0.056092	  0.142164	  0.007822	  0.793922	
  0.205435	  0.280095	  0.158401	  0.356070	
  0.340270	  0.184886	  0.184886	  0.289959	
  0.267116	  0.272512	  0.264458	  0.195915	
  0.194734	  0.260248	  0.302365	  0.242653	
  0.228970	  0.279665	  0.238314	  0.253051	

URL http://cisbp.ccbr.utoronto.ca/TFreport.php?searchTF=T089371_1.02

MOTIF M1097_1.02 (LOAG_04687)_(Drosophila_melanogaster)_(DBD_0.88)

letter-probability matrix: alength= 4 w= 10 nsites= 1 E= 0
  0.292329	  0.229079	  0.288644	  0.189949	
  0.136427	  0.336877	  0.156525	  0.370171	
  0.034513	  0.118059	  0.009674	  0.837754	
  0.801571	  0.072692	  0.093201	  0.032536	
  0.970781	  0.007894	  0.008025	  0.013300	
  0.013300	  0.008025	  0.007894	  0.970781	
  0.032536	  0.093201	  0.072692	  0.801571	
  0.837754	  0.009674	  0.118059	  0.034513	
  0.370171	  0.156525	  0.336877	  0.136427	
  0.189949	  0.288644	  0.229079	  0.292329	

URL http://cisbp.ccbr.utoronto.ca/TFreport.php?searchTF=T089372_1.02

MOTIF M1099_1.02 (LOAG_00729)_(Drosophila_melanogaster)_(DBD_0.86)

letter-probability matrix: alength= 4 w= 9 nsites= 1 E= 0
  0.191780	  0.272148	  0.142074	  0.393998	
  0.173245	  0.054856	  0.025912	  0.745987	
  0.740236	  0.048278	  0.096252	  0.115234	
  0.897022	  0.008750	  0.032107	  0.062121	
  0.048310	  0.033704	  0.177262	  0.740724	
  0.140466	  0.702726	  0.053784	  0.103024	
  0.087353	  0.626382	  0.079835	  0.206430	
  0.206494	  0.343873	  0.223692	  0.225941	
  0.208138	  0.289514	  0.204017	  0.298331	

URL http://cisbp.ccbr.utoronto.ca/TFreport.php?searchTF=T089358_1.02

MOTIF M1110_1.02 (LOAG_11830)_(Caenorhabditis_elegans)_(DBD_0.89)

letter-probability matrix: alength= 4 w= 10 nsites= 1 E= 0
  0.240816	  0.226792	  0.271519	  0.260873	
  0.280565	  0.227422	  0.286233	  0.205780	
  0.235681	  0.250255	  0.341204	  0.172860	
  0.169104	  0.395643	  0.124029	  0.311224	
  0.427182	  0.203814	  0.190035	  0.178968	
  0.688905	  0.115020	  0.173314	  0.022762	
  0.081639	  0.159542	  0.022028	  0.736792	
  0.316472	  0.253975	  0.165213	  0.264340	
  0.234629	  0.269888	  0.289457	  0.206027	
  0.340075	  0.196206	  0.267513	  0.196206	

URL http://cisbp.ccbr.utoronto.ca/TFreport.php?searchTF=T089399_1.02

MOTIF M1223_1.02 (LOAG_06889)_(Mus_musculus)_(DBD_0.95)

letter-probability matrix: alength= 4 w= 8 nsites= 1 E= 0
  0.027268	  0.108261	  0.000270	  0.864201	
  0.022934	  0.022934	  0.000227	  0.953906	
  0.999362	  0.000213	  0.000213	  0.000213	
  0.999376	  0.000208	  0.000208	  0.000208	
  0.000208	  0.000208	  0.000208	  0.999376	
  0.000208	  0.041840	  0.104288	  0.853664	
  0.526025	  0.184280	  0.184280	  0.105415	
  0.148299	  0.037352	  0.740015	  0.074334	

URL http://cisbp.ccbr.utoronto.ca/TFreport.php?searchTF=T089382_1.02

MOTIF M1226_1.02 (LOAG_14143)_(Wuchereria_bancrofti)_(DBD_0.99)

letter-probability matrix: alength= 4 w= 8 nsites= 1 E= 0
  0.167458	  0.368975	  0.167458	  0.296110	
  0.206674	  0.130470	  0.188886	  0.473970	
  0.382364	  0.288985	  0.140664	  0.187987	
  0.850777	  0.022786	  0.061323	  0.065115	
  0.073337	  0.001278	  0.049653	  0.875733	
  0.013710	  0.041188	  0.030819	  0.914283	
  0.801857	  0.016231	  0.059557	  0.122355	
  0.354113	  0.149847	  0.200260	  0.295780	

URL http://cisbp.ccbr.utoronto.ca/TFreport.php?searchTF=T104700_1.02

MOTIF M1244_1.02 (LOAG_04719)_(Caenorhabditis_elegans)_(DBD_0.80)

letter-probability matrix: alength= 4 w= 8 nsites= 1 E= 0
  0.031523	  0.031523	  0.031523	  0.905431	
  0.102715	  0.000256	  0.871158	  0.025871	
  0.190533	  0.737631	  0.000238	  0.071598	
  0.910524	  0.044627	  0.000222	  0.044627	
  0.000222	  0.000222	  0.000222	  0.999334	
  0.999334	  0.000222	  0.000222	  0.000222	
  0.552313	  0.026551	  0.026551	  0.394585	
  0.115591	  0.077189	  0.038786	  0.768433	

URL http://cisbp.ccbr.utoronto.ca/TFreport.php?searchTF=T104699_1.02

MOTIF M1469_1.02 (LOAG_02577)_(Drosophila_melanogaster)_(DBD_0.87)

letter-probability matrix: alength= 4 w= 8 nsites= 1 E= 0
  0.221383	  0.221383	  0.290064	  0.267170	
  0.000059	  0.100627	  0.000059	  0.899255	
  0.000054	  0.005429	  0.994464	  0.000054	
  0.994464	  0.000054	  0.005429	  0.000054	
  0.005429	  0.994464	  0.000054	  0.000054	
  0.000054	  0.999839	  0.000054	  0.000054	
  0.000077	  0.407644	  0.000077	  0.592202	
  0.202148	  0.361655	  0.244683	  0.191514	

URL http://cisbp.ccbr.utoronto.ca/TFreport.php?searchTF=T131062_1.02

MOTIF M1472_1.02 (LOAG_06205)_(Drosophila_pseudoobscura)_(DBD_0.90)

letter-probability matrix: alength= 4 w= 8 nsites= 1 E= 0
  0.143466	  0.001420	  0.285511	  0.569602	
  0.000906	  0.000906	  0.000906	  0.997283	
  0.000906	  0.091486	  0.906703	  0.000906	
  0.997283	  0.000906	  0.000906	  0.000906	
  0.000906	  0.000906	  0.000906	  0.997283	
  0.000906	  0.906703	  0.091486	  0.000906	
  0.091486	  0.091486	  0.000906	  0.816123	
  0.000996	  0.598606	  0.000996	  0.399402	

URL http://cisbp.ccbr.utoronto.ca/TFreport.php?searchTF=T131072_1.02

MOTIF M1474_1.02 (LOAG_08615)_(Caenorhabditis_elegans)_(DBD_0.89)

letter-probability matrix: alength= 4 w= 9 nsites= 1 E= 0
  0.215860	  0.205332	  0.266301	  0.312507	
  0.119743	  0.156859	  0.006205	  0.717194	
  0.206588	  0.087420	  0.555978	  0.150014	
  0.348671	  0.173145	  0.335000	  0.143184	
  0.252826	  0.086721	  0.056980	  0.603473	
  0.186452	  0.431892	  0.206062	  0.175594	
  0.257354	  0.252258	  0.217120	  0.273268	
  0.233948	  0.297407	  0.261151	  0.207494	
  0.260825	  0.209317	  0.274198	  0.255660	

URL http://cisbp.ccbr.utoronto.ca/TFreport.php?searchTF=T131074_1.02

MOTIF M1491_1.02 (LOAG_05209)_(Brugia_pahangi)_(DBD_1.00)

letter-probability matrix: alength= 4 w= 8 nsites= 1 E= 0
  0.246156	  0.138530	  0.276907	  0.338407	
  0.000107	  0.010856	  0.000107	  0.988929	
  0.000107	  0.000107	  0.999678	  0.000107	
  0.999678	  0.000107	  0.000107	  0.000107	
  0.000107	  0.999678	  0.000107	  0.000107	
  0.000107	  0.999678	  0.000107	  0.000107	
  0.000125	  0.412419	  0.000125	  0.587331	
  0.240748	  0.259252	  0.222243	  0.277757	

URL http://cisbp.ccbr.utoronto.ca/TFreport.php?searchTF=T131070_1.02

MOTIF M1574_1.02 (LOAG_05337)_(Caenorhabditis_elegans)_(DBD_0.81)

letter-probability matrix: alength= 4 w= 11 nsites= 1 E= 0
  0.330663	  0.223112	  0.223112	  0.223112	
  0.272757	  0.228295	  0.299748	  0.199199	
  0.033076	  0.033076	  0.033076	  0.900773	
  0.000115	  0.000115	  0.917099	  0.082672	
  0.082672	  0.000115	  0.000115	  0.917099	
  0.000115	  0.999656	  0.000115	  0.000115	
  0.000115	  0.000115	  0.000115	  0.999656	
  0.214516	  0.000115	  0.785254	  0.000115	
  0.027002	  0.027002	  0.836436	  0.109560	
  0.359996	  0.241673	  0.255945	  0.142386	
  0.217039	  0.348883	  0.217039	  0.217039	

URL http://cisbp.ccbr.utoronto.ca/TFreport.php?searchTF=T141658_1.02

MOTIF M1599_1.02 (LOAG_04803)_(Mus_musculus)_(DBD_0.96)

letter-probability matrix: alength= 4 w= 9 nsites= 1 E= 0
  0.610507	  0.080181	  0.080181	  0.229130	
  0.027959	  0.087421	  0.055188	  0.829432	
  0.077434	  0.030859	  0.020893	  0.870814	
  0.237747	  0.206688	  0.478765	  0.076800	
  0.240465	  0.078459	  0.077678	  0.603397	
  0.222149	  0.224382	  0.205070	  0.348399	
  0.230661	  0.273404	  0.181445	  0.314490	
  0.236240	  0.248352	  0.218077	  0.297331	
  0.240132	  0.254981	  0.252444	  0.252444	

URL http://cisbp.ccbr.utoronto.ca/TFreport.php?searchTF=T142752_1.02

MOTIF M1609_1.02 (LOAG_04714)_(Caenorhabditis_elegans)_(DBD_0.96)

letter-probability matrix: alength= 4 w= 10 nsites= 1 E= 0
  0.450923	  0.148771	  0.148771	  0.251536	
  0.298333	  0.204180	  0.289058	  0.208429	
  0.896801	  0.000144	  0.000144	  0.102910	
  0.910076	  0.089635	  0.000144	  0.000144	
  0.089635	  0.807310	  0.000144	  0.102910	
  0.999567	  0.000144	  0.000144	  0.000144	
  0.999567	  0.000144	  0.000144	  0.000144	
  0.000144	  0.000144	  0.000144	  0.999567	
  0.609680	  0.101374	  0.101374	  0.187572	
  0.240264	  0.237286	  0.371677	  0.150773	

URL http://cisbp.ccbr.utoronto.ca/TFreport.php?searchTF=T142751_1.02

MOTIF M1890_1.02 (LOAG_02863)_(Homo_sapiens)_(DBD_0.84)

letter-probability matrix: alength= 4 w= 18 nsites= 1 E= 0
  0.536953	  0.172787	  0.112112	  0.178148	
  0.135379	  0.112568	  0.522354	  0.229699	
  0.404653	  0.257299	  0.247263	  0.090785	
  0.137203	  0.339074	  0.453695	  0.070027	
  0.208257	  0.267336	  0.035698	  0.488709	
  0.021898	  0.095119	  0.546077	  0.336907	
  0.027030	  0.842153	  0.054859	  0.075958	
  0.001825	  0.113253	  0.027600	  0.857322	
  0.025319	  0.116104	  0.819001	  0.039576	
  0.975707	  0.000228	  0.017108	  0.006957	
  0.000570	  0.005931	  0.000912	  0.992587	
  0.001141	  0.000570	  0.000570	  0.997719	
  0.003307	  0.001141	  0.994526	  0.001026	
  0.001369	  0.007984	  0.990306	  0.000342	
  0.042997	  0.305315	  0.001711	  0.649977	
  0.052464	  0.449703	  0.213618	  0.284215	
  0.175297	  0.476277	  0.253992	  0.094434	
  0.485972	  0.129562	  0.308736	  0.075730	

URL http://cisbp.ccbr.utoronto.ca/TFreport.php?searchTF=T070388_1.02

MOTIF M1910_1.02 (LOAG_01601)_(Homo_sapiens)_(DBD_0.94)

letter-probability matrix: alength= 4 w= 18 nsites= 1 E= 0
  0.187088	  0.357049	  0.123408	  0.332455	
  0.446640	  0.195872	  0.145367	  0.212121	
  0.226175	  0.125165	  0.090470	  0.558191	
  0.118577	  0.112868	  0.439174	  0.329381	
  0.209486	  0.299078	  0.234080	  0.257356	
  0.021520	  0.941590	  0.000000	  0.036891	
  0.000000	  0.924462	  0.000000	  0.075538	
  0.776021	  0.028986	  0.010101	  0.184892	
  0.519982	  0.000000	  0.032060	  0.447958	
  0.977602	  0.000000	  0.007027	  0.015371	
  0.259113	  0.052701	  0.007027	  0.681159	
  0.899429	  0.005270	  0.022398	  0.072903	
  0.637681	  0.004392	  0.038208	  0.319719	
  0.029864	  0.000000	  0.970136	  0.000000	
  0.006588	  0.003074	  0.990338	  0.000000	
  0.267018	  0.379447	  0.193676	  0.159859	
  0.594203	  0.221344	  0.101010	  0.083443	
  0.570487	  0.078173	  0.202020	  0.149319	

URL http://cisbp.ccbr.utoronto.ca/TFreport.php?searchTF=T110964_1.02

MOTIF M1974_1.02 (LOAG_12837)_(Drosophila_melanogaster)_(DBD_0.84)

letter-probability matrix: alength= 4 w= 7 nsites= 1 E= 0
  0.047619	  0.000000	  0.000000	  0.952381	
  0.000000	  0.000000	  0.000000	  1.000000	
  0.238095	  0.000000	  0.000000	  0.761905	
  1.000000	  0.000000	  0.000000	  0.000000	
  0.000000	  0.142857	  0.000000	  0.857143	
  0.142857	  0.000000	  0.523810	  0.333333	
  0.619048	  0.000000	  0.238095	  0.142857	

URL http://cisbp.ccbr.utoronto.ca/TFreport.php?searchTF=T089401_1.02

MOTIF M1988_1.02 (LOAG_13561)_(Drosophila_melanogaster)_(DBD_0.72)

letter-probability matrix: alength= 4 w= 7 nsites= 1 E= 0
  0.086957	  0.260870	  0.086957	  0.565217	
  0.000000	  0.000000	  0.000000	  1.000000	
  1.000000	  0.000000	  0.000000	  0.000000	
  1.000000	  0.000000	  0.000000	  0.000000	
  0.000000	  0.000000	  0.000000	  1.000000	
  0.000000	  0.000000	  0.086957	  0.913043	
  0.521739	  0.000000	  0.434783	  0.043478	

URL http://cisbp.ccbr.utoronto.ca/TFreport.php?searchTF=T089405_1.02

MOTIF M2275_1.02 (LOAG_12382)_(Homo_sapiens)_(DBD_0.58)

letter-probability matrix: alength= 4 w= 13 nsites= 1 E= 0
  0.305814	  0.160305	  0.413301	  0.120580	
  0.517088	  0.111111	  0.263574	  0.108226	
  0.590176	  0.089288	  0.171475	  0.149061	
  0.302264	  0.339473	  0.230138	  0.128125	
  0.068353	  0.740272	  0.191374	  0.000000	
  0.660527	  0.339473	  0.000000	  0.000000	
  0.000000	  0.000000	  1.000000	  0.000000	
  0.000000	  0.000000	  1.000000	  0.000000	
  1.000000	  0.000000	  0.000000	  0.000000	
  1.000000	  0.000000	  0.000000	  0.000000	
  0.087513	  0.000000	  0.912487	  0.000000	
  0.116215	  0.154905	  0.013242	  0.715638	
  0.194851	  0.128347	  0.601050	  0.075751	

URL http://cisbp.ccbr.utoronto.ca/TFreport.php?searchTF=T077512_1.02

MOTIF M2283_1.02 (LOAG_14739)_(Homo_sapiens)_(DBD_0.74)

letter-probability matrix: alength= 4 w= 15 nsites= 1 E= 0
  0.331190	  0.347267	  0.154341	  0.167203	
  0.421222	  0.183280	  0.176849	  0.218650	
  0.498392	  0.125402	  0.128617	  0.247588	
  0.578778	  0.135048	  0.170418	  0.115756	
  0.443730	  0.019293	  0.282958	  0.254019	
  0.254019	  0.035370	  0.710611	  0.000000	
  0.228296	  0.012862	  0.000000	  0.758842	
  1.000000	  0.000000	  0.000000	  0.000000	
  1.000000	  0.000000	  0.000000	  0.000000	
  1.000000	  0.000000	  0.000000	  0.000000	
  0.051447	  0.893891	  0.032154	  0.022508	
  1.000000	  0.000000	  0.000000	  0.000000	
  0.565916	  0.247588	  0.183280	  0.003215	
  0.781350	  0.057878	  0.073955	  0.086817	
