MEME version 4

ALPHABET= ACGT

strands: + -

Background letter frequencies (from uniform background):
A 0.25000 C 0.25000 G 0.25000 T 0.25000 

MOTIF M0104_1.02 (ARID3B)_(Mus_musculus)_(DBD_0.98)

letter-probability matrix: alength= 4 w= 11 nsites= 1 E= 0
  0.467943	  0.177352	  0.177352	  0.177352	
  0.273411	  0.080067	  0.080067	  0.566454	
  0.609177	  0.119174	  0.033749	  0.237901	
  0.104443	  0.000141	  0.000141	  0.895276	
  0.000141	  0.000141	  0.000141	  0.999578	
  0.999578	  0.000141	  0.000141	  0.000141	
  0.910941	  0.000141	  0.000141	  0.088778	
  0.088778	  0.000141	  0.000141	  0.910941	
  0.261793	  0.167866	  0.072788	  0.497552	
  0.489780	  0.170073	  0.170073	  0.170073	
  0.350824	  0.216392	  0.216392	  0.216392	

URL http://cisbp.ccbr.utoronto.ca/TFreport.php?searchTF=T007466_1.02

MOTIF M0105_1.02 (ARID3C)_(Mus_musculus)_(DBD_0.91)

letter-probability matrix: alength= 4 w= 9 nsites= 1 E= 0
  0.265180	  0.185010	  0.202433	  0.347377	
  0.185396	  0.187259	  0.108039	  0.519306	
  0.151265	  0.141039	  0.100387	  0.607308	
  0.095920	  0.138866	  0.056459	  0.708755	
  0.354424	  0.113351	  0.333784	  0.198441	
  0.739186	  0.094212	  0.057143	  0.109459	
  0.023279	  0.024473	  0.020037	  0.932211	
  0.285933	  0.246105	  0.089636	  0.378326	
  0.254088	  0.232219	  0.267115	  0.246578	

URL http://cisbp.ccbr.utoronto.ca/TFreport.php?searchTF=T007465_1.02

MOTIF M0110_1.02 (ARID5A)_(Rattus_norvegicus)_(DBD_0.97)

letter-probability matrix: alength= 4 w= 10 nsites= 1 E= 0
  0.229320	  0.255984	  0.250916	  0.263780	
  0.194317	  0.317186	  0.177592	  0.310905	
  0.229015	  0.255644	  0.331553	  0.183789	
  0.525746	  0.074800	  0.294364	  0.105090	
  0.330068	  0.122646	  0.088173	  0.459114	
  0.930616	  0.000580	  0.049198	  0.019606	
  0.034070	  0.021942	  0.020255	  0.923732	
  0.151462	  0.217095	  0.053002	  0.578440	
  0.292785	  0.179368	  0.323578	  0.204269	
  0.247457	  0.254993	  0.242557	  0.254993	

URL http://cisbp.ccbr.utoronto.ca/TFreport.php?searchTF=T007472_1.02

MOTIF M0134_1.02 (HMGA2)_(Pongo_pygmaeus)_(DBD_0.95)

letter-probability matrix: alength= 4 w= 8 nsites= 1 E= 0
  0.295752	  0.289896	  0.225771	  0.188580	
  0.256034	  0.248467	  0.263831	  0.231669	
  0.369207	  0.139960	  0.273515	  0.217317	
  0.334398	  0.133264	  0.250218	  0.282120	
  0.408108	  0.081576	  0.176185	  0.334131	
  0.716329	  0.002147	  0.001706	  0.279818	
  0.604747	  0.000300	  0.139047	  0.255906	
  0.270214	  0.135533	  0.076647	  0.517606	

URL http://cisbp.ccbr.utoronto.ca/TFreport.php?searchTF=T008684_1.02

MOTIF M0175_1.02 (MNT)_(Mus_musculus)_(DBD_0.96)

letter-probability matrix: alength= 4 w= 9 nsites= 1 E= 0
  0.237177	  0.246857	  0.223365	  0.292601	
  0.263053	  0.221929	  0.327785	  0.187233	
  0.059666	  0.787422	  0.047407	  0.105506	
  0.799512	  0.000774	  0.059383	  0.140331	
  0.018558	  0.805027	  0.000347	  0.176069	
  0.048592	  0.094015	  0.857013	  0.000380	
  0.032567	  0.226622	  0.003298	  0.737513	
  0.075226	  0.001633	  0.788785	  0.134356	
  0.183543	  0.327814	  0.217554	  0.271089	

URL http://cisbp.ccbr.utoronto.ca/TFreport.php?searchTF=T014741_1.02

MOTIF M0177_1.02 (TWIST2)_(Mus_musculus)_(DBD_1.00)

letter-probability matrix: alength= 4 w= 10 nsites= 1 E= 0
  0.301828	  0.199871	  0.298430	  0.199871	
  0.282456	  0.579511	  0.069016	  0.069016	
  0.000139	  0.999582	  0.000139	  0.000139	
  0.999582	  0.000139	  0.000139	  0.000139	
  0.000139	  0.217001	  0.000139	  0.782721	
  0.789108	  0.000139	  0.210614	  0.000139	
  0.000139	  0.000139	  0.000139	  0.999582	
  0.000139	  0.000139	  0.999582	  0.000139	
  0.050268	  0.050268	  0.154736	  0.744728	
  0.181123	  0.181123	  0.272271	  0.365483	

URL http://cisbp.ccbr.utoronto.ca/TFreport.php?searchTF=T014734_1.02

MOTIF M0178_1.02 (ASCL1)_(Mus_musculus)_(DBD_0.86)

letter-probability matrix: alength= 4 w= 10 nsites= 1 E= 0
  0.315548	  0.181281	  0.304970	  0.198202	
  0.342567	  0.215650	  0.329097	  0.112687	
  0.036295	  0.956859	  0.000000	  0.006845	
  0.887444	  0.026036	  0.052040	  0.034479	
  0.022313	  0.233167	  0.582932	  0.161589	
  0.161589	  0.582932	  0.233167	  0.022313	
  0.034479	  0.052040	  0.026036	  0.887444	
  0.006845	  0.000000	  0.956859	  0.036295	
  0.112687	  0.329097	  0.215650	  0.342567	
  0.198202	  0.304970	  0.181281	  0.315548	

URL http://cisbp.ccbr.utoronto.ca/TFreport.php?searchTF=T014717_1.02

MOTIF M0181_1.02 (MLX)_(Mus_musculus)_(DBD_0.93)

letter-probability matrix: alength= 4 w= 9 nsites= 1 E= 0
  0.213190	  0.185339	  0.327729	  0.273742	
  0.340712	  0.160941	  0.265347	  0.233000	
  0.209405	  0.197210	  0.258338	  0.335047	
  0.000001	  0.999579	  0.000071	  0.000349	
  0.888940	  0.000000	  0.111055	  0.000004	
  0.000027	  0.798969	  0.000000	  0.201004	
  0.000000	  0.076487	  0.922526	  0.000987	
  0.097990	  0.012742	  0.112715	  0.776553	
  0.052222	  0.053812	  0.769317	  0.124649	

URL http://cisbp.ccbr.utoronto.ca/TFreport.php?searchTF=T014672_1.02

MOTIF M0187_1.02 (SREBF1)_(Mus_musculus)_(DBD_0.98)

letter-probability matrix: alength= 4 w= 10 nsites= 1 E= 0
  0.393016	  0.151995	  0.362799	  0.092190	
  0.117172	  0.118350	  0.069661	  0.694816	
  0.128123	  0.479620	  0.327993	  0.064264	
  0.397372	  0.002704	  0.466320	  0.133603	
  0.000288	  0.485023	  0.315512	  0.199177	
  0.212693	  0.139749	  0.578160	  0.069397	
  0.099009	  0.160007	  0.002045	  0.738939	
  0.055450	  0.025674	  0.841747	  0.077129	
  0.578926	  0.073052	  0.141341	  0.206681	
  0.101129	  0.261489	  0.146407	  0.490975	

URL http://cisbp.ccbr.utoronto.ca/TFreport.php?searchTF=T014680_1.02

MOTIF M0189_1.02 (ID2)_(Mus_musculus)_(DBD_0.98)

letter-probability matrix: alength= 4 w= 8 nsites= 1 E= 0
  0.277716	  0.166851	  0.499446	  0.055987	
  0.000370	  0.998891	  0.000370	  0.000370	
  0.999001	  0.000333	  0.000333	  0.000333	
  0.000333	  0.999001	  0.000333	  0.000333	
  0.000333	  0.000333	  0.999001	  0.000333	
  0.000333	  0.000333	  0.000333	  0.999001	
  0.000344	  0.000344	  0.998967	  0.000344	
  0.499546	  0.045826	  0.272686	  0.181942	

URL http://cisbp.ccbr.utoronto.ca/TFreport.php?searchTF=T014706_1.02

MOTIF M0195_1.02 (MSC)_(Mus_musculus)_(DBD_1.00)

letter-probability matrix: alength= 4 w= 10 nsites= 1 E= 0
  0.349915	  0.146774	  0.278558	  0.224752	
  0.357002	  0.417355	  0.173504	  0.052139	
  0.139509	  0.827857	  0.032001	  0.000633	
  0.724593	  0.000000	  0.227645	  0.047763	
  0.064454	  0.126184	  0.294078	  0.515285	
  0.515285	  0.294078	  0.126184	  0.064454	
  0.047763	  0.227645	  0.000000	  0.724593	
  0.000633	  0.032001	  0.827857	  0.139509	
  0.052139	  0.173504	  0.417355	  0.357002	
  0.224752	  0.278558	  0.146774	  0.349915	

URL http://cisbp.ccbr.utoronto.ca/TFreport.php?searchTF=T014696_1.02

MOTIF M0196_1.02 (NPAS2)_(Mus_musculus)_(DBD_0.98)

letter-probability matrix: alength= 4 w= 10 nsites= 1 E= 0
  0.273313	  0.176530	  0.292754	  0.257403	
  0.154185	  0.377249	  0.420347	  0.048219	
  0.000226	  0.999321	  0.000226	  0.000226	
  0.999321	  0.000226	  0.000226	  0.000226	
  0.081100	  0.918447	  0.000226	  0.000226	
  0.081100	  0.000226	  0.918447	  0.000226	
  0.000226	  0.000226	  0.000226	  0.999321	
  0.081100	  0.000226	  0.918447	  0.000226	
  0.073697	  0.172181	  0.187665	  0.566457	
  0.297058	  0.298928	  0.202007	  0.202007	

URL http://cisbp.ccbr.utoronto.ca/TFreport.php?searchTF=T014678_1.02

MOTIF M0198_1.02 (ENSMEUG00000002333)_(Mus_musculus)_(DBD_0.78)

letter-probability matrix: alength= 4 w= 10 nsites= 1 E= 0
  0.314175	  0.219192	  0.249622	  0.217011	
  0.209218	  0.174753	  0.434144	  0.181885	
  0.159171	  0.387601	  0.102512	  0.350716	
  0.253998	  0.378920	  0.186294	  0.180788	
  0.131112	  0.769738	  0.026471	  0.072679	
  0.075648	  0.029847	  0.894341	  0.000165	
  0.109744	  0.024733	  0.070679	  0.794844	
  0.000431	  0.092665	  0.896940	  0.009964	
  0.171237	  0.574240	  0.137421	  0.117102	
  0.291434	  0.191486	  0.303328	  0.213752	

URL http://cisbp.ccbr.utoronto.ca/TFreport.php?searchTF=T014685_1.02

MOTIF M0200_1.02 (CLOCK)_(Mus_musculus)_(DBD_1.00)

letter-probability matrix: alength= 4 w= 10 nsites= 1 E= 0
  0.239964	  0.200309	  0.336557	  0.223170	
  0.293276	  0.320740	  0.252774	  0.133210	
  0.162184	  0.774560	  0.028113	  0.035143	
  0.713119	  0.054463	  0.173280	  0.059138	
  0.027939	  0.674387	  0.047681	  0.249993	
  0.249993	  0.047681	  0.674387	  0.027939	
  0.059138	  0.173280	  0.054463	  0.713119	
  0.035143	  0.028113	  0.774560	  0.162184	
  0.133210	  0.252774	  0.320740	  0.293276	
  0.223170	  0.336557	  0.200309	  0.239964	

URL http://cisbp.ccbr.utoronto.ca/TFreport.php?searchTF=T014695_1.02

MOTIF M0211_1.02 (MLXIP)_(Mus_musculus)_(DBD_0.80)

letter-probability matrix: alength= 4 w= 8 nsites= 1 E= 0
  0.053046	  0.263130	  0.420693	  0.263130	
  0.000399	  0.998802	  0.000399	  0.000399	
  0.998802	  0.000399	  0.000399	  0.000399	
  0.000399	  0.998802	  0.000399	  0.000399	
  0.000399	  0.000399	  0.998802	  0.000399	
  0.000399	  0.000399	  0.000399	  0.998802	
  0.000399	  0.000399	  0.998802	  0.000399	
  0.187656	  0.062968	  0.250000	  0.499377	

URL http://cisbp.ccbr.utoronto.ca/TFreport.php?searchTF=T014673_1.02

MOTIF M0212_1.02 (TCFL5)_(Mus_musculus)_(DBD_1.00)

letter-probability matrix: alength= 4 w= 10 nsites= 1 E= 0
  0.263325	  0.202596	  0.307948	  0.226130	
  0.113138	  0.226680	  0.364435	  0.295747	
  0.058154	  0.874211	  0.016939	  0.050696	
  0.372199	  0.064471	  0.336403	  0.226927	
  0.006221	  0.903915	  0.018504	  0.071360	
  0.071360	  0.018504	  0.903915	  0.006221	
  0.226927	  0.336403	  0.064471	  0.372199	
  0.050696	  0.016939	  0.874211	  0.058154	
  0.295747	  0.364435	  0.226680	  0.113138	
  0.226130	  0.307948	  0.202596	  0.263325	

URL http://cisbp.ccbr.utoronto.ca/TFreport.php?searchTF=T014683_1.02

MOTIF M0215_1.02 (HES5)_(Mus_musculus)_(DBD_0.95)

letter-probability matrix: alength= 4 w= 10 nsites= 1 E= 0
  0.216882	  0.223200	  0.384442	  0.175475	
  0.345594	  0.220337	  0.348034	  0.086035	
  0.070888	  0.898272	  0.018035	  0.012805	
  0.587881	  0.086790	  0.237040	  0.088289	
  0.022632	  0.821184	  0.052593	  0.103591	
  0.103591	  0.052593	  0.821184	  0.022632	
  0.088289	  0.237040	  0.086790	  0.587881	
  0.012805	  0.018035	  0.898272	  0.070888	
  0.086035	  0.348034	  0.220337	  0.345594	
  0.175475	  0.384442	  0.223200	  0.216882	

URL http://cisbp.ccbr.utoronto.ca/TFreport.php?searchTF=T014735_1.02

MOTIF M0216_1.02 (NHLH2)_(Mus_musculus)_(DBD_1.00)

letter-probability matrix: alength= 4 w= 10 nsites= 1 E= 0
  0.282767	  0.305521	  0.171954	  0.239759	
  0.037628	  0.037628	  0.674128	  0.250617	
  0.000178	  0.862732	  0.000178	  0.136912	
  0.930537	  0.000178	  0.069106	  0.000178	
  0.071132	  0.077413	  0.714543	  0.136912	
  0.145218	  0.714543	  0.069106	  0.071132	
  0.000178	  0.067984	  0.000178	  0.931660	
  0.077413	  0.000178	  0.922231	  0.000178	
  0.152455	  0.301874	  0.078225	  0.467447	
  0.281479	  0.212551	  0.293420	  0.212551	

URL http://cisbp.ccbr.utoronto.ca/TFreport.php?searchTF=T014688_1.02

MOTIF M0217_1.02 (NEUROG1)_(Mus_musculus)_(DBD_0.96)

letter-probability matrix: alength= 4 w= 10 nsites= 1 E= 0
  0.424799	  0.113479	  0.235478	  0.226244	
  0.169637	  0.592091	  0.171342	  0.066931	
  0.271365	  0.687777	  0.026936	  0.013922	
  0.665113	  0.034812	  0.186785	  0.113291	
  0.001368	  0.064301	  0.143105	  0.791225	
  0.793894	  0.140745	  0.056090	  0.009272	
  0.075714	  0.150952	  0.010559	  0.762775	
  0.011683	  0.000903	  0.869711	  0.117703	
  0.038634	  0.150525	  0.421629	  0.389213	
  0.091763	  0.270213	  0.234912	  0.403111	

URL http://cisbp.ccbr.utoronto.ca/TFreport.php?searchTF=T014679_1.02

MOTIF M0298_1.02 (ATF3)_(Mus_musculus)_(DBD_0.98)

letter-probability matrix: alength= 4 w= 9 nsites= 1 E= 0
  0.180173	  0.245653	  0.229045	  0.345129	
  0.180819	  0.146569	  0.458287	  0.214325	
  0.556878	  0.113562	  0.235650	  0.093911	
  0.020212	  0.000716	  0.000325	  0.978747	
  0.084476	  0.056062	  0.643206	  0.216256	
  0.854376	  0.000259	  0.030888	  0.114477	
  0.078044	  0.669994	  0.033357	  0.218605	
  0.230071	  0.132739	  0.463306	  0.173884	
  0.217065	  0.252194	  0.200376	  0.330365	

URL http://cisbp.ccbr.utoronto.ca/TFreport.php?searchTF=T025606_1.02

MOTIF M0300_1.02 (ATF2)_(Mus_musculus)_(DBD_1.00)

letter-probability matrix: alength= 4 w= 10 nsites= 1 E= 0
  0.291870	  0.184253	  0.277636	  0.246241	
  0.530199	  0.133387	  0.274034	  0.062380	
  0.035631	  0.062379	  0.001238	  0.900752	
  0.073796	  0.082377	  0.556301	  0.287525	
  0.757933	  0.025806	  0.125285	  0.090976	
  0.084682	  0.638364	  0.084682	  0.192271	
  0.156906	  0.065082	  0.710273	  0.067738	
  0.117142	  0.166233	  0.068950	  0.647675	
  0.368627	  0.407396	  0.102492	  0.121484	
  0.489340	  0.124345	  0.187365	  0.198951	

URL http://cisbp.ccbr.utoronto.ca/TFreport.php?searchTF=T025628_1.02

MOTIF M0306_1.02 (ATF4)_(Mus_musculus)_(DBD_0.88)

letter-probability matrix: alength= 4 w= 13 nsites= 1 E= 0
  0.225953	  0.322141	  0.225953	  0.225953	
  0.275447	  0.272623	  0.179259	  0.272671	
  0.419876	  0.225846	  0.223845	  0.130433	
  0.143666	  0.141617	  0.150860	  0.563858	
  0.117391	  0.119440	  0.152771	  0.610399	
  0.607710	  0.000238	  0.289208	  0.102844	
  0.093650	  0.713348	  0.000238	  0.192764	
  0.190971	  0.093650	  0.522049	  0.193330	
  0.220303	  0.311922	  0.024285	  0.443490	
  0.562908	  0.199722	  0.166391	  0.070979	
  0.345918	  0.317568	  0.119805	  0.216709	
  0.297141	  0.298889	  0.201985	  0.201985	
  0.226211	  0.226211	  0.226211	  0.321368	

URL http://cisbp.ccbr.utoronto.ca/TFreport.php?searchTF=T025617_1.02

MOTIF M0307_1.02 (CREBZF)_(Mus_musculus)_(DBD_1.00)

letter-probability matrix: alength= 4 w= 8 nsites= 1 E= 0
  0.498756	  0.125622	  0.001244	  0.374378	
  0.498756	  0.001244	  0.001244	  0.498756	
  0.996681	  0.001106	  0.001106	  0.001106	
  0.001106	  0.996681	  0.001106	  0.001106	
  0.001106	  0.001106	  0.996681	  0.001106	
  0.001106	  0.001106	  0.001106	  0.996681	
  0.498756	  0.001244	  0.001244	  0.498756	
  0.200397	  0.001984	  0.398810	  0.398810	

URL http://cisbp.ccbr.utoronto.ca/TFreport.php?searchTF=T025597_1.02

MOTIF M0308_1.02 (MAFG)_(Mus_musculus)_(DBD_1.00)

letter-probability matrix: alength= 4 w= 10 nsites= 1 E= 0
  0.210236	  0.241829	  0.402717	  0.145218	
  0.137799	  0.117425	  0.127204	  0.617572	
  0.252961	  0.530191	  0.058747	  0.158101	
  0.595515	  0.084726	  0.143944	  0.175814	
  0.134960	  0.017374	  0.661809	  0.185857	
  0.085670	  0.720903	  0.101545	  0.091882	
  0.538447	  0.049338	  0.259482	  0.152733	
  0.320244	  0.206249	  0.186622	  0.286886	
  0.324774	  0.156512	  0.187379	  0.331335	
  0.306832	  0.191770	  0.155446	  0.345952	

URL http://cisbp.ccbr.utoronto.ca/TFreport.php?searchTF=T025621_1.02

MOTIF M0309_1.02 (ATF7)_(Mus_musculus)_(DBD_1.00)

letter-probability matrix: alength= 4 w= 10 nsites= 1 E= 0
  0.260002	  0.181397	  0.311279	  0.247322	
  0.577516	  0.121357	  0.289668	  0.011459	
  0.000019	  0.055723	  0.000006	  0.944252	
  0.074595	  0.061073	  0.579449	  0.284883	
  0.852748	  0.005980	  0.140958	  0.000313	
  0.000066	  0.834717	  0.000028	  0.165189	
  0.169554	  0.075428	  0.694486	  0.060532	
  0.133120	  0.126628	  0.087466	  0.652787	
  0.371994	  0.440927	  0.102399	  0.084680	
  0.527113	  0.119991	  0.170275	  0.182621	

URL http://cisbp.ccbr.utoronto.ca/TFreport.php?searchTF=T025586_1.02

MOTIF M0319_1.02 (CREM)_(Mus_musculus)_(DBD_1.00)

letter-probability matrix: alength= 4 w= 10 nsites= 1 E= 0
  0.183122	  0.183122	  0.270541	  0.363215	
  0.645397	  0.087274	  0.180054	  0.087274	
  0.000184	  0.000184	  0.000184	  0.999448	
  0.000184	  0.000184	  0.724689	  0.274944	
  0.999448	  0.000184	  0.000184	  0.000184	
  0.000184	  0.999448	  0.000184	  0.000184	
  0.000184	  0.000184	  0.999448	  0.000184	
  0.000184	  0.000184	  0.000184	  0.999448	
  0.547966	  0.317911	  0.067062	  0.067062	
  0.511272	  0.162909	  0.162909	  0.162909	

URL http://cisbp.ccbr.utoronto.ca/TFreport.php?searchTF=T025596_1.02

MOTIF M0391_1.02 (BCL6B)_(Mus_musculus)_(DBD_0.95)

letter-probability matrix: alength= 4 w= 12 nsites= 1 E= 0
  0.225477	  0.225477	  0.225477	  0.323570	
  0.174679	  0.264200	  0.174679	  0.386441	
  0.174679	  0.475962	  0.174679	  0.174679	
  0.231566	  0.046052	  0.136642	  0.585740	
  0.613789	  0.112087	  0.273933	  0.000191	
  0.185997	  0.000191	  0.813622	  0.000191	
  0.702578	  0.000191	  0.297041	  0.000191	
  0.794940	  0.000191	  0.204678	  0.000191	
  0.630781	  0.117305	  0.227200	  0.024714	
  0.373214	  0.075511	  0.475764	  0.075511	
  0.590285	  0.075511	  0.258693	  0.075511	
  0.294700	  0.297022	  0.204139	  0.204139	

URL http://cisbp.ccbr.utoronto.ca/TFreport.php?searchTF=T046385_1.02

MOTIF M0405_1.02 (KLF7)_(Mus_musculus)_(DBD_1.00)

letter-probability matrix: alength= 4 w= 10 nsites= 1 E= 0
  0.322200	  0.077105	  0.258571	  0.342124	
  0.174850	  0.000229	  0.823801	  0.001121	
  0.000272	  0.000173	  0.999363	  0.000191	
  0.000074	  0.000241	  0.999596	  0.000089	
  0.100743	  0.660217	  0.010304	  0.228736	
  0.015211	  0.000320	  0.974574	  0.009895	
  0.042318	  0.089587	  0.352557	  0.515538	
  0.208085	  0.076550	  0.538047	  0.177318	
  0.167365	  0.115605	  0.497789	  0.219242	
  0.170239	  0.414554	  0.180766	  0.234441	

URL http://cisbp.ccbr.utoronto.ca/TFreport.php?searchTF=T046531_1.02

MOTIF M0408_1.02 (ZKSCAN1)_(Mus_musculus)_(DBD_0.96)

letter-probability matrix: alength= 4 w= 10 nsites= 1 E= 0
  0.368659	  0.127974	  0.237717	  0.265650	
  0.253090	  0.257619	  0.185858	  0.303434	
  0.201345	  0.206571	  0.334720	  0.257364	
  0.145520	  0.301411	  0.103189	  0.449879	
  0.311749	  0.108333	  0.429663	  0.150255	
  0.150255	  0.429663	  0.108333	  0.311749	
  0.449879	  0.103189	  0.301411	  0.145520	
  0.257364	  0.334720	  0.206571	  0.201345	
  0.303434	  0.185858	  0.257619	  0.253090	
  0.265650	  0.237717	  0.127974	  0.368659	

URL http://cisbp.ccbr.utoronto.ca/TFreport.php?searchTF=T046475_1.02

MOTIF M0412_1.02 (ZIC4)_(Mus_musculus)_(DBD_0.93)

letter-probability matrix: alength= 4 w= 10 nsites= 1 E= 0
  0.211653	  0.604832	  0.125832	  0.057682	
  0.314154	  0.183072	  0.267704	  0.235070	
  0.058970	  0.740279	  0.079601	  0.121150	
  0.397146	  0.274322	  0.144648	  0.183884	
  0.284528	  0.162525	  0.493158	  0.059790	
  0.028073	  0.552700	  0.203327	  0.215900	
  0.398045	  0.024205	  0.457861	  0.119889	
  0.071035	  0.034924	  0.641094	  0.252946	
  0.023960	  0.006530	  0.894594	  0.074916	
  0.274248	  0.166340	  0.352141	  0.207272	

URL http://cisbp.ccbr.utoronto.ca/TFreport.php?searchTF=T046519_1.02

MOTIF M0422_1.02 (ZIC5)_(Mus_musculus)_(DBD_0.98)

letter-probability matrix: alength= 4 w= 10 nsites= 1 E= 0
  0.099420	  0.445568	  0.350496	  0.104517	
  0.165680	  0.468744	  0.100490	  0.265087	
  0.353510	  0.011916	  0.594613	  0.039961	
  0.000395	  0.066783	  0.736166	  0.196656	
  0.000102	  0.013897	  0.926755	  0.059245	
  0.132555	  0.042394	  0.663148	  0.161903	
  0.092275	  0.114981	  0.655087	  0.137657	
  0.080950	  0.000229	  0.832002	  0.086820	
  0.000241	  0.253500	  0.164904	  0.581356	
  0.234156	  0.462196	  0.203566	  0.100082	

URL http://cisbp.ccbr.utoronto.ca/TFreport.php?searchTF=T046445_1.02

MOTIF M0430_1.02 (ZNF740)_(Mus_musculus)_(DBD_0.94)

letter-probability matrix: alength= 4 w= 10 nsites= 1 E= 0
  0.251654	  0.264556	  0.249150	  0.234640	
  0.285098	  0.174659	  0.299716	  0.240527	
  0.245093	  0.200665	  0.150151	  0.404091	
  0.061064	  0.005485	  0.872994	  0.060457	
  0.017446	  0.002855	  0.861883	  0.117815	
  0.092297	  0.021868	  0.841356	  0.044479	
  0.056768	  0.000747	  0.896927	  0.045557	
  0.033987	  0.028106	  0.903233	  0.034674	
  0.076611	  0.026809	  0.670984	  0.225596	
  0.170472	  0.107616	  0.487150	  0.234762	

URL http://cisbp.ccbr.utoronto.ca/TFreport.php?searchTF=T046423_1.02

MOTIF M0431_1.02 (OSR1)_(Mus_musculus)_(DBD_1.00)

letter-probability matrix: alength= 4 w= 9 nsites= 1 E= 0
  0.403971	  0.240169	  0.179710	  0.176151	
  0.198142	  0.544020	  0.131497	  0.126341	
  0.492328	  0.000000	  0.507322	  0.000350	
  0.083075	  0.002363	  0.906640	  0.007923	
  0.250624	  0.044432	  0.158215	  0.546729	
  0.796265	  0.000247	  0.170704	  0.032784	
  0.140921	  0.002359	  0.835642	  0.021077	
  0.097198	  0.532058	  0.178887	  0.191857	
  0.295275	  0.246634	  0.218745	  0.239345	

URL http://cisbp.ccbr.utoronto.ca/TFreport.php?searchTF=T046638_1.02

MOTIF M0432_1.02 (ZFP161)_(Mus_musculus)_(DBD_0.98)

letter-probability matrix: alength= 4 w= 9 nsites= 1 E= 0
  0.218335	  0.335636	  0.256218	  0.189811	
  0.281737	  0.194605	  0.347572	  0.176086	
  0.037721	  0.820757	  0.023576	  0.117946	
  0.059238	  0.045221	  0.863991	  0.031550	
  0.137689	  0.500193	  0.106165	  0.255953	
  0.131295	  0.061402	  0.683653	  0.123649	
  0.179495	  0.539231	  0.125229	  0.156045	
  0.387566	  0.270396	  0.135624	  0.206414	
  0.199182	  0.377744	  0.137582	  0.285493	

URL http://cisbp.ccbr.utoronto.ca/TFreport.php?searchTF=T046575_1.02

MOTIF M0442_1.02 (ZBTB3)_(Mus_musculus)_(DBD_1.00)

letter-probability matrix: alength= 4 w= 9 nsites= 1 E= 0
  0.270078	  0.259488	  0.249313	  0.221121	
  0.278329	  0.234817	  0.254374	  0.232480	
  0.155698	  0.118856	  0.218747	  0.506699	
  0.151076	  0.236935	  0.571226	  0.040763	
  0.061428	  0.904932	  0.012780	  0.020861	
  0.988678	  0.000117	  0.000000	  0.011205	
  0.012623	  0.105162	  0.850223	  0.031992	
  0.038334	  0.329088	  0.008468	  0.624110	
  0.150689	  0.044935	  0.604994	  0.199381	

URL http://cisbp.ccbr.utoronto.ca/TFreport.php?searchTF=T046627_1.02

MOTIF M0443_1.02 (KLF12)_(Mus_musculus)_(DBD_1.00)

letter-probability matrix: alength= 4 w= 10 nsites= 1 E= 0
  0.260102	  0.124098	  0.223872	  0.391927	
  0.187213	  0.000148	  0.790168	  0.022471	
  0.000002	  0.000005	  0.999931	  0.000063	
  0.000374	  0.000026	  0.999566	  0.000034	
  0.076094	  0.621399	  0.000039	  0.302468	
  0.000325	  0.000031	  0.997699	  0.001945	
  0.060231	  0.086331	  0.346604	  0.506834	
  0.189328	  0.102872	  0.514647	  0.193153	
  0.167870	  0.130737	  0.470215	  0.231178	
  0.172456	  0.411638	  0.156045	  0.259860	

URL http://cisbp.ccbr.utoronto.ca/TFreport.php?searchTF=T046422_1.02

MOTIF M0448_1.02 (OVOL2)_(Caenorhabditis_elegans)_(DBD_0.70)

letter-probability matrix: alength= 4 w= 8 nsites= 1 E= 0
  0.420693	  0.210609	  0.368172	  0.000525	
  0.000344	  0.000344	  0.000344	  0.998967	
  0.998967	  0.000344	  0.000344	  0.000344	
  0.998967	  0.000344	  0.000344	  0.000344	
  0.000344	  0.998967	  0.000344	  0.000344	
  0.000344	  0.000344	  0.998967	  0.000344	
  0.000344	  0.000344	  0.998967	  0.000344	
  0.315651	  0.105567	  0.210609	  0.368172	

URL http://cisbp.ccbr.utoronto.ca/TFreport.php?searchTF=T046562_1.02

MOTIF M0607_1.02 (KDM2B)_(Homo_sapiens)_(DBD_1.00)

letter-probability matrix: alength= 4 w= 9 nsites= 1 E= 0
  0.245019	  0.247482	  0.255018	  0.252481	
  0.006978	  0.831056	  0.000758	  0.161208	
  0.135594	  0.045135	  0.699010	  0.120261	
  0.207289	  0.207289	  0.211476	  0.373946	
  0.438800	  0.133492	  0.203170	  0.224538	
  0.346191	  0.209975	  0.216370	  0.227464	
  0.270749	  0.247446	  0.221671	  0.260133	
  0.274484	  0.231573	  0.205386	  0.288557	
  0.281554	  0.235173	  0.225952	  0.257321	

URL http://cisbp.ccbr.utoronto.ca/TFreport.php?searchTF=T074551_1.02

MOTIF M0608_1.02 (MLL)_(Homo_sapiens)_(DBD_1.00)

letter-probability matrix: alength= 4 w= 10 nsites= 1 E= 0
  0.255050	  0.190845	  0.321006	  0.233098	
  0.295043	  0.239157	  0.307084	  0.158717	
  0.232323	  0.272634	  0.329682	  0.165361	
  0.275506	  0.167103	  0.440808	  0.116584	
  0.166251	  0.276857	  0.388969	  0.167922	
  0.008509	  0.907839	  0.064140	  0.019513	
  0.056470	  0.014207	  0.928630	  0.000693	
  0.265416	  0.194669	  0.228446	  0.311469	
  0.411622	  0.114446	  0.254705	  0.219227	
  0.348511	  0.224454	  0.211383	  0.215653	

URL http://cisbp.ccbr.utoronto.ca/TFreport.php?searchTF=T074549_1.02

MOTIF M0633_1.02 (DMRT2)_(Homo_sapiens)_(DBD_1.00)

letter-probability matrix: alength= 4 w= 10 nsites= 1 E= 0
  0.152291	  0.152291	  0.246263	  0.449154	
  0.765274	  0.048025	  0.048025	  0.138675	
  0.999536	  0.000155	  0.000155	  0.000155	
  0.000155	  0.000155	  0.000155	  0.999536	
  0.129788	  0.000155	  0.489012	  0.381045	
  0.000155	  0.000155	  0.000155	  0.999536	
  0.908886	  0.000155	  0.000155	  0.090805	
  0.091796	  0.000155	  0.000155	  0.907895	
  0.279387	  0.195482	  0.097864	  0.427268	
  0.393611	  0.202130	  0.202130	  0.202130	

URL http://cisbp.ccbr.utoronto.ca/TFreport.php?searchTF=T075151_1.02

MOTIF M0641_1.02 (DMRTA1)_(Drosophila_melanogaster)_(DBD_0.96)

letter-probability matrix: alength= 4 w= 10 nsites= 1 E= 0
  0.264213	  0.114063	  0.073461	  0.548263	
  0.146979	  0.076730	  0.639248	  0.137043	
  0.091624	  0.122448	  0.030195	  0.755733	
  0.530776	  0.071833	  0.106096	  0.291296	
  0.340580	  0.064758	  0.186914	  0.407748	
  0.130860	  0.648156	  0.077799	  0.143184	
  0.378005	  0.205389	  0.180351	  0.236254	
  0.412383	  0.112387	  0.172768	  0.302461	
  0.281282	  0.131546	  0.159072	  0.428100	
  0.236410	  0.182284	  0.128453	  0.452853	

URL http://cisbp.ccbr.utoronto.ca/TFreport.php?searchTF=T075152_1.02

MOTIF M0689_1.02 (ETV3L)_(Mus_musculus)_(DBD_0.98)

letter-probability matrix: alength= 4 w= 10 nsites= 1 E= 0
  0.313334	  0.205875	  0.241597	  0.239193	
  0.387641	  0.160787	  0.247171	  0.204400	
  0.197818	  0.349795	  0.246496	  0.205891	
  0.265919	  0.499293	  0.148888	  0.085901	
  0.048518	  0.002724	  0.908635	  0.040123	
  0.060566	  0.022505	  0.883356	  0.033573	
  0.952353	  0.001933	  0.000612	  0.045102	
  0.571191	  0.089812	  0.022370	  0.316627	
  0.381171	  0.136081	  0.408809	  0.073940	
  0.173410	  0.277455	  0.131061	  0.418074	

URL http://cisbp.ccbr.utoronto.ca/TFreport.php?searchTF=T078133_1.02

MOTIF M0705_1.02 (ETV6)_(Mus_musculus)_(DBD_0.51)

letter-probability matrix: alength= 4 w= 10 nsites= 1 E= 0
  0.334466	  0.166091	  0.231027	  0.268415	
  0.310818	  0.221231	  0.244498	  0.223454	
  0.180155	  0.373837	  0.297026	  0.148981	
  0.268613	  0.504350	  0.144499	  0.082539	
  0.017253	  0.001160	  0.970695	  0.010892	
  0.032848	  0.025582	  0.917718	  0.023853	
  0.926227	  0.024560	  0.019514	  0.029699	
  0.879574	  0.038453	  0.015324	  0.066649	
  0.369584	  0.085831	  0.519246	  0.025340	
  0.142210	  0.259123	  0.082048	  0.516619	

URL http://cisbp.ccbr.utoronto.ca/TFreport.php?searchTF=T078121_1.02

MOTIF M0706_1.02 (ELF4)_(Mus_musculus)_(DBD_0.98)

letter-probability matrix: alength= 4 w= 10 nsites= 1 E= 0
  0.352704	  0.187847	  0.218248	  0.241201	
  0.295417	  0.283834	  0.188366	  0.232383	
  0.200864	  0.429503	  0.247802	  0.121830	
  0.289523	  0.522297	  0.118894	  0.069286	
  0.138981	  0.013254	  0.791822	  0.055943	
  0.109863	  0.063386	  0.772195	  0.054556	
  0.902087	  0.004458	  0.007424	  0.086031	
  0.789723	  0.012203	  0.005268	  0.192806	
  0.278298	  0.168796	  0.445276	  0.107629	
  0.208426	  0.254572	  0.121460	  0.415542	

URL http://cisbp.ccbr.utoronto.ca/TFreport.php?searchTF=T078130_1.02

MOTIF M0710_1.02 (ETV1)_(Mus_musculus)_(DBD_0.89)

letter-probability matrix: alength= 4 w= 10 nsites= 1 E= 0
  0.273969	  0.224307	  0.302782	  0.198942	
  0.487672	  0.100448	  0.244604	  0.167276	
  0.092545	  0.704648	  0.163645	  0.039162	
  0.101165	  0.886031	  0.012143	  0.000661	
  0.000629	  0.000385	  0.998745	  0.000241	
  0.003523	  0.004524	  0.991646	  0.000307	
  0.973452	  0.007177	  0.011033	  0.008338	
  0.692543	  0.034137	  0.018548	  0.254772	
  0.273496	  0.101625	  0.596624	  0.028255	
  0.097991	  0.269045	  0.080229	  0.552735	

URL http://cisbp.ccbr.utoronto.ca/TFreport.php?searchTF=T078117_1.02

MOTIF M0727_1.02 (FOXJ3)_(Mus_musculus)_(DBD_0.98)

letter-probability matrix: alength= 4 w= 9 nsites= 1 E= 0
  0.285936	  0.209719	  0.382132	  0.122213	
  0.259231	  0.180859	  0.145143	  0.414767	
  0.482799	  0.289919	  0.074411	  0.152872	
  0.584225	  0.181324	  0.065385	  0.169066	
  0.800779	  0.028377	  0.101047	  0.069797	
  0.006674	  0.733801	  0.002741	  0.256785	
  0.711264	  0.065173	  0.101194	  0.122369	
  0.343115	  0.208109	  0.218779	  0.229997	
  0.298983	  0.230531	  0.194491	  0.275996	

URL http://cisbp.ccbr.utoronto.ca/TFreport.php?searchTF=T081795_1.02

MOTIF M0728_1.02 (FOXJ1)_(Mus_musculus)_(DBD_0.99)

letter-probability matrix: alength= 4 w= 12 nsites= 1 E= 0
  0.394926	  0.201691	  0.201691	  0.201691	
  0.357836	  0.147163	  0.347838	  0.147163	
  0.159006	  0.172368	  0.068783	  0.599842	
  0.841382	  0.113021	  0.022798	  0.022798	
  0.999531	  0.000156	  0.000156	  0.000156	
  0.999531	  0.000156	  0.000156	  0.000156	
  0.000156	  0.999531	  0.000156	  0.000156	
  0.999531	  0.000156	  0.000156	  0.000156	
  0.854605	  0.048465	  0.048465	  0.048465	
  0.691020	  0.102993	  0.102993	  0.102993	
  0.181373	  0.360053	  0.181373	  0.277201	
  0.317926	  0.227358	  0.227358	  0.227358	

URL http://cisbp.ccbr.utoronto.ca/TFreport.php?searchTF=T081799_1.02

MOTIF M0730_1.02 (FOXO4)_(Mus_musculus)_(DBD_0.77)

letter-probability matrix: alength= 4 w= 10 nsites= 1 E= 0
  0.272830	  0.216772	  0.234827	  0.275572	
  0.236181	  0.268969	  0.233831	  0.261020	
  0.376099	  0.120284	  0.459368	  0.044250	
  0.301361	  0.116549	  0.054506	  0.527584	
  0.541462	  0.362953	  0.011294	  0.084291	
  0.808871	  0.125919	  0.005133	  0.060078	
  0.912414	  0.013411	  0.041517	  0.032658	
  0.002774	  0.692453	  0.002830	  0.301944	
  0.832856	  0.046752	  0.050646	  0.069746	
  0.333275	  0.225646	  0.206225	  0.234855	

URL http://cisbp.ccbr.utoronto.ca/TFreport.php?searchTF=T081812_1.02

MOTIF M0733_1.02 (FOXO3)_(Mus_musculus)_(DBD_0.85)

letter-probability matrix: alength= 4 w= 8 nsites= 1 E= 0
  0.346154	  0.076923	  0.557692	  0.019231	
  0.181818	  0.038961	  0.012987	  0.766234	
  0.650602	  0.277108	  0.024096	  0.048193	
  0.916667	  0.035714	  0.011905	  0.035714	
  0.952381	  0.011905	  0.011905	  0.023810	
  0.011905	  0.845238	  0.011905	  0.130952	
  0.964286	  0.011905	  0.011905	  0.011905	
  0.571429	  0.142857	  0.126984	  0.158730	

URL http://cisbp.ccbr.utoronto.ca/TFreport.php?searchTF=T081815_1.02

MOTIF M0736_1.02 (FOXK1)_(Mus_musculus)_(DBD_1.00)

letter-probability matrix: alength= 4 w= 8 nsites= 1 E= 0
  0.309467	  0.142959	  0.547336	  0.000238	
  0.295052	  0.000164	  0.000164	  0.704620	
  0.619510	  0.295749	  0.000141	  0.084600	
  0.888534	  0.069545	  0.000139	  0.041782	
  0.999584	  0.000139	  0.000139	  0.000139	
  0.000139	  0.957940	  0.000139	  0.041782	
  0.999572	  0.000143	  0.000143	  0.000143	
  0.660068	  0.132164	  0.056750	  0.151018	

URL http://cisbp.ccbr.utoronto.ca/TFreport.php?searchTF=T081813_1.02

MOTIF M0737_1.02 (FOXB2)_(Mus_musculus)_(DBD_0.44)

letter-probability matrix: alength= 4 w= 10 nsites= 1 E= 0
  0.329842	  0.082156	  0.060257	  0.527746	
  0.520070	  0.108198	  0.255689	  0.116043	
  0.283345	  0.081996	  0.128595	  0.506065	
  0.209230	  0.033229	  0.701648	  0.055893	
  0.071321	  0.155585	  0.032694	  0.740400	
  0.638753	  0.232646	  0.070072	  0.058529	
  0.729556	  0.133278	  0.066184	  0.070983	
  0.865457	  0.036352	  0.043959	  0.054231	
  0.059316	  0.519509	  0.058726	  0.362449	
  0.777489	  0.053307	  0.067092	  0.102112	

URL http://cisbp.ccbr.utoronto.ca/TFreport.php?searchTF=T081793_1.02

MOTIF M0756_1.02 (FOXN2)_(Strongylocentrotus_purpuratus)_(DBD_0.44)

letter-probability matrix: alength= 4 w= 9 nsites= 1 E= 0
  0.233668	  0.224506	  0.348592	  0.193234	
  0.280037	  0.209542	  0.191507	  0.318914	
  0.404308	  0.290666	  0.110187	  0.194839	
  0.447462	  0.238314	  0.104961	  0.209263	
  0.768976	  0.018266	  0.173306	  0.039451	
  0.016176	  0.708777	  0.031930	  0.243117	
  0.578790	  0.107871	  0.169176	  0.144162	
  0.340778	  0.228430	  0.226157	  0.204635	
  0.301280	  0.239377	  0.210196	  0.249146	

URL http://cisbp.ccbr.utoronto.ca/TFreport.php?searchTF=T081787_1.02

MOTIF M0813_1.02 (GCM1)_(Rattus_norvegicus)_(DBD_0.95)

letter-probability matrix: alength= 4 w= 10 nsites= 1 E= 0
  0.271003	  0.219671	  0.235599	  0.273727	
  0.213209	  0.271042	  0.263031	  0.252718	
  0.561460	  0.141251	  0.230567	  0.066722	
  0.084700	  0.070044	  0.041642	  0.803614	
  0.320216	  0.105530	  0.571917	  0.002337	
  0.150709	  0.587190	  0.153753	  0.108348	
  0.076061	  0.043883	  0.707359	  0.172697	
  0.003197	  0.007554	  0.984433	  0.004817	
  0.003677	  0.001451	  0.984366	  0.010507	
  0.105313	  0.335943	  0.082018	  0.476726	

URL http://cisbp.ccbr.utoronto.ca/TFreport.php?searchTF=T086754_1.02

MOTIF M0887_1.02 (HOXB2)_(Homo_sapiens)_(DBD_1.00)

letter-probability matrix: alength= 4 w= 9 nsites= 1 E= 0
  0.230829	  0.276353	  0.240250	  0.252568	
  0.231609	  0.269091	  0.248402	  0.250899	
  0.162001	  0.234535	  0.145126	  0.458337	
  0.508116	  0.051455	  0.262620	  0.177809	
  0.517403	  0.208267	  0.105512	  0.168818	
  0.196825	  0.250213	  0.078438	  0.474524	
  0.161490	  0.169769	  0.359402	  0.309340	
  0.400484	  0.161204	  0.204931	  0.233381	
  0.224564	  0.277040	  0.282637	  0.215759	

URL http://cisbp.ccbr.utoronto.ca/TFreport.php?searchTF=T094220_1.02

MOTIF M0888_1.02 (NOBOX)_(Homo_sapiens)_(DBD_0.89)

letter-probability matrix: alength= 4 w= 10 nsites= 1 E= 0
  0.210009	  0.307093	  0.264318	  0.218580	
  0.229725	  0.241503	  0.168491	  0.360281	
  0.219200	  0.167332	  0.063433	  0.550035	
  0.490926	  0.121061	  0.216219	  0.171794	
  0.861810	  0.024024	  0.048864	  0.065303	
  0.070986	  0.119401	  0.129345	  0.680268	
  0.138026	  0.117618	  0.179010	  0.565347	
  0.336039	  0.093431	  0.481655	  0.088875	
  0.244137	  0.214375	  0.364209	  0.177279	
  0.224703	  0.291424	  0.195348	  0.288525	

URL http://cisbp.ccbr.utoronto.ca/TFreport.php?searchTF=T094227_1.02

MOTIF M0892_1.02 (EMX1)_(Homo_sapiens)_(DBD_1.00)

letter-probability matrix: alength= 4 w= 10 nsites= 1 E= 0
  0.278360	  0.307636	  0.270133	  0.143871	
  0.130958	  0.409474	  0.130958	  0.328611	
  0.077310	  0.078087	  0.009280	  0.835324	
  0.925286	  0.017995	  0.039256	  0.017463	
  0.972774	  0.002586	  0.004350	  0.020290	
  0.033715	  0.021284	  0.021714	  0.923288	
  0.073569	  0.045070	  0.298338	  0.583023	
  0.719299	  0.017607	  0.216649	  0.046445	
  0.170597	  0.357560	  0.323534	  0.148310	
  0.162911	  0.348349	  0.209182	  0.279557	

URL http://cisbp.ccbr.utoronto.ca/TFreport.php?searchTF=T094317_1.02

MOTIF M0894_1.02 (LBX1)_(Homo_sapiens)_(DBD_1.00)

letter-probability matrix: alength= 4 w= 8 nsites= 1 E= 0
  0.217448	  0.130642	  0.174045	  0.477865	
  0.000244	  0.048977	  0.000244	  0.950536	
  0.999286	  0.000238	  0.000238	  0.000238	
  0.999286	  0.000238	  0.000238	  0.000238	
  0.000238	  0.261893	  0.000238	  0.737631	
  0.142959	  0.000238	  0.119172	  0.737631	
  0.731238	  0.000244	  0.268275	  0.000244	
  0.028824	  0.114441	  0.799372	  0.057363	

URL http://cisbp.ccbr.utoronto.ca/TFreport.php?searchTF=T094275_1.02

MOTIF M0897_1.02 (HOXB13)_(Homo_sapiens)_(DBD_0.98)

letter-probability matrix: alength= 4 w= 10 nsites= 1 E= 0
  0.244335	  0.167091	  0.216706	  0.371868	
  0.119073	  0.076687	  0.112138	  0.692102	
  0.126395	  0.084725	  0.061523	  0.727356	
  0.288240	  0.085097	  0.068978	  0.557684	
  0.841220	  0.000409	  0.107217	  0.051155	
  0.061093	  0.341176	  0.023865	  0.573867	
  0.273557	  0.064813	  0.334123	  0.327507	
  0.376565	  0.079925	  0.391933	  0.151577	
  0.146350	  0.246164	  0.409935	  0.197551	
  0.219274	  0.273233	  0.265157	  0.242336	

URL http://cisbp.ccbr.utoronto.ca/TFreport.php?searchTF=T094208_1.02

MOTIF M0900_1.02 (SHOX2)_(Homo_sapiens)_(DBD_0.79)

letter-probability matrix: alength= 4 w= 8 nsites= 1 E= 0
  0.179193	  0.301407	  0.162140	  0.357260	
  0.074235	  0.030485	  0.008822	  0.886458	
  0.851715	  0.047811	  0.054996	  0.045479	
  0.990749	  0.001748	  0.005096	  0.002407	
  0.014720	  0.015321	  0.026822	  0.943137	
  0.097912	  0.049604	  0.084273	  0.768211	
  0.416004	  0.048458	  0.424408	  0.111129	
  0.301403	  0.186503	  0.379346	  0.132748	

URL http://cisbp.ccbr.utoronto.ca/TFreport.php?searchTF=T094302_1.02

MOTIF M0904_1.02 (HOXA10)_(Mus_musculus)_(DBD_1.00)

letter-probability matrix: alength= 4 w= 9 nsites= 1 E= 0
  0.187731	  0.158382	  0.173298	  0.480589	
  0.167569	  0.131814	  0.115745	  0.584872	
  0.349023	  0.092309	  0.110514	  0.448155	
  0.651686	  0.088196	  0.113246	  0.146872	
  0.112866	  0.256262	  0.099107	  0.531765	
  0.157200	  0.146572	  0.349855	  0.346373	
  0.360306	  0.132549	  0.322774	  0.184371	
  0.161159	  0.348065	  0.238028	  0.252747	
  0.234266	  0.294847	  0.234266	  0.236621	

URL http://cisbp.ccbr.utoronto.ca/TFreport.php?searchTF=T094198_1.02

MOTIF M0906_1.02 (VTN)_(Mus_musculus)_(DBD_0.86)

letter-probability matrix: alength= 4 w= 10 nsites= 1 E= 0
  0.300377	  0.283462	  0.208081	  0.208081	
  0.450588	  0.286377	  0.095384	  0.167651	
  0.072006	  0.202474	  0.000087	  0.725433	
  0.000087	  0.000087	  0.000087	  0.999740	
  0.999740	  0.000087	  0.000087	  0.000087	
  0.999740	  0.000087	  0.000087	  0.000087	
  0.000087	  0.000087	  0.000087	  0.999740	
  0.000087	  0.000087	  0.000087	  0.999740	
  0.873981	  0.042006	  0.042006	  0.042006	
  0.310358	  0.154703	  0.380237	  0.154703	

URL http://cisbp.ccbr.utoronto.ca/TFreport.php?searchTF=T094237_1.02

MOTIF M0907_1.02 (MEOX1)_(Mus_musculus)_(DBD_0.98)

letter-probability matrix: alength= 4 w= 9 nsites= 1 E= 0
  0.260011	  0.244869	  0.186928	  0.308192	
  0.121246	  0.118845	  0.033711	  0.726198	
  0.700489	  0.000333	  0.270908	  0.028269	
  0.962122	  0.009292	  0.000107	  0.028478	
  0.024775	  0.111032	  0.068021	  0.796173	
  0.075798	  0.088950	  0.394680	  0.440572	
  0.541591	  0.066321	  0.277137	  0.114952	
  0.183583	  0.341268	  0.255359	  0.219789	
  0.201776	  0.326086	  0.199769	  0.272370	

URL http://cisbp.ccbr.utoronto.ca/TFreport.php?searchTF=T094323_1.02

MOTIF M0909_1.02 (IRX5)_(Mus_musculus)_(DBD_1.00)

letter-probability matrix: alength= 4 w= 9 nsites= 1 E= 0
  0.268445	  0.240482	  0.255353	  0.235720	
  0.200643	  0.235457	  0.276312	  0.287588	
  0.315755	  0.080236	  0.258518	  0.345491	
  0.782420	  0.011733	  0.091139	  0.114708	
  0.101611	  0.743341	  0.043867	  0.111181	
  0.671433	  0.112103	  0.066647	  0.149817	
  0.308060	  0.244764	  0.116780	  0.330396	
  0.231796	  0.229489	  0.363528	  0.175187	
  0.271804	  0.243491	  0.248410	  0.236295	

URL http://cisbp.ccbr.utoronto.ca/TFreport.php?searchTF=T094258_1.02

MOTIF M0913_1.02 (HOXC11)_(Mus_musculus)_(DBD_1.00)

letter-probability matrix: alength= 4 w= 10 nsites= 1 E= 0
  0.243261	  0.166357	  0.201167	  0.389216	
  0.150809	  0.096160	  0.097127	  0.655904	
  0.132509	  0.071283	  0.033671	  0.762537	
  0.375039	  0.047800	  0.050251	  0.526910	
  0.786702	  0.022598	  0.070658	  0.120043	
  0.049934	  0.380205	  0.076762	  0.493099	
  0.144111	  0.083145	  0.473703	  0.299041	
  0.480914	  0.085258	  0.283068	  0.150760	
  0.111427	  0.385049	  0.255538	  0.247986	
  0.205443	  0.332012	  0.201375	  0.261170	

URL http://cisbp.ccbr.utoronto.ca/TFreport.php?searchTF=T094268_1.02

MOTIF M0916_1.02 (EVX1)_(Mus_musculus)_(DBD_1.00)

letter-probability matrix: alength= 4 w= 8 nsites= 1 E= 0
  0.235698	  0.265748	  0.314993	  0.183561	
  0.194613	  0.361771	  0.230676	  0.212940	
  0.142042	  0.092400	  0.025949	  0.739610	
  0.699379	  0.079059	  0.175949	  0.045613	
  0.870945	  0.043362	  0.006683	  0.079010	
  0.058490	  0.192260	  0.064641	  0.684609	
  0.137513	  0.209290	  0.328232	  0.324966	
