MEME version 4

ALPHABET= ACGT

strands: + -

Background letter frequencies (from uniform background):
A 0.25000 C 0.25000 G 0.25000 T 0.25000 

MOTIF M0268_1.02 (gw1.8.536.1)_(Arabidopsis_thaliana)_(DBD_0.64)

letter-probability matrix: alength= 4 w= 10 nsites= 1 E= 0
  0.194982	  0.331261	  0.073179	  0.400578	
  0.062566	  0.319327	  0.401905	  0.216203	
  0.863019	  0.035889	  0.054078	  0.047014	
  0.016012	  0.783149	  0.111422	  0.089418	
  0.057917	  0.135505	  0.756729	  0.049849	
  0.020596	  0.026183	  0.004505	  0.948716	
  0.045651	  0.000000	  0.954344	  0.000005	
  0.000119	  0.051604	  0.610088	  0.338188	
  0.279665	  0.535709	  0.102883	  0.081744	
  0.362040	  0.293464	  0.151677	  0.192819	

URL http://cisbp.ccbr.utoronto.ca/TFreport.php?searchTF=T029858_1.02

MOTIF M0807_1.02 (estExt_fgenesh1_pg.C_120215)_(Ostreococcus_tauri)_(DBD_0.92)

letter-probability matrix: alength= 4 w= 8 nsites= 1 E= 0
  0.295467	  0.283881	  0.163785	  0.256866	
  0.153126	  0.061637	  0.665982	  0.119255	
  0.801085	  0.029843	  0.071950	  0.097122	
  0.036187	  0.001490	  0.000618	  0.961705	
  0.175606	  0.644352	  0.124991	  0.055050	
  0.247032	  0.170633	  0.242140	  0.340194	
  0.275531	  0.223341	  0.249311	  0.251817	
  0.246648	  0.199929	  0.275328	  0.278095	

URL http://cisbp.ccbr.utoronto.ca/TFreport.php?searchTF=T085435_1.02

MOTIF M0808_1.02 (est_orfs.1_684_4269384:3)_(Ostreococcus_tauri)_(DBD_0.78)

letter-probability matrix: alength= 4 w= 10 nsites= 1 E= 0
  0.320213	  0.200134	  0.298565	  0.181089	
  0.161417	  0.147524	  0.569063	  0.121996	
  0.880136	  0.003491	  0.005313	  0.111061	
  0.085837	  0.000789	  0.004274	  0.909100	
  0.090083	  0.728314	  0.107849	  0.073754	
  0.271999	  0.103110	  0.077153	  0.547738	
  0.206466	  0.295934	  0.235130	  0.262470	
  0.259653	  0.228000	  0.242098	  0.270249	
  0.280764	  0.227583	  0.229870	  0.261783	
  0.280545	  0.229691	  0.222902	  0.266862	

URL http://cisbp.ccbr.utoronto.ca/TFreport.php?searchTF=T085570_1.02

MOTIF M1337_1.02 (EuGene.0000090108)_(Arabidopsis_thaliana)_(DBD_0.92)

letter-probability matrix: alength= 4 w= 11 nsites= 1 E= 0
  0.325083	  0.224972	  0.224972	  0.224972	
  0.248785	  0.260211	  0.048443	  0.442561	
  0.825532	  0.024528	  0.024528	  0.125413	
  0.000222	  0.000222	  0.999335	  0.000222	
  0.999335	  0.000222	  0.000222	  0.000222	
  0.000222	  0.000222	  0.000222	  0.999335	
  0.287819	  0.317618	  0.000222	  0.394341	
  0.000222	  0.776894	  0.000222	  0.222663	
  0.025249	  0.025249	  0.723019	  0.226482	
  0.299003	  0.201779	  0.297439	  0.201779	
  0.322918	  0.225694	  0.225694	  0.225694	

URL http://cisbp.ccbr.utoronto.ca/TFreport.php?searchTF=T123220_1.02

MOTIF M1384_1.02 (EuGene.0000130210)_(Physcomitrella_patens)_(DBD_0.94)

letter-probability matrix: alength= 4 w= 10 nsites= 1 E= 0
  0.340720	  0.192686	  0.244952	  0.221642	
  0.183826	  0.291194	  0.321820	  0.203160	
  0.281884	  0.384327	  0.200636	  0.133152	
  0.343039	  0.124941	  0.472408	  0.059611	
  0.421097	  0.043072	  0.247860	  0.287972	
  0.992667	  0.000040	  0.002436	  0.004857	
  0.006857	  0.003616	  0.001888	  0.987639	
  0.070629	  0.886646	  0.002381	  0.040344	
  0.180733	  0.184384	  0.143599	  0.491284	
  0.256588	  0.232171	  0.197843	  0.313398	

URL http://cisbp.ccbr.utoronto.ca/TFreport.php?searchTF=T123226_1.02

MOTIF M1388_1.02 (estExt_fgenesh1_pg.C_60110)_(Physcomitrella_patens)_(DBD_0.96)

letter-probability matrix: alength= 4 w= 9 nsites= 1 E= 0
  0.198363	  0.308000	  0.206459	  0.287178	
  0.223986	  0.138599	  0.545434	  0.091981	
  0.007053	  0.026935	  0.937696	  0.028316	
  0.762314	  0.065128	  0.171805	  0.000753	
  0.000640	  0.043090	  0.028030	  0.928240	
  0.427217	  0.151002	  0.229819	  0.191961	
  0.431642	  0.093466	  0.301146	  0.173746	
  0.190550	  0.252122	  0.368674	  0.188654	
  0.210875	  0.198595	  0.424650	  0.165880	

URL http://cisbp.ccbr.utoronto.ca/TFreport.php?searchTF=T122941_1.02

MOTIF M1394_1.02 (EuGene.0000020579)_(Ostreococcus_tauri)_(DBD_0.90)

letter-probability matrix: alength= 4 w= 9 nsites= 1 E= 0
  0.296166	  0.221610	  0.170873	  0.311351	
  0.443491	  0.074789	  0.114971	  0.366749	
  0.558136	  0.026698	  0.258424	  0.156742	
  0.466160	  0.510060	  0.000338	  0.023442	
  0.031326	  0.967229	  0.000400	  0.001045	
  0.077813	  0.883869	  0.037876	  0.000442	
  0.006183	  0.287663	  0.026359	  0.679795	
  0.508974	  0.176337	  0.140106	  0.174583	
  0.273515	  0.210894	  0.334072	  0.181518	

URL http://cisbp.ccbr.utoronto.ca/TFreport.php?searchTF=T123212_1.02

MOTIF M1682_1.02 (EuGene.0000010477)_(Arabidopsis_thaliana)_(DBD_0.44)

letter-probability matrix: alength= 4 w= 10 nsites= 1 E= 0
  0.309150	  0.197122	  0.248098	  0.245630	
  0.368402	  0.096464	  0.463671	  0.071463	
  0.003955	  0.008456	  0.948536	  0.039053	
  0.008776	  0.002864	  0.003943	  0.984417	
  0.030316	  0.964575	  0.002439	  0.002669	
  0.806758	  0.103858	  0.026391	  0.062993	
  0.746255	  0.034990	  0.153710	  0.065044	
  0.253017	  0.525030	  0.088540	  0.133414	
  0.188811	  0.237638	  0.395736	  0.177816	
  0.214240	  0.292101	  0.275090	  0.218568	

URL http://cisbp.ccbr.utoronto.ca/TFreport.php?searchTF=T154973_1.02

MOTIF M1689_1.02 (est_orfs.10_1980_4270394:1)_(Arabidopsis_thaliana)_(DBD_0.55)

letter-probability matrix: alength= 4 w= 8 nsites= 1 E= 0
  0.698207	  0.000996	  0.299801	  0.000996	
  0.000767	  0.000767	  0.997699	  0.000767	
  0.000767	  0.000767	  0.000767	  0.997699	
  0.000767	  0.997699	  0.000767	  0.000767	
  0.997699	  0.000767	  0.000767	  0.000767	
  0.997699	  0.000767	  0.000767	  0.000767	
  0.166944	  0.831395	  0.000831	  0.000831	
  0.143466	  0.143466	  0.711648	  0.001420	

URL http://cisbp.ccbr.utoronto.ca/TFreport.php?searchTF=T154972_1.02

MOTIF M1884_1.02 (e_gw1.13.374.1)_(Homo_sapiens)_(DBD_0.81)

letter-probability matrix: alength= 4 w= 15 nsites= 1 E= 0
  0.326544	  0.100475	  0.257298	  0.315682	
  0.114732	  0.101154	  0.424304	  0.359810	
  0.078751	  0.800407	  0.021724	  0.099117	
  0.000000	  0.321113	  0.000000	  0.678887	
  0.863544	  0.046164	  0.009504	  0.080788	
  0.684318	  0.000000	  0.080788	  0.234895	
  0.938900	  0.000000	  0.026477	  0.034623	
  0.917855	  0.003394	  0.000000	  0.078751	
  0.943652	  0.000000	  0.000000	  0.056348	
  0.004073	  0.000000	  0.000000	  0.995927	
  0.999321	  0.000000	  0.000000	  0.000679	
  0.156823	  0.033265	  0.787508	  0.022403	
  0.398506	  0.429056	  0.076035	  0.096402	
  0.359810	  0.277665	  0.074678	  0.287848	
  0.234216	  0.304820	  0.137814	  0.323150	

URL http://cisbp.ccbr.utoronto.ca/TFreport.php?searchTF=T112231_1.02

MOTIF M2344_1.02 (SAR_estExt_Genewise1Plus.C_20674)_(Arabidopsis_thaliana)_(DBD_0.63)

letter-probability matrix: alength= 4 w= 16 nsites= 1 E= 0
  0.321875	  0.187500	  0.212500	  0.278125	
  0.337500	  0.175000	  0.193750	  0.293750	
  0.162500	  0.171875	  0.093750	  0.571875	
  0.028125	  0.025000	  0.871875	  0.075000	
  0.468750	  0.515625	  0.003125	  0.012500	
  0.000000	  0.990625	  0.003125	  0.006250	
  0.968750	  0.003125	  0.028125	  0.000000	
  0.009375	  0.971875	  0.015625	  0.003125	
  0.003125	  0.015625	  0.971875	  0.009375	
  0.000000	  0.028125	  0.003125	  0.968750	
  0.006250	  0.003125	  0.990625	  0.000000	
  0.012500	  0.003125	  0.515625	  0.468750	
  0.075000	  0.871875	  0.025000	  0.028125	
  0.571875	  0.093750	  0.171875	  0.162500	
  0.293750	  0.193750	  0.175000	  0.337500	
  0.278125	  0.212500	  0.187500	  0.321875	

URL http://cisbp.ccbr.utoronto.ca/TFreport.php?searchTF=T030026_1.02

MOTIF M2372_1.02 (estExt_Genewise1Plus.C_20699)_(Arabidopsis_thaliana)_(DBD_0.98)

letter-probability matrix: alength= 4 w= 11 nsites= 1 E= 0
  0.140000	  0.450000	  0.230000	  0.180000	
  0.160000	  0.270000	  0.550000	  0.020000	
  0.000000	  0.919192	  0.040404	  0.040404	
  0.000000	  0.050000	  0.930000	  0.020000	
  0.040404	  0.939394	  0.000000	  0.020202	
  0.040404	  0.020202	  0.020202	  0.919192	
  0.080808	  0.000000	  0.858586	  0.060606	
  0.960000	  0.000000	  0.020000	  0.020000	
  0.040000	  0.040000	  0.920000	  0.000000	
  0.020000	  0.550000	  0.260000	  0.170000	
  0.151515	  0.323232	  0.242424	  0.282828	

URL http://cisbp.ccbr.utoronto.ca/TFreport.php?searchTF=T123146_1.02

MOTIF M4266_1.02 (e_gw1.9.429.1)_(Saccharomyces_cerevisiae)_(DBD_0.80)

letter-probability matrix: alength= 4 w= 21 nsites= 1 E= 0
  0.277896	  0.250994	  0.386874	  0.084236	
  0.337701	  0.191203	  0.147499	  0.323596	
  0.253161	  0.345476	  0.088062	  0.313301	
  0.160289	  0.200315	  0.154575	  0.484821	
  0.545495	  0.139664	  0.154641	  0.160199	
  0.115326	  0.098646	  0.701617	  0.084410	
  0.287085	  0.198825	  0.266325	  0.247765	
  0.332186	  0.110816	  0.027332	  0.529666	
  0.907072	  0.007916	  0.025927	  0.059085	
  0.012689	  0.007855	  0.023849	  0.955608	
  0.981186	  0.002417	  0.004390	  0.012006	
  0.038291	  0.001865	  0.005177	  0.954667	
  0.970929	  0.002253	  0.006019	  0.020798	
  0.044741	  0.004462	  0.003313	  0.947483	
  0.883835	  0.010075	  0.024913	  0.081177	
  0.186324	  0.062165	  0.094376	  0.657135	
  0.264806	  0.122748	  0.129197	  0.483248	
  0.137280	  0.380802	  0.369687	  0.112231	
  0.266096	  0.228247	  0.383999	  0.121658	
  0.350006	  0.176397	  0.172576	  0.301021	
  0.248908	  0.193837	  0.270884	  0.286371	

URL http://cisbp.ccbr.utoronto.ca/TFreport.php?searchTF=T150830_1.02

