MEME version 4

ALPHABET= ACGT

strands: + -

Background letter frequencies (from uniform background):
A 0.25000 C 0.25000 G 0.25000 T 0.25000 

MOTIF M0084_1.02 (ENSMLUG00000010003)_(Mus_musculus)_(DBD_0.95)

letter-probability matrix: alength= 4 w= 10 nsites= 1 E= 0
  0.194725	  0.400049	  0.150143	  0.255083	
  0.089600	  0.325498	  0.526030	  0.058872	
  0.000086	  0.989917	  0.000244	  0.009753	
  0.001248	  0.813717	  0.012325	  0.172710	
  0.070689	  0.449572	  0.225494	  0.254244	
  0.114154	  0.272476	  0.444767	  0.168603	
  0.586691	  0.182089	  0.161499	  0.069721	
  0.199175	  0.001924	  0.791701	  0.007201	
  0.019359	  0.000265	  0.975696	  0.004679	
  0.061747	  0.509308	  0.305837	  0.123107	

URL http://cisbp.ccbr.utoronto.ca/TFreport.php?searchTF=T004888_1.02

MOTIF M0085_1.02 (TFAP2E)_(Mus_musculus)_(DBD_0.98)

letter-probability matrix: alength= 4 w= 10 nsites= 1 E= 0
  0.213214	  0.176319	  0.135951	  0.474516	
  0.222124	  0.321576	  0.134725	  0.321576	
  0.004784	  0.213834	  0.753855	  0.027528	
  0.000431	  0.961004	  0.000168	  0.038397	
  0.000296	  0.937765	  0.000164	  0.061775	
  0.001274	  0.327763	  0.135950	  0.535013	
  0.122837	  0.314460	  0.391841	  0.170862	
  0.454990	  0.254748	  0.230506	  0.059756	
  0.118505	  0.001133	  0.841307	  0.039054	
  0.002871	  0.001657	  0.957955	  0.037517	

URL http://cisbp.ccbr.utoronto.ca/TFreport.php?searchTF=T004887_1.02

MOTIF M0104_1.02 (ARID3B)_(Mus_musculus)_(DBD_1.00)

letter-probability matrix: alength= 4 w= 11 nsites= 1 E= 0
  0.467943	  0.177352	  0.177352	  0.177352	
  0.273411	  0.080067	  0.080067	  0.566454	
  0.609177	  0.119174	  0.033749	  0.237901	
  0.104443	  0.000141	  0.000141	  0.895276	
  0.000141	  0.000141	  0.000141	  0.999578	
  0.999578	  0.000141	  0.000141	  0.000141	
  0.910941	  0.000141	  0.000141	  0.088778	
  0.088778	  0.000141	  0.000141	  0.910941	
  0.261793	  0.167866	  0.072788	  0.497552	
  0.489780	  0.170073	  0.170073	  0.170073	
  0.350824	  0.216392	  0.216392	  0.216392	

URL http://cisbp.ccbr.utoronto.ca/TFreport.php?searchTF=T007502_1.02

MOTIF M0181_1.02 (MLX)_(Mus_musculus)_(DBD_1.00)

letter-probability matrix: alength= 4 w= 9 nsites= 1 E= 0
  0.213190	  0.185339	  0.327729	  0.273742	
  0.340712	  0.160941	  0.265347	  0.233000	
  0.209405	  0.197210	  0.258338	  0.335047	
  0.000001	  0.999579	  0.000071	  0.000349	
  0.888940	  0.000000	  0.111055	  0.000004	
  0.000027	  0.798969	  0.000000	  0.201004	
  0.000000	  0.076487	  0.922526	  0.000987	
  0.097990	  0.012742	  0.112715	  0.776553	
  0.052222	  0.053812	  0.769317	  0.124649	

URL http://cisbp.ccbr.utoronto.ca/TFreport.php?searchTF=T014932_1.02

MOTIF M0189_1.02 (ENSMLUG00000008563)_(Mus_musculus)_(DBD_0.98)

letter-probability matrix: alength= 4 w= 8 nsites= 1 E= 0
  0.277716	  0.166851	  0.499446	  0.055987	
  0.000370	  0.998891	  0.000370	  0.000370	
  0.999001	  0.000333	  0.000333	  0.000333	
  0.000333	  0.999001	  0.000333	  0.000333	
  0.000333	  0.000333	  0.999001	  0.000333	
  0.000333	  0.000333	  0.000333	  0.999001	
  0.000344	  0.000344	  0.998967	  0.000344	
  0.499546	  0.045826	  0.272686	  0.181942	

URL http://cisbp.ccbr.utoronto.ca/TFreport.php?searchTF=T014907_1.02

MOTIF M0192_1.02 (HES7)_(Mus_musculus)_(DBD_0.98)

letter-probability matrix: alength= 4 w= 10 nsites= 1 E= 0
  0.227282	  0.175246	  0.397896	  0.199575	
  0.347982	  0.154803	  0.337698	  0.159517	
  0.144508	  0.798981	  0.033560	  0.022950	
  0.234584	  0.082915	  0.522077	  0.160423	
  0.028070	  0.824446	  0.025399	  0.122084	
  0.031607	  0.017003	  0.947070	  0.004321	
  0.045487	  0.046406	  0.021486	  0.886622	
  0.010821	  0.004911	  0.964354	  0.019915	
  0.095751	  0.416445	  0.242682	  0.245121	
  0.159861	  0.443326	  0.207329	  0.189484	

URL http://cisbp.ccbr.utoronto.ca/TFreport.php?searchTF=T014904_1.02

MOTIF M0195_1.02 (MSC)_(Mus_musculus)_(DBD_1.00)

letter-probability matrix: alength= 4 w= 10 nsites= 1 E= 0
  0.349915	  0.146774	  0.278558	  0.224752	
  0.357002	  0.417355	  0.173504	  0.052139	
  0.139509	  0.827857	  0.032001	  0.000633	
  0.724593	  0.000000	  0.227645	  0.047763	
  0.064454	  0.126184	  0.294078	  0.515285	
  0.515285	  0.294078	  0.126184	  0.064454	
  0.047763	  0.227645	  0.000000	  0.724593	
  0.000633	  0.032001	  0.827857	  0.139509	
  0.052139	  0.173504	  0.417355	  0.357002	
  0.224752	  0.278558	  0.146774	  0.349915	

URL http://cisbp.ccbr.utoronto.ca/TFreport.php?searchTF=T014908_1.02

MOTIF M0199_1.02 (HES2)_(Mus_musculus)_(DBD_0.78)

letter-probability matrix: alength= 4 w= 13 nsites= 1 E= 0
  0.214247	  0.214247	  0.214247	  0.357260	
  0.341052	  0.197239	  0.197239	  0.264469	
  0.341052	  0.197239	  0.197239	  0.264469	
  0.245377	  0.332697	  0.244578	  0.177348	
  0.082925	  0.152323	  0.681827	  0.082925	
  0.602961	  0.000158	  0.396723	  0.000158	
  0.281517	  0.718168	  0.000158	  0.000158	
  0.930129	  0.000158	  0.069555	  0.000158	
  0.174257	  0.753921	  0.035911	  0.035911	
  0.123235	  0.052918	  0.770928	  0.052918	
  0.052918	  0.052918	  0.052918	  0.841245	
  0.143126	  0.072810	  0.711254	  0.072810	
  0.237549	  0.427986	  0.167232	  0.167232	

URL http://cisbp.ccbr.utoronto.ca/TFreport.php?searchTF=T014920_1.02

MOTIF M0200_1.02 (CLOCK)_(Mus_musculus)_(DBD_1.00)

letter-probability matrix: alength= 4 w= 10 nsites= 1 E= 0
  0.239964	  0.200309	  0.336557	  0.223170	
  0.293276	  0.320740	  0.252774	  0.133210	
  0.162184	  0.774560	  0.028113	  0.035143	
  0.713119	  0.054463	  0.173280	  0.059138	
  0.027939	  0.674387	  0.047681	  0.249993	
  0.249993	  0.047681	  0.674387	  0.027939	
  0.059138	  0.173280	  0.054463	  0.713119	
  0.035143	  0.028113	  0.774560	  0.162184	
  0.133210	  0.252774	  0.320740	  0.293276	
  0.223170	  0.336557	  0.200309	  0.239964	

URL http://cisbp.ccbr.utoronto.ca/TFreport.php?searchTF=T014916_1.02

MOTIF M0211_1.02 (MLXIP)_(Mus_musculus)_(DBD_0.86)

letter-probability matrix: alength= 4 w= 8 nsites= 1 E= 0
  0.053046	  0.263130	  0.420693	  0.263130	
  0.000399	  0.998802	  0.000399	  0.000399	
  0.998802	  0.000399	  0.000399	  0.000399	
  0.000399	  0.998802	  0.000399	  0.000399	
  0.000399	  0.000399	  0.998802	  0.000399	
  0.000399	  0.000399	  0.000399	  0.998802	
  0.000399	  0.000399	  0.998802	  0.000399	
  0.187656	  0.062968	  0.250000	  0.499377	

URL http://cisbp.ccbr.utoronto.ca/TFreport.php?searchTF=T014934_1.02

MOTIF M0212_1.02 (TCFL5)_(Mus_musculus)_(DBD_1.00)

letter-probability matrix: alength= 4 w= 10 nsites= 1 E= 0
  0.263325	  0.202596	  0.307948	  0.226130	
  0.113138	  0.226680	  0.364435	  0.295747	
  0.058154	  0.874211	  0.016939	  0.050696	
  0.372199	  0.064471	  0.336403	  0.226927	
  0.006221	  0.903915	  0.018504	  0.071360	
  0.071360	  0.018504	  0.903915	  0.006221	
  0.226927	  0.336403	  0.064471	  0.372199	
  0.050696	  0.016939	  0.874211	  0.058154	
  0.295747	  0.364435	  0.226680	  0.113138	
  0.226130	  0.307948	  0.202596	  0.263325	

URL http://cisbp.ccbr.utoronto.ca/TFreport.php?searchTF=T014930_1.02

MOTIF M0214_1.02 (TCF21)_(Mus_musculus)_(DBD_0.91)

letter-probability matrix: alength= 4 w= 9 nsites= 1 E= 0
  0.745050	  0.002475	  0.250000	  0.002475	
  0.747512	  0.250000	  0.001244	  0.001244	
  0.001244	  0.996269	  0.001244	  0.001244	
  0.996269	  0.001244	  0.001244	  0.001244	
  0.001244	  0.001244	  0.374378	  0.623134	
  0.623134	  0.374378	  0.001244	  0.001244	
  0.001244	  0.001244	  0.001244	  0.996269	
  0.001244	  0.001244	  0.996269	  0.001244	
  0.002475	  0.002475	  0.497525	  0.497525	

URL http://cisbp.ccbr.utoronto.ca/TFreport.php?searchTF=T014914_1.02

MOTIF M0216_1.02 (NHLH2)_(Mus_musculus)_(DBD_1.00)

letter-probability matrix: alength= 4 w= 10 nsites= 1 E= 0
  0.282767	  0.305521	  0.171954	  0.239759	
  0.037628	  0.037628	  0.674128	  0.250617	
  0.000178	  0.862732	  0.000178	  0.136912	
  0.930537	  0.000178	  0.069106	  0.000178	
  0.071132	  0.077413	  0.714543	  0.136912	
  0.145218	  0.714543	  0.069106	  0.071132	
  0.000178	  0.067984	  0.000178	  0.931660	
  0.077413	  0.000178	  0.922231	  0.000178	
  0.152455	  0.301874	  0.078225	  0.467447	
  0.281479	  0.212551	  0.293420	  0.212551	

URL http://cisbp.ccbr.utoronto.ca/TFreport.php?searchTF=T014927_1.02

MOTIF M0217_1.02 (ENSMLUG00000004571)_(Mus_musculus)_(DBD_1.00)

letter-probability matrix: alength= 4 w= 10 nsites= 1 E= 0
  0.424799	  0.113479	  0.235478	  0.226244	
  0.169637	  0.592091	  0.171342	  0.066931	
  0.271365	  0.687777	  0.026936	  0.013922	
  0.665113	  0.034812	  0.186785	  0.113291	
  0.001368	  0.064301	  0.143105	  0.791225	
  0.793894	  0.140745	  0.056090	  0.009272	
  0.075714	  0.150952	  0.010559	  0.762775	
  0.011683	  0.000903	  0.869711	  0.117703	
  0.038634	  0.150525	  0.421629	  0.389213	
  0.091763	  0.270213	  0.234912	  0.403111	

URL http://cisbp.ccbr.utoronto.ca/TFreport.php?searchTF=T014892_1.02

MOTIF M0298_1.02 (ATF3)_(Mus_musculus)_(DBD_0.98)

letter-probability matrix: alength= 4 w= 9 nsites= 1 E= 0
  0.180173	  0.245653	  0.229045	  0.345129	
  0.180819	  0.146569	  0.458287	  0.214325	
  0.556878	  0.113562	  0.235650	  0.093911	
  0.020212	  0.000716	  0.000325	  0.978747	
  0.084476	  0.056062	  0.643206	  0.216256	
  0.854376	  0.000259	  0.030888	  0.114477	
  0.078044	  0.669994	  0.033357	  0.218605	
  0.230071	  0.132739	  0.463306	  0.173884	
  0.217065	  0.252194	  0.200376	  0.330365	

URL http://cisbp.ccbr.utoronto.ca/TFreport.php?searchTF=T025764_1.02

MOTIF M0300_1.02 (ATF2)_(Mus_musculus)_(DBD_1.00)

letter-probability matrix: alength= 4 w= 10 nsites= 1 E= 0
  0.291870	  0.184253	  0.277636	  0.246241	
  0.530199	  0.133387	  0.274034	  0.062380	
  0.035631	  0.062379	  0.001238	  0.900752	
  0.073796	  0.082377	  0.556301	  0.287525	
  0.757933	  0.025806	  0.125285	  0.090976	
  0.084682	  0.638364	  0.084682	  0.192271	
  0.156906	  0.065082	  0.710273	  0.067738	
  0.117142	  0.166233	  0.068950	  0.647675	
  0.368627	  0.407396	  0.102492	  0.121484	
  0.489340	  0.124345	  0.187365	  0.198951	

URL http://cisbp.ccbr.utoronto.ca/TFreport.php?searchTF=T025766_1.02

MOTIF M0309_1.02 (ATF7)_(Mus_musculus)_(DBD_0.94)

letter-probability matrix: alength= 4 w= 10 nsites= 1 E= 0
  0.260002	  0.181397	  0.311279	  0.247322	
  0.577516	  0.121357	  0.289668	  0.011459	
  0.000019	  0.055723	  0.000006	  0.944252	
  0.074595	  0.061073	  0.579449	  0.284883	
  0.852748	  0.005980	  0.140958	  0.000313	
  0.000066	  0.834717	  0.000028	  0.165189	
  0.169554	  0.075428	  0.694486	  0.060532	
  0.133120	  0.126628	  0.087466	  0.652787	
  0.371994	  0.440927	  0.102399	  0.084680	
  0.527113	  0.119991	  0.170275	  0.182621	

URL http://cisbp.ccbr.utoronto.ca/TFreport.php?searchTF=T025747_1.02

MOTIF M0319_1.02 (CREM)_(Mus_musculus)_(DBD_0.77)

letter-probability matrix: alength= 4 w= 10 nsites= 1 E= 0
  0.183122	  0.183122	  0.270541	  0.363215	
  0.645397	  0.087274	  0.180054	  0.087274	
  0.000184	  0.000184	  0.000184	  0.999448	
  0.000184	  0.000184	  0.724689	  0.274944	
  0.999448	  0.000184	  0.000184	  0.000184	
  0.000184	  0.999448	  0.000184	  0.000184	
  0.000184	  0.000184	  0.999448	  0.000184	
  0.000184	  0.000184	  0.000184	  0.999448	
  0.547966	  0.317911	  0.067062	  0.067062	
  0.511272	  0.162909	  0.162909	  0.162909	

URL http://cisbp.ccbr.utoronto.ca/TFreport.php?searchTF=T025763_1.02

MOTIF M0391_1.02 (BCL6B)_(Mus_musculus)_(DBD_0.99)

letter-probability matrix: alength= 4 w= 12 nsites= 1 E= 0
  0.225477	  0.225477	  0.225477	  0.323570	
  0.174679	  0.264200	  0.174679	  0.386441	
  0.174679	  0.475962	  0.174679	  0.174679	
  0.231566	  0.046052	  0.136642	  0.585740	
  0.613789	  0.112087	  0.273933	  0.000191	
  0.185997	  0.000191	  0.813622	  0.000191	
  0.702578	  0.000191	  0.297041	  0.000191	
  0.794940	  0.000191	  0.204678	  0.000191	
  0.630781	  0.117305	  0.227200	  0.024714	
  0.373214	  0.075511	  0.475764	  0.075511	
  0.590285	  0.075511	  0.258693	  0.075511	
  0.294700	  0.297022	  0.204139	  0.204139	

URL http://cisbp.ccbr.utoronto.ca/TFreport.php?searchTF=T047349_1.02

MOTIF M0398_1.02 (ENSMLUG00000000011)_(Mus_musculus)_(DBD_0.80)

letter-probability matrix: alength= 4 w= 11 nsites= 1 E= 0
  0.302984	  0.232339	  0.232339	  0.232339	
  0.040148	  0.040148	  0.879557	  0.040148	
  0.232382	  0.017611	  0.503545	  0.246461	
  0.510667	  0.000101	  0.489130	  0.000101	
  0.999696	  0.000101	  0.000101	  0.000101	
  0.000101	  0.000101	  0.999696	  0.000101	
  0.000101	  0.000101	  0.000101	  0.999696	
  0.000101	  0.000101	  0.999696	  0.000101	
  0.017763	  0.877019	  0.017763	  0.087456	
  0.370139	  0.209954	  0.209954	  0.209954	
  0.302529	  0.232490	  0.232490	  0.232490	

URL http://cisbp.ccbr.utoronto.ca/TFreport.php?searchTF=T047260_1.02

MOTIF M0405_1.02 (ENSMLUG00000009436)_(Mus_musculus)_(DBD_1.00)

letter-probability matrix: alength= 4 w= 10 nsites= 1 E= 0
  0.322200	  0.077105	  0.258571	  0.342124	
  0.174850	  0.000229	  0.823801	  0.001121	
  0.000272	  0.000173	  0.999363	  0.000191	
  0.000074	  0.000241	  0.999596	  0.000089	
  0.100743	  0.660217	  0.010304	  0.228736	
  0.015211	  0.000320	  0.974574	  0.009895	
  0.042318	  0.089587	  0.352557	  0.515538	
  0.208085	  0.076550	  0.538047	  0.177318	
  0.167365	  0.115605	  0.497789	  0.219242	
  0.170239	  0.414554	  0.180766	  0.234441	

URL http://cisbp.ccbr.utoronto.ca/TFreport.php?searchTF=T047464_1.02

MOTIF M0408_1.02 (ZKSCAN1)_(Mus_musculus)_(DBD_0.99)

letter-probability matrix: alength= 4 w= 10 nsites= 1 E= 0
  0.368659	  0.127974	  0.237717	  0.265650	
  0.253090	  0.257619	  0.185858	  0.303434	
  0.201345	  0.206571	  0.334720	  0.257364	
  0.145520	  0.301411	  0.103189	  0.449879	
  0.311749	  0.108333	  0.429663	  0.150255	
  0.150255	  0.429663	  0.108333	  0.311749	
  0.449879	  0.103189	  0.301411	  0.145520	
  0.257364	  0.334720	  0.206571	  0.201345	
  0.303434	  0.185858	  0.257619	  0.253090	
  0.265650	  0.237717	  0.127974	  0.368659	

URL http://cisbp.ccbr.utoronto.ca/TFreport.php?searchTF=T047570_1.02

MOTIF M0423_1.02 (ZNF410)_(Mus_musculus)_(DBD_0.98)

letter-probability matrix: alength= 4 w= 8 nsites= 1 E= 0
  0.001420	  0.001420	  0.001420	  0.995739	
  0.001106	  0.001106	  0.996681	  0.001106	
  0.001106	  0.001106	  0.996681	  0.001106	
  0.001106	  0.001106	  0.996681	  0.001106	
  0.996681	  0.001106	  0.001106	  0.001106	
  0.001106	  0.001106	  0.001106	  0.996681	
  0.250000	  0.001244	  0.747512	  0.001244	
  0.001984	  0.001984	  0.795635	  0.200397	

URL http://cisbp.ccbr.utoronto.ca/TFreport.php?searchTF=T047441_1.02

MOTIF M0424_1.02 (ENSMLUG00000015053)_(Mus_musculus)_(DBD_0.94)

letter-probability matrix: alength= 4 w= 10 nsites= 1 E= 0
  0.277274	  0.205410	  0.231599	  0.285718	
  0.260772	  0.211378	  0.215648	  0.312201	
  0.119201	  0.079108	  0.058605	  0.743086	
  0.006837	  0.028857	  0.918136	  0.046171	
  0.862086	  0.000771	  0.084720	  0.052423	
  0.039362	  0.891405	  0.009326	  0.059907	
  0.762638	  0.017936	  0.180690	  0.038737	
  0.164638	  0.133453	  0.461162	  0.240748	
  0.190999	  0.293614	  0.282101	  0.233286	
  0.218148	  0.236317	  0.178604	  0.366931	

URL http://cisbp.ccbr.utoronto.ca/TFreport.php?searchTF=T047597_1.02

MOTIF M0428_1.02 (ZNF691)_(Mus_musculus)_(DBD_0.93)

letter-probability matrix: alength= 4 w= 8 nsites= 1 E= 0
  0.516489	  0.100100	  0.283311	  0.100100	
  0.081474	  0.127964	  0.523129	  0.267434	
  0.018955	  0.000094	  0.980856	  0.000094	
  0.971426	  0.009525	  0.018955	  0.000094	
  0.009525	  0.000094	  0.971426	  0.018955	
  0.000095	  0.647468	  0.009615	  0.342822	
  0.791865	  0.188143	  0.000099	  0.019893	
  0.054901	  0.890060	  0.013828	  0.041210	

URL http://cisbp.ccbr.utoronto.ca/TFreport.php?searchTF=T047559_1.02

MOTIF M0431_1.02 (OSR1)_(Mus_musculus)_(DBD_1.00)

letter-probability matrix: alength= 4 w= 9 nsites= 1 E= 0
  0.403971	  0.240169	  0.179710	  0.176151	
  0.198142	  0.544020	  0.131497	  0.126341	
  0.492328	  0.000000	  0.507322	  0.000350	
  0.083075	  0.002363	  0.906640	  0.007923	
  0.250624	  0.044432	  0.158215	  0.546729	
  0.796265	  0.000247	  0.170704	  0.032784	
  0.140921	  0.002359	  0.835642	  0.021077	
  0.097198	  0.532058	  0.178887	  0.191857	
  0.295275	  0.246634	  0.218745	  0.239345	

URL http://cisbp.ccbr.utoronto.ca/TFreport.php?searchTF=T047511_1.02

MOTIF M0436_1.02 (ZNF35)_(Mus_musculus)_(DBD_0.96)

letter-probability matrix: alength= 4 w= 10 nsites= 1 E= 0
  0.108008	  0.054174	  0.023623	  0.814196	
  0.040151	  0.120620	  0.016488	  0.822741	
  0.317341	  0.134287	  0.387601	  0.160770	
  0.124227	  0.077642	  0.111287	  0.686845	
  0.050023	  0.092064	  0.043488	  0.814425	
  0.133657	  0.086945	  0.303467	  0.475931	
  0.339638	  0.088933	  0.267169	  0.304260	
  0.204153	  0.251859	  0.141015	  0.402973	
  0.173772	  0.220908	  0.186372	  0.418948	
  0.251866	  0.246878	  0.320184	  0.181072	

URL http://cisbp.ccbr.utoronto.ca/TFreport.php?searchTF=T047509_1.02

MOTIF M0437_1.02 (ZNF32)_(Mus_musculus)_(DBD_0.99)

letter-probability matrix: alength= 4 w= 9 nsites= 1 E= 0
  0.166667	  0.166667	  0.166667	  0.500000	
  0.625000	  0.125000	  0.125000	  0.125000	
  0.125000	  0.125000	  0.125000	  0.625000	
  0.500000	  0.125000	  0.250000	  0.125000	
  0.125000	  0.125000	  0.125000	  0.625000	
  0.625000	  0.125000	  0.125000	  0.125000	
  0.125000	  0.125000	  0.125000	  0.625000	
  0.500000	  0.125000	  0.250000	  0.125000	
  0.166667	  0.166667	  0.166667	  0.500000	

URL http://cisbp.ccbr.utoronto.ca/TFreport.php?searchTF=T047394_1.02

MOTIF M0442_1.02 (ZBTB3)_(Mus_musculus)_(DBD_1.00)

letter-probability matrix: alength= 4 w= 9 nsites= 1 E= 0
  0.270078	  0.259488	  0.249313	  0.221121	
  0.278329	  0.234817	  0.254374	  0.232480	
  0.155698	  0.118856	  0.218747	  0.506699	
  0.151076	  0.236935	  0.571226	  0.040763	
  0.061428	  0.904932	  0.012780	  0.020861	
  0.988678	  0.000117	  0.000000	  0.011205	
  0.012623	  0.105162	  0.850223	  0.031992	
  0.038334	  0.329088	  0.008468	  0.624110	
  0.150689	  0.044935	  0.604994	  0.199381	

URL http://cisbp.ccbr.utoronto.ca/TFreport.php?searchTF=T047503_1.02

MOTIF M0443_1.02 (KLF12)_(Mus_musculus)_(DBD_1.00)

letter-probability matrix: alength= 4 w= 10 nsites= 1 E= 0
  0.260102	  0.124098	  0.223872	  0.391927	
  0.187213	  0.000148	  0.790168	  0.022471	
  0.000002	  0.000005	  0.999931	  0.000063	
  0.000374	  0.000026	  0.999566	  0.000034	
  0.076094	  0.621399	  0.000039	  0.302468	
  0.000325	  0.000031	  0.997699	  0.001945	
  0.060231	  0.086331	  0.346604	  0.506834	
  0.189328	  0.102872	  0.514647	  0.193153	
  0.167870	  0.130737	  0.470215	  0.231178	
  0.172456	  0.411638	  0.156045	  0.259860	

URL http://cisbp.ccbr.utoronto.ca/TFreport.php?searchTF=T047327_1.02

MOTIF M0607_1.02 (KDM2B)_(Homo_sapiens)_(DBD_1.00)

letter-probability matrix: alength= 4 w= 9 nsites= 1 E= 0
  0.245019	  0.247482	  0.255018	  0.252481	
  0.006978	  0.831056	  0.000758	  0.161208	
  0.135594	  0.045135	  0.699010	  0.120261	
  0.207289	  0.207289	  0.211476	  0.373946	
  0.438800	  0.133492	  0.203170	  0.224538	
  0.346191	  0.209975	  0.216370	  0.227464	
  0.270749	  0.247446	  0.221671	  0.260133	
  0.274484	  0.231573	  0.205386	  0.288557	
  0.281554	  0.235173	  0.225952	  0.257321	

URL http://cisbp.ccbr.utoronto.ca/TFreport.php?searchTF=T074575_1.02

MOTIF M0608_1.02 (MLL)_(Homo_sapiens)_(DBD_1.00)

letter-probability matrix: alength= 4 w= 10 nsites= 1 E= 0
  0.255050	  0.190845	  0.321006	  0.233098	
  0.295043	  0.239157	  0.307084	  0.158717	
  0.232323	  0.272634	  0.329682	  0.165361	
  0.275506	  0.167103	  0.440808	  0.116584	
  0.166251	  0.276857	  0.388969	  0.167922	
  0.008509	  0.907839	  0.064140	  0.019513	
  0.056470	  0.014207	  0.928630	  0.000693	
  0.265416	  0.194669	  0.228446	  0.311469	
  0.411622	  0.114446	  0.254705	  0.219227	
  0.348511	  0.224454	  0.211383	  0.215653	

URL http://cisbp.ccbr.utoronto.ca/TFreport.php?searchTF=T074576_1.02

MOTIF M0633_1.02 (DMRT2)_(Homo_sapiens)_(DBD_0.98)

letter-probability matrix: alength= 4 w= 10 nsites= 1 E= 0
  0.152291	  0.152291	  0.246263	  0.449154	
  0.765274	  0.048025	  0.048025	  0.138675	
  0.999536	  0.000155	  0.000155	  0.000155	
  0.000155	  0.000155	  0.000155	  0.999536	
  0.129788	  0.000155	  0.489012	  0.381045	
  0.000155	  0.000155	  0.000155	  0.999536	
  0.908886	  0.000155	  0.000155	  0.090805	
  0.091796	  0.000155	  0.000155	  0.907895	
  0.279387	  0.195482	  0.097864	  0.427268	
  0.393611	  0.202130	  0.202130	  0.202130	

URL http://cisbp.ccbr.utoronto.ca/TFreport.php?searchTF=T075159_1.02

MOTIF M0641_1.02 (DMRTA1)_(Drosophila_melanogaster)_(DBD_0.96)

letter-probability matrix: alength= 4 w= 10 nsites= 1 E= 0
  0.264213	  0.114063	  0.073461	  0.548263	
  0.146979	  0.076730	  0.639248	  0.137043	
  0.091624	  0.122448	  0.030195	  0.755733	
  0.530776	  0.071833	  0.106096	  0.291296	
  0.340580	  0.064758	  0.186914	  0.407748	
  0.130860	  0.648156	  0.077799	  0.143184	
  0.378005	  0.205389	  0.180351	  0.236254	
  0.412383	  0.112387	  0.172768	  0.302461	
  0.281282	  0.131546	  0.159072	  0.428100	
  0.236410	  0.182284	  0.128453	  0.452853	

URL http://cisbp.ccbr.utoronto.ca/TFreport.php?searchTF=T075160_1.02

MOTIF M0689_1.02 (ETV3)_(Mus_musculus)_(DBD_1.00)

letter-probability matrix: alength= 4 w= 10 nsites= 1 E= 0
  0.313334	  0.205875	  0.241597	  0.239193	
  0.387641	  0.160787	  0.247171	  0.204400	
  0.197818	  0.349795	  0.246496	  0.205891	
  0.265919	  0.499293	  0.148888	  0.085901	
  0.048518	  0.002724	  0.908635	  0.040123	
  0.060566	  0.022505	  0.883356	  0.033573	
  0.952353	  0.001933	  0.000612	  0.045102	
  0.571191	  0.089812	  0.022370	  0.316627	
  0.381171	  0.136081	  0.408809	  0.073940	
  0.173410	  0.277455	  0.131061	  0.418074	

URL http://cisbp.ccbr.utoronto.ca/TFreport.php?searchTF=T078194_1.02

MOTIF M0706_1.02 (ELF4)_(Mus_musculus)_(DBD_1.00)

letter-probability matrix: alength= 4 w= 10 nsites= 1 E= 0
  0.352704	  0.187847	  0.218248	  0.241201	
  0.295417	  0.283834	  0.188366	  0.232383	
  0.200864	  0.429503	  0.247802	  0.121830	
  0.289523	  0.522297	  0.118894	  0.069286	
  0.138981	  0.013254	  0.791822	  0.055943	
  0.109863	  0.063386	  0.772195	  0.054556	
  0.902087	  0.004458	  0.007424	  0.086031	
  0.789723	  0.012203	  0.005268	  0.192806	
  0.278298	  0.168796	  0.445276	  0.107629	
  0.208426	  0.254572	  0.121460	  0.415542	

URL http://cisbp.ccbr.utoronto.ca/TFreport.php?searchTF=T078206_1.02

MOTIF M0728_1.02 (FOXJ1)_(Mus_musculus)_(DBD_0.97)

letter-probability matrix: alength= 4 w= 12 nsites= 1 E= 0
  0.394926	  0.201691	  0.201691	  0.201691	
  0.357836	  0.147163	  0.347838	  0.147163	
  0.159006	  0.172368	  0.068783	  0.599842	
  0.841382	  0.113021	  0.022798	  0.022798	
  0.999531	  0.000156	  0.000156	  0.000156	
  0.999531	  0.000156	  0.000156	  0.000156	
  0.000156	  0.999531	  0.000156	  0.000156	
  0.999531	  0.000156	  0.000156	  0.000156	
  0.854605	  0.048465	  0.048465	  0.048465	
  0.691020	  0.102993	  0.102993	  0.102993	
  0.181373	  0.360053	  0.181373	  0.277201	
  0.317926	  0.227358	  0.227358	  0.227358	

URL http://cisbp.ccbr.utoronto.ca/TFreport.php?searchTF=T081881_1.02

MOTIF M0736_1.02 (FOXK1)_(Mus_musculus)_(DBD_1.00)

letter-probability matrix: alength= 4 w= 8 nsites= 1 E= 0
  0.309467	  0.142959	  0.547336	  0.000238	
  0.295052	  0.000164	  0.000164	  0.704620	
  0.619510	  0.295749	  0.000141	  0.084600	
  0.888534	  0.069545	  0.000139	  0.041782	
  0.999584	  0.000139	  0.000139	  0.000139	
  0.000139	  0.957940	  0.000139	  0.041782	
  0.999572	  0.000143	  0.000143	  0.000143	
  0.660068	  0.132164	  0.056750	  0.151018	

URL http://cisbp.ccbr.utoronto.ca/TFreport.php?searchTF=T081886_1.02

MOTIF M0756_1.02 (FOXN3)_(Strongylocentrotus_purpuratus)_(DBD_0.44)

letter-probability matrix: alength= 4 w= 9 nsites= 1 E= 0
  0.233668	  0.224506	  0.348592	  0.193234	
  0.280037	  0.209542	  0.191507	  0.318914	
  0.404308	  0.290666	  0.110187	  0.194839	
  0.447462	  0.238314	  0.104961	  0.209263	
  0.768976	  0.018266	  0.173306	  0.039451	
  0.016176	  0.708777	  0.031930	  0.243117	
  0.578790	  0.107871	  0.169176	  0.144162	
  0.340778	  0.228430	  0.226157	  0.204635	
  0.301280	  0.239377	  0.210196	  0.249146	

URL http://cisbp.ccbr.utoronto.ca/TFreport.php?searchTF=T081885_1.02

MOTIF M0820_1.02 (TFCP2)_(Gallus_gallus)_(DBD_0.94)

letter-probability matrix: alength= 4 w= 9 nsites= 1 E= 0
  0.009615	  0.009615	  0.009615	  0.971154	
  0.985294	  0.004902	  0.004902	  0.004902	
  0.985294	  0.004902	  0.004902	  0.004902	
  0.004902	  0.985294	  0.004902	  0.004902	
  0.004902	  0.985294	  0.004902	  0.004902	
  0.004902	  0.004902	  0.985294	  0.004902	
  0.004902	  0.004902	  0.985294	  0.004902	
  0.004902	  0.004902	  0.004902	  0.985294	
  0.009615	  0.009615	  0.009615	  0.971154	

URL http://cisbp.ccbr.utoronto.ca/TFreport.php?searchTF=T087340_1.02

MOTIF M0887_1.02 (HOXB2)_(Homo_sapiens)_(DBD_0.93)

letter-probability matrix: alength= 4 w= 9 nsites= 1 E= 0
  0.230829	  0.276353	  0.240250	  0.252568	
  0.231609	  0.269091	  0.248402	  0.250899	
  0.162001	  0.234535	  0.145126	  0.458337	
  0.508116	  0.051455	  0.262620	  0.177809	
  0.517403	  0.208267	  0.105512	  0.168818	
  0.196825	  0.250213	  0.078438	  0.474524	
  0.161490	  0.169769	  0.359402	  0.309340	
  0.400484	  0.161204	  0.204931	  0.233381	
  0.224564	  0.277040	  0.282637	  0.215759	

URL http://cisbp.ccbr.utoronto.ca/TFreport.php?searchTF=T094654_1.02

MOTIF M0888_1.02 (NOBOX)_(Homo_sapiens)_(DBD_0.95)

letter-probability matrix: alength= 4 w= 10 nsites= 1 E= 0
  0.210009	  0.307093	  0.264318	  0.218580	
  0.229725	  0.241503	  0.168491	  0.360281	
  0.219200	  0.167332	  0.063433	  0.550035	
  0.490926	  0.121061	  0.216219	  0.171794	
  0.861810	  0.024024	  0.048864	  0.065303	
  0.070986	  0.119401	  0.129345	  0.680268	
  0.138026	  0.117618	  0.179010	  0.565347	
  0.336039	  0.093431	  0.481655	  0.088875	
  0.244137	  0.214375	  0.364209	  0.177279	
  0.224703	  0.291424	  0.195348	  0.288525	

URL http://cisbp.ccbr.utoronto.ca/TFreport.php?searchTF=T094613_1.02

MOTIF M0890_1.02 (LHX6)_(Homo_sapiens)_(DBD_0.93)

letter-probability matrix: alength= 4 w= 8 nsites= 1 E= 0
  0.186148	  0.280492	  0.291939	  0.241421	
  0.114197	  0.349999	  0.077318	  0.458486	
  0.707706	  0.135915	  0.073115	  0.083265	
  0.863330	  0.053560	  0.050948	  0.032162	
  0.039789	  0.057030	  0.019957	  0.883224	
  0.063179	  0.605446	  0.056597	  0.274778	
  0.673263	  0.076107	  0.091116	  0.159515	
  0.327199	  0.185039	  0.287312	  0.200451	

URL http://cisbp.ccbr.utoronto.ca/TFreport.php?searchTF=T094618_1.02

MOTIF M0894_1.02 (LBX1)_(Homo_sapiens)_(DBD_1.00)

letter-probability matrix: alength= 4 w= 8 nsites= 1 E= 0
  0.217448	  0.130642	  0.174045	  0.477865	
  0.000244	  0.048977	  0.000244	  0.950536	
  0.999286	  0.000238	  0.000238	  0.000238	
  0.999286	  0.000238	  0.000238	  0.000238	
  0.000238	  0.261893	  0.000238	  0.737631	
  0.142959	  0.000238	  0.119172	  0.737631	
  0.731238	  0.000244	  0.268275	  0.000244	
  0.028824	  0.114441	  0.799372	  0.057363	

URL http://cisbp.ccbr.utoronto.ca/TFreport.php?searchTF=T094675_1.02

MOTIF M0896_1.02 (VENTX)_(Homo_sapiens)_(DBD_0.79)

letter-probability matrix: alength= 4 w= 8 nsites= 1 E= 0
  0.055771	  0.028024	  0.139012	  0.777192	
  0.000200	  0.060152	  0.000200	  0.939448	
  0.999445	  0.000185	  0.000185	  0.000185	
  0.999445	  0.000185	  0.000185	  0.000185	
  0.000185	  0.000185	  0.000185	  0.999445	
  0.000192	  0.038624	  0.134704	  0.826480	
  0.755107	  0.000222	  0.244449	  0.000222	
  0.057363	  0.200057	  0.542523	  0.200057	

URL http://cisbp.ccbr.utoronto.ca/TFreport.php?searchTF=T094681_1.02

MOTIF M0905_1.02 (HOXA4)_(Mus_musculus)_(DBD_0.98)

letter-probability matrix: alength= 4 w= 9 nsites= 1 E= 0
  0.196847	  0.282147	  0.169428	  0.351577	
  0.155907	  0.072187	  0.051897	  0.720008	
  0.696670	  0.087035	  0.095232	  0.121063	
  0.798358	  0.042630	  0.032219	  0.126793	
  0.067221	  0.146641	  0.081287	  0.704851	
  0.114380	  0.141109	  0.368533	  0.375978	
  0.447955	  0.095078	  0.322046	  0.134922	
  0.226418	  0.284970	  0.217540	  0.271072	
  0.214998	  0.296080	  0.212859	  0.276063	

URL http://cisbp.ccbr.utoronto.ca/TFreport.php?searchTF=T094696_1.02

MOTIF M0906_1.02 (VTN)_(Mus_musculus)_(DBD_0.93)

letter-probability matrix: alength= 4 w= 10 nsites= 1 E= 0
  0.300377	  0.283462	  0.208081	  0.208081	
  0.450588	  0.286377	  0.095384	  0.167651	
  0.072006	  0.202474	  0.000087	  0.725433	
  0.000087	  0.000087	  0.000087	  0.999740	
  0.999740	  0.000087	  0.000087	  0.000087	
  0.999740	  0.000087	  0.000087	  0.000087	
  0.000087	  0.000087	  0.000087	  0.999740	
  0.000087	  0.000087	  0.000087	  0.999740	
  0.873981	  0.042006	  0.042006	  0.042006	
  0.310358	  0.154703	  0.380237	  0.154703	

URL http://cisbp.ccbr.utoronto.ca/TFreport.php?searchTF=T094678_1.02

MOTIF M0907_1.02 (MEOX1)_(Mus_musculus)_(DBD_1.00)

letter-probability matrix: alength= 4 w= 9 nsites= 1 E= 0
  0.260011	  0.244869	  0.186928	  0.308192	
  0.121246	  0.118845	  0.033711	  0.726198	
  0.700489	  0.000333	  0.270908	  0.028269	
  0.962122	  0.009292	  0.000107	  0.028478	
  0.024775	  0.111032	  0.068021	  0.796173	
  0.075798	  0.088950	  0.394680	  0.440572	
  0.541591	  0.066321	  0.277137	  0.114952	
  0.183583	  0.341268	  0.255359	  0.219789	
  0.201776	  0.326086	  0.199769	  0.272370	

URL http://cisbp.ccbr.utoronto.ca/TFreport.php?searchTF=T094587_1.02

MOTIF M0912_1.02 (HOXC13)_(Mus_musculus)_(DBD_1.00)

letter-probability matrix: alength= 4 w= 10 nsites= 1 E= 0
  0.228970	  0.253051	  0.279665	  0.238314	
  0.191994	  0.418829	  0.244072	  0.145106	
  0.132557	  0.356741	  0.070599	  0.440104	
  0.324192	  0.369199	  0.054127	  0.252481	
  0.552686	  0.023684	  0.355950	  0.067680	
  0.046339	  0.058908	  0.000505	  0.894248	
  0.622496	  0.039795	  0.066270	  0.271439	
  0.822278	  0.010827	  0.043907	  0.122987	
  0.758821	  0.086640	  0.042172	  0.112366	
  0.402869	  0.200059	  0.152721	  0.244352	

URL http://cisbp.ccbr.utoronto.ca/TFreport.php?searchTF=T094701_1.02

MOTIF M0913_1.02 (HOXC11)_(Mus_musculus)_(DBD_1.00)

letter-probability matrix: alength= 4 w= 10 nsites= 1 E= 0
  0.243261	  0.166357	  0.201167	  0.389216	
  0.150809	  0.096160	  0.097127	  0.655904	
  0.132509	  0.071283	  0.033671	  0.762537	
  0.375039	  0.047800	  0.050251	  0.526910	
  0.786702	  0.022598	  0.070658	  0.120043	
  0.049934	  0.380205	  0.076762	  0.493099	
  0.144111	  0.083145	  0.473703	  0.299041	
  0.480914	  0.085258	  0.283068	  0.150760	
  0.111427	  0.385049	  0.255538	  0.247986	
  0.205443	  0.332012	  0.201375	  0.261170	

URL http://cisbp.ccbr.utoronto.ca/TFreport.php?searchTF=T094591_1.02

MOTIF M0916_1.02 (EVX2)_(Mus_musculus)_(DBD_1.00)

letter-probability matrix: alength= 4 w= 8 nsites= 1 E= 0
  0.235698	  0.265748	  0.314993	  0.183561	
  0.194613	  0.361771	  0.230676	  0.212940	
  0.142042	  0.092400	  0.025949	  0.739610	
  0.699379	  0.079059	  0.175949	  0.045613	
  0.870945	  0.043362	  0.006683	  0.079010	
  0.058490	  0.192260	  0.064641	  0.684609	
  0.137513	  0.209290	  0.328232	  0.324966	
  0.380775	  0.133247	  0.314885	  0.171093	

URL http://cisbp.ccbr.utoronto.ca/TFreport.php?searchTF=T094634_1.02

MOTIF M0929_1.02 (HOXA2)_(Mus_musculus)_(DBD_1.00)

letter-probability matrix: alength= 4 w= 9 nsites= 1 E= 0
  0.212944	  0.305219	  0.179654	  0.302182	
  0.139237	  0.074156	  0.032014	  0.754592	
  0.749862	  0.028786	  0.146920	  0.074432	
  0.910880	  0.019190	  0.000909	  0.069021	
  0.047994	  0.131772	  0.069482	  0.750751	
  0.077838	  0.112689	  0.370417	  0.439057	
  0.522798	  0.084707	  0.264858	  0.127638	
  0.180205	  0.341756	  0.255723	  0.222315	
  0.212626	  0.301731	  0.212626	  0.273017	

URL http://cisbp.ccbr.utoronto.ca/TFreport.php?searchTF=T094694_1.02

MOTIF M0936_1.02 (GSC)_(Mus_musculus)_(DBD_1.00)

letter-probability matrix: alength= 4 w= 9 nsites= 1 E= 0
  0.240681	  0.253021	  0.279632	  0.226665	
  0.227219	  0.312909	  0.182347	  0.277525	
  0.152629	  0.043729	  0.032395	  0.771247	
  0.781271	  0.024069	  0.108954	  0.085706	
  0.946629	  0.020346	  0.018971	  0.014054	
  0.079369	  0.043125	  0.124475	  0.753031	
  0.124675	  0.611374	  0.090532	  0.173419	
  0.108349	  0.531316	  0.137739	  0.222596	
  0.186346	  0.310320	  0.277995	  0.225339	

URL http://cisbp.ccbr.utoronto.ca/TFreport.php?searchTF=T094614_1.02

MOTIF M0937_1.02 (SIX6)_(Mus_musculus)_(DBD_1.00)

letter-probability matrix: alength= 4 w= 7 nsites= 1 E= 0
  0.189564	  0.248322	  0.164799	  0.397314	
  0.171082	  0.164374	  0.433608	  0.230936	
  0.736823	  0.172837	  0.000112	  0.090229	
  0.119808	  0.193619	  0.030750	  0.655823	
  0.544071	  0.336662	  0.000272	  0.118995	
  0.130720	  0.456257	  0.144468	  0.268555	
  0.205555	  0.335531	  0.229457	  0.229457	

URL http://cisbp.ccbr.utoronto.ca/TFreport.php?searchTF=T094686_1.02

MOTIF M0939_1.02 (BARX1)_(Mus_musculus)_(DBD_0.98)

letter-probability matrix: alength= 4 w= 10 nsites= 1 E= 0
  0.226902	  0.245800	  0.321989	  0.205309	
  0.242216	  0.287100	  0.200303	  0.270381	
  0.160115	  0.052242	  0.025685	  0.761958	
  0.833901	  0.014384	  0.087892	  0.063823	
  0.916212	  0.019111	  0.030884	  0.033793	
  0.098357	  0.140978	  0.128844	  0.631820	
  0.120820	  0.238483	  0.315544	  0.325154	
  0.252984	  0.097839	  0.489472	  0.159705	
  0.192219	  0.295490	  0.272772	  0.239520	
  0.187034	  0.293327	  0.188913	  0.330726	

URL http://cisbp.ccbr.utoronto.ca/TFreport.php?searchTF=T094690_1.02

MOTIF M0941_1.02 (PITX1)_(Mus_musculus)_(DBD_1.00)

letter-probability matrix: alength= 4 w= 9 nsites= 1 E= 0
  0.214819	  0.275834	  0.165637	  0.343710	
  0.156468	  0.031590	  0.029162	  0.782780	
  0.812989	  0.018187	  0.092825	  0.075999	
  0.970114	  0.005298	  0.018493	  0.006095	
  0.033505	  0.020526	  0.194747	  0.751222	
  0.084599	  0.778927	  0.049300	  0.087175	
  0.054735	  0.673516	  0.068890	  0.202859	
  0.203348	  0.355996	  0.215922	  0.224734	
  0.226520	  0.293780	  0.211205	  0.268495	

URL http://cisbp.ccbr.utoronto.ca/TFreport.php?searchTF=T094685_1.02

MOTIF M0945_1.02 (HMBOX1)_(Mus_musculus)_(DBD_0.76)

letter-probability matrix: alength= 4 w= 8 nsites= 1 E= 0
  0.247487	  0.247487	  0.196637	  0.308388	
  0.227270	  0.216186	  0.129819	  0.426725	
  0.403727	  0.148523	  0.154584	  0.293166	
  0.610245	  0.108187	  0.094053	  0.187515	
  0.144665	  0.661442	  0.057652	  0.136241	
  0.142337	  0.346610	  0.146672	  0.364381	
  0.406289	  0.218561	  0.175399	  0.199750	
  0.250559	  0.201079	  0.362743	  0.185619	

URL http://cisbp.ccbr.utoronto.ca/TFreport.php?searchTF=T094644_1.02

MOTIF M0948_1.02 (HOXC10)_(Mus_musculus)_(DBD_1.00)

letter-probability matrix: alength= 4 w= 8 nsites= 1 E= 0
  0.063386	  0.000127	  0.025430	  0.911058	
  0.020295	  0.000101	  0.000101	  0.979503	
  0.666503	  0.000098	  0.000098	  0.333301	
  0.901705	  0.000098	  0.000098	  0.098099	
  0.000098	  0.147099	  0.019698	  0.833105	
  0.050586	  0.000101	  0.575626	  0.373687	
  0.740945	  0.035395	  0.211783	  0.011877	
  0.069090	  0.551516	  0.172467	  0.206926	

URL http://cisbp.ccbr.utoronto.ca/TFreport.php?searchTF=T094593_1.02

MOTIF M0954_1.02 (ENSMLUG00000005813)_(Mus_musculus)_(DBD_0.79)

letter-probability matrix: alength= 4 w= 9 nsites= 1 E= 0
  0.269860	  0.244180	  0.310413	  0.175547	
  0.222956	  0.322782	  0.189991	  0.264271	
  0.095770	  0.046616	  0.010402	  0.847212	
  0.799391	  0.056478	  0.097891	  0.046240	
  0.967307	  0.000597	  0.022077	  0.010019	
  0.039713	  0.048993	  0.055795	  0.855498	
  0.112128	  0.104548	  0.131584	  0.651740	
  0.377268	  0.097803	  0.400597	  0.124332	
  0.274391	  0.207380	  0.363054	  0.155175	

URL http://cisbp.ccbr.utoronto.ca/TFreport.php?searchTF=T094626_1.02

MOTIF M0958_1.02 (LHX4)_(Mus_musculus)_(DBD_1.00)

letter-probability matrix: alength= 4 w= 7 nsites= 1 E= 0
  0.143815	  0.343274	  0.223303	  0.289608	
  0.074562	  0.321060	  0.036658	  0.567720	
  0.673560	  0.162809	  0.098749	  0.064882	
  0.883750	  0.060593	  0.022069	  0.033588	
  0.044040	  0.070464	  0.000928	  0.884568	
  0.163964	  0.310956	  0.088204	  0.436876	
  0.481574	  0.126098	  0.155564	  0.236763	

URL http://cisbp.ccbr.utoronto.ca/TFreport.php?searchTF=T094598_1.02

MOTIF M0960_1.02 (LMX1A)_(Mus_musculus)_(DBD_1.00)

letter-probability matrix: alength= 4 w= 8 nsites= 1 E= 0
  0.179449	  0.275859	  0.239820	  0.304872	
  0.098405	  0.330001	  0.069345	  0.502249	
  0.556556	  0.215243	  0.116952	  0.111249	
  0.735866	  0.107883	  0.030909	  0.125342	
  0.077738	  0.120704	  0.010521	  0.791037	
  0.332583	  0.184360	  0.088845	  0.394212	
  0.425109	  0.147281	  0.128040	  0.299569	
  0.296228	  0.237729	  0.233021	  0.233021	

URL http://cisbp.ccbr.utoronto.ca/TFreport.php?searchTF=T094666_1.02

MOTIF M0969_1.02 (LHX8)_(Mus_musculus)_(DBD_1.00)

letter-probability matrix: alength= 4 w= 9 nsites= 1 E= 0
  0.192536	  0.304991	  0.295977	  0.206496	
  0.128345	  0.401306	  0.069043	  0.401306	
  0.658270	  0.177614	  0.075915	  0.088201	
  0.858644	  0.067044	  0.042324	  0.031988	
  0.034078	  0.040799	  0.001184	  0.923940	
  0.045464	  0.481509	  0.078801	  0.394226	
  0.746009	  0.066336	  0.063101	  0.124554	
  0.297688	  0.189814	  0.312951	  0.199546	
  0.194402	  0.295872	  0.265052	  0.244674	

URL http://cisbp.ccbr.utoronto.ca/TFreport.php?searchTF=T094601_1.02

MOTIF M0970_1.02 (DMBX1)_(Mus_musculus)_(DBD_1.00)

letter-probability matrix: alength= 4 w= 9 nsites= 1 E= 0
  0.212858	  0.299055	  0.164125	  0.323962	
  0.153798	  0.038307	  0.030742	  0.777153	
  0.777780	  0.031389	  0.089698	  0.101134	
  0.945835	  0.014470	  0.014615	  0.025080	
  0.045414	  0.028101	  0.156932	  0.769554	
  0.119773	  0.689246	  0.071208	  0.119773	
  0.076693	  0.566686	  0.114412	  0.242210	
  0.157784	  0.314576	  0.287500	  0.240141	
  0.219437	  0.296208	  0.221642	  0.262713	

URL http://cisbp.ccbr.utoronto.ca/TFreport.php?searchTF=T094624_1.02

MOTIF M0972_1.02 (UNCX)_(Mus_musculus)_(DBD_0.98)

letter-probability matrix: alength= 4 w= 8 nsites= 1 E= 0
  0.205661	  0.300734	  0.189849	  0.303757	
  0.125034	  0.075837	  0.035114	  0.764015	
  0.752473	  0.068263	  0.113678	  0.065586	
  0.947059	  0.000567	  0.020767	  0.031606	
  0.052681	  0.078591	  0.069010	  0.799717	
  0.162578	  0.134445	  0.157773	  0.545203	
  0.352715	  0.124669	  0.349206	  0.173410	
  0.314813	  0.200734	  0.311680	  0.172773	

URL http://cisbp.ccbr.utoronto.ca/TFreport.php?searchTF=T094700_1.02

MOTIF M0987_1.02 (IRX2)_(Mus_musculus)_(DBD_1.00)

letter-probability matrix: alength= 4 w= 9 nsites= 1 E= 0
  0.188172	  0.360451	  0.212163	  0.239213	
  0.346630	  0.111973	  0.227752	  0.313644	
  0.159457	  0.072369	  0.088391	  0.679783	
  0.131703	  0.075986	  0.678953	  0.113358	
  0.123253	  0.093153	  0.059994	  0.723601	
  0.333773	  0.252260	  0.090059	  0.323908	
  0.288317	  0.268825	  0.245688	  0.197169	
  0.239781	  0.244625	  0.239781	  0.275814	
  0.252316	  0.240010	  0.242422	  0.265252	

URL http://cisbp.ccbr.utoronto.ca/TFreport.php?searchTF=T094606_1.02

MOTIF M0988_1.02 (IRX6)_(Mus_musculus)_(DBD_0.97)

letter-probability matrix: alength= 4 w= 7 nsites= 1 E= 0
  0.303161	  0.134864	  0.255767	  0.306208	
  0.145417	  0.099445	  0.122683	  0.632454	
  0.137917	  0.118706	  0.599832	  0.143545	
  0.159578	  0.125529	  0.048064	  0.666829	
  0.335860	  0.248811	  0.102176	  0.313154	
  0.280605	  0.275048	  0.234381	  0.209966	
  0.229254	  0.248348	  0.253365	  0.269032	

URL http://cisbp.ccbr.utoronto.ca/TFreport.php?searchTF=T094615_1.02

MOTIF M0994_1.02 (SIX4)_(Mus_musculus)_(DBD_1.00)

