MEME version 4

ALPHABET= ACGT

strands: + -

Background letter frequencies (from uniform background):
A 0.25000 C 0.25000 G 0.25000 T 0.25000 

MOTIF M0125_1.02 (fgeneshNG_pg.scaffold_2000039)_(Danio_rerio)_(DBD_0.62)

letter-probability matrix: alength= 4 w= 8 nsites= 1 E= 0
  0.421032	  0.213302	  0.219798	  0.145869	
  0.361549	  0.210692	  0.212810	  0.214949	
  0.399952	  0.129198	  0.233071	  0.237779	
  0.407012	  0.081357	  0.264765	  0.246866	
  0.287986	  0.143010	  0.130701	  0.438304	
  0.780909	  0.000177	  0.139834	  0.079080	
  0.562556	  0.000620	  0.176353	  0.260471	
  0.417051	  0.093057	  0.112529	  0.377363	

URL http://cisbp.ccbr.utoronto.ca/TFreport.php?searchTF=T008831_1.02

MOTIF M0126_1.02 (fgeneshNG_pg.scaffold_57000088)_(Danio_rerio)_(DBD_0.69)

letter-probability matrix: alength= 4 w= 8 nsites= 1 E= 0
  0.723485	  0.000344	  0.000344	  0.275826	
  0.721698	  0.000277	  0.000277	  0.277747	
  0.756210	  0.000270	  0.000270	  0.243251	
  0.648218	  0.000270	  0.000270	  0.351242	
  0.864201	  0.000270	  0.000270	  0.135259	
  0.324244	  0.000270	  0.000270	  0.675216	
  0.891199	  0.000270	  0.000270	  0.108261	
  0.062734	  0.000312	  0.000312	  0.936642	

URL http://cisbp.ccbr.utoronto.ca/TFreport.php?searchTF=T008832_1.02

MOTIF M0137_1.02 (fgeneshNG_pg.scaffold_77000019)_(Oryza_sativa)_(DBD_0.50)

letter-probability matrix: alength= 4 w= 8 nsites= 1 E= 0
  0.412581	  0.181714	  0.204881	  0.200825	
  0.383860	  0.151453	  0.183145	  0.281541	
  0.411062	  0.042894	  0.192240	  0.353804	
  0.442483	  0.115862	  0.053112	  0.388542	
  0.805888	  0.001826	  0.077629	  0.114657	
  0.508656	  0.001176	  0.069531	  0.420638	
  0.340689	  0.076018	  0.064778	  0.518515	
  0.310543	  0.194090	  0.145231	  0.350136	

URL http://cisbp.ccbr.utoronto.ca/TFreport.php?searchTF=T008836_1.02

MOTIF M0144_1.02 estExt_fgeneshNG_pg.C_820014

letter-probability matrix: alength= 4 w= 8 nsites= 1 E= 0
  0.318198	  0.263137	  0.219790	  0.198875	
  0.256386	  0.201680	  0.264194	  0.277740	
  0.322138	  0.195387	  0.250882	  0.231593	
  0.330083	  0.190441	  0.234943	  0.244532	
  0.353662	  0.155764	  0.212373	  0.278201	
  0.540310	  0.072395	  0.156357	  0.230937	
  0.708523	  0.000098	  0.290959	  0.000420	
  0.216909	  0.228031	  0.100432	  0.454628	

URL http://cisbp.ccbr.utoronto.ca/TFreport.php?searchTF=T008813_1.02

MOTIF M1297_1.02 (estExt_fgeneshNG_pg.C_520029)_(Dictyostelium_discoideum)_(DBD_0.98)

letter-probability matrix: alength= 4 w= 10 nsites= 1 E= 0
  0.233777	  0.598464	  0.083460	  0.084299	
  0.030948	  0.562453	  0.044359	  0.362240	
  0.506429	  0.042836	  0.155615	  0.295120	
  0.524310	  0.062308	  0.043907	  0.369475	
  0.657133	  0.044163	  0.042009	  0.256695	
  0.290800	  0.112464	  0.066862	  0.529873	
  0.281986	  0.340992	  0.131875	  0.245147	
  0.228299	  0.247314	  0.296088	  0.228299	
  0.301159	  0.033037	  0.594451	  0.071353	
  0.207356	  0.056511	  0.520315	  0.215818	

URL http://cisbp.ccbr.utoronto.ca/TFreport.php?searchTF=T112284_1.02

MOTIF M4266_1.02 (e_gw1.11.176.1)_(Saccharomyces_cerevisiae)_(DBD_0.76)

letter-probability matrix: alength= 4 w= 21 nsites= 1 E= 0
  0.277896	  0.250994	  0.386874	  0.084236	
  0.337701	  0.191203	  0.147499	  0.323596	
  0.253161	  0.345476	  0.088062	  0.313301	
  0.160289	  0.200315	  0.154575	  0.484821	
  0.545495	  0.139664	  0.154641	  0.160199	
  0.115326	  0.098646	  0.701617	  0.084410	
  0.287085	  0.198825	  0.266325	  0.247765	
  0.332186	  0.110816	  0.027332	  0.529666	
  0.907072	  0.007916	  0.025927	  0.059085	
  0.012689	  0.007855	  0.023849	  0.955608	
  0.981186	  0.002417	  0.004390	  0.012006	
  0.038291	  0.001865	  0.005177	  0.954667	
  0.970929	  0.002253	  0.006019	  0.020798	
  0.044741	  0.004462	  0.003313	  0.947483	
  0.883835	  0.010075	  0.024913	  0.081177	
  0.186324	  0.062165	  0.094376	  0.657135	
  0.264806	  0.122748	  0.129197	  0.483248	
  0.137280	  0.380802	  0.369687	  0.112231	
  0.266096	  0.228247	  0.383999	  0.121658	
  0.350006	  0.176397	  0.172576	  0.301021	
  0.248908	  0.193837	  0.270884	  0.286371	

URL http://cisbp.ccbr.utoronto.ca/TFreport.php?searchTF=T150817_1.02

