MEME version 4

ALPHABET= ACGT

strands: + -

Background letter frequencies (from uniform background):
A 0.25000 C 0.25000 G 0.25000 T 0.25000 

MOTIF M0105_1.02 (e_gw.28.244.1)_(Mus_musculus)_(DBD_0.80)

letter-probability matrix: alength= 4 w= 9 nsites= 1 E= 0
  0.265180	  0.185010	  0.202433	  0.347377	
  0.185396	  0.187259	  0.108039	  0.519306	
  0.151265	  0.141039	  0.100387	  0.607308	
  0.095920	  0.138866	  0.056459	  0.708755	
  0.354424	  0.113351	  0.333784	  0.198441	
  0.739186	  0.094212	  0.057143	  0.109459	
  0.023279	  0.024473	  0.020037	  0.932211	
  0.285933	  0.246105	  0.089636	  0.378326	
  0.254088	  0.232219	  0.267115	  0.246578	

URL http://cisbp.ccbr.utoronto.ca/TFreport.php?searchTF=T008006_1.02

MOTIF M0115_1.02 e_gw.4.260.1

letter-probability matrix: alength= 4 w= 10 nsites= 1 E= 0
  0.195875	  0.298099	  0.187239	  0.318787	
  0.261670	  0.174076	  0.325016	  0.239238	
  0.300651	  0.328481	  0.196451	  0.174417	
  0.307728	  0.102218	  0.276762	  0.313293	
  0.784245	  0.025072	  0.050150	  0.140532	
  0.140532	  0.050150	  0.025072	  0.784245	
  0.313293	  0.276762	  0.102218	  0.307728	
  0.174417	  0.196451	  0.328481	  0.300651	
  0.239238	  0.325016	  0.174076	  0.261670	
  0.318787	  0.187239	  0.298099	  0.195875	

URL http://cisbp.ccbr.utoronto.ca/TFreport.php?searchTF=T008009_1.02

MOTIF M0175_1.02 (estExt_fgenesh1_pg.C_370042)_(Mus_musculus)_(DBD_0.73)

letter-probability matrix: alength= 4 w= 9 nsites= 1 E= 0
  0.237177	  0.246857	  0.223365	  0.292601	
  0.263053	  0.221929	  0.327785	  0.187233	
  0.059666	  0.787422	  0.047407	  0.105506	
  0.799512	  0.000774	  0.059383	  0.140331	
  0.018558	  0.805027	  0.000347	  0.176069	
  0.048592	  0.094015	  0.857013	  0.000380	
  0.032567	  0.226622	  0.003298	  0.737513	
  0.075226	  0.001633	  0.788785	  0.134356	
  0.183543	  0.327814	  0.217554	  0.271089	

URL http://cisbp.ccbr.utoronto.ca/TFreport.php?searchTF=T019174_1.02

MOTIF M0178_1.02 (e_gw.81.71.1)_(Mus_musculus)_(DBD_0.73)

letter-probability matrix: alength= 4 w= 10 nsites= 1 E= 0
  0.315548	  0.181281	  0.304970	  0.198202	
  0.342567	  0.215650	  0.329097	  0.112687	
  0.036295	  0.956859	  0.000000	  0.006845	
  0.887444	  0.026036	  0.052040	  0.034479	
  0.022313	  0.233167	  0.582932	  0.161589	
  0.161589	  0.582932	  0.233167	  0.022313	
  0.034479	  0.052040	  0.026036	  0.887444	
  0.006845	  0.000000	  0.956859	  0.036295	
  0.112687	  0.329097	  0.215650	  0.342567	
  0.198202	  0.304970	  0.181281	  0.315548	

URL http://cisbp.ccbr.utoronto.ca/TFreport.php?searchTF=T019110_1.02

MOTIF M0181_1.02 (fgenesh1_pg.scaffold_23000126)_(Mus_musculus)_(DBD_0.71)

letter-probability matrix: alength= 4 w= 9 nsites= 1 E= 0
  0.213190	  0.185339	  0.327729	  0.273742	
  0.340712	  0.160941	  0.265347	  0.233000	
  0.209405	  0.197210	  0.258338	  0.335047	
  0.000001	  0.999579	  0.000071	  0.000349	
  0.888940	  0.000000	  0.111055	  0.000004	
  0.000027	  0.798969	  0.000000	  0.201004	
  0.000000	  0.076487	  0.922526	  0.000987	
  0.097990	  0.012742	  0.112715	  0.776553	
  0.052222	  0.053812	  0.769317	  0.124649	

URL http://cisbp.ccbr.utoronto.ca/TFreport.php?searchTF=T019527_1.02

MOTIF M0199_1.02 (estExt_gwp.C_490010)_(Mus_musculus)_(DBD_0.61)

letter-probability matrix: alength= 4 w= 13 nsites= 1 E= 0
  0.214247	  0.214247	  0.214247	  0.357260	
  0.341052	  0.197239	  0.197239	  0.264469	
  0.341052	  0.197239	  0.197239	  0.264469	
  0.245377	  0.332697	  0.244578	  0.177348	
  0.082925	  0.152323	  0.681827	  0.082925	
  0.602961	  0.000158	  0.396723	  0.000158	
  0.281517	  0.718168	  0.000158	  0.000158	
  0.930129	  0.000158	  0.069555	  0.000158	
  0.174257	  0.753921	  0.035911	  0.035911	
  0.123235	  0.052918	  0.770928	  0.052918	
  0.052918	  0.052918	  0.052918	  0.841245	
  0.143126	  0.072810	  0.711254	  0.072810	
  0.237549	  0.427986	  0.167232	  0.167232	

URL http://cisbp.ccbr.utoronto.ca/TFreport.php?searchTF=T019439_1.02

MOTIF M0200_1.02 (estExt_gwp.C_120110)_(Mus_musculus)_(DBD_0.61)

letter-probability matrix: alength= 4 w= 10 nsites= 1 E= 0
  0.239964	  0.200309	  0.336557	  0.223170	
  0.293276	  0.320740	  0.252774	  0.133210	
  0.162184	  0.774560	  0.028113	  0.035143	
  0.713119	  0.054463	  0.173280	  0.059138	
  0.027939	  0.674387	  0.047681	  0.249993	
  0.249993	  0.047681	  0.674387	  0.027939	
  0.059138	  0.173280	  0.054463	  0.713119	
  0.035143	  0.028113	  0.774560	  0.162184	
  0.133210	  0.252774	  0.320740	  0.293276	
  0.223170	  0.336557	  0.200309	  0.239964	

URL http://cisbp.ccbr.utoronto.ca/TFreport.php?searchTF=T019436_1.02

MOTIF M0221_1.02 (e_gw.3.684.1)_(Mus_musculus)_(DBD_0.88)

letter-probability matrix: alength= 4 w= 9 nsites= 1 E= 0
  0.188660	  0.365019	  0.265058	  0.181263	
  0.161107	  0.707733	  0.075344	  0.055816	
  0.553702	  0.064497	  0.272224	  0.109577	
  0.016383	  0.817513	  0.076422	  0.089682	
  0.280383	  0.069142	  0.649469	  0.001006	
  0.058979	  0.006216	  0.030483	  0.904321	
  0.000165	  0.000010	  0.999805	  0.000020	
  0.194467	  0.254745	  0.333707	  0.217080	
  0.178079	  0.273753	  0.233277	  0.314891	

URL http://cisbp.ccbr.utoronto.ca/TFreport.php?searchTF=T019084_1.02

MOTIF M0240_1.02 (estExt_fgenesh1_pg.C_380031)_(Caenorhabditis_elegans)_(DBD_0.76)

letter-probability matrix: alength= 4 w= 8 nsites= 1 E= 0
  0.000000	  0.000000	  0.000000	  1.000000	
  0.000000	  1.000000	  0.000000	  0.000000	
  1.000000	  0.000000	  0.000000	  0.000000	
  0.000000	  1.000000	  0.000000	  0.000000	
  0.000000	  0.000000	  1.000000	  0.000000	
  0.000000	  0.000000	  0.000000	  1.000000	
  0.000000	  0.000000	  1.000000	  0.000000	
  0.666667	  0.000000	  0.000000	  0.333333	

URL http://cisbp.ccbr.utoronto.ca/TFreport.php?searchTF=T019178_1.02

MOTIF M0300_1.02 (gw.4616.1.1)_(Mus_musculus)_(DBD_0.58)

letter-probability matrix: alength= 4 w= 10 nsites= 1 E= 0
  0.291870	  0.184253	  0.277636	  0.246241	
  0.530199	  0.133387	  0.274034	  0.062380	
  0.035631	  0.062379	  0.001238	  0.900752	
  0.073796	  0.082377	  0.556301	  0.287525	
  0.757933	  0.025806	  0.125285	  0.090976	
  0.084682	  0.638364	  0.084682	  0.192271	
  0.156906	  0.065082	  0.710273	  0.067738	
  0.117142	  0.166233	  0.068950	  0.647675	
  0.368627	  0.407396	  0.102492	  0.121484	
  0.489340	  0.124345	  0.187365	  0.198951	

URL http://cisbp.ccbr.utoronto.ca/TFreport.php?searchTF=T029872_1.02

MOTIF M0305_1.02 (gw.123.37.1)_(Mus_musculus)_(DBD_0.77)

letter-probability matrix: alength= 4 w= 9 nsites= 1 E= 0
  0.002475	  0.002475	  0.745050	  0.250000	
  0.250000	  0.623134	  0.001244	  0.125622	
  0.001244	  0.871891	  0.125622	  0.001244	
  0.996269	  0.001244	  0.001244	  0.001244	
  0.001244	  0.996269	  0.001244	  0.001244	
  0.001244	  0.001244	  0.996269	  0.001244	
  0.001244	  0.001244	  0.001244	  0.996269	
  0.001420	  0.143466	  0.853693	  0.001420	
  0.250000	  0.002475	  0.250000	  0.497525	

URL http://cisbp.ccbr.utoronto.ca/TFreport.php?searchTF=T029814_1.02

MOTIF M0319_1.02 (estExt_fgenesh1_pg.C_720021)_(Mus_musculus)_(DBD_0.95)

letter-probability matrix: alength= 4 w= 10 nsites= 1 E= 0
  0.183122	  0.183122	  0.270541	  0.363215	
  0.645397	  0.087274	  0.180054	  0.087274	
  0.000184	  0.000184	  0.000184	  0.999448	
  0.000184	  0.000184	  0.724689	  0.274944	
  0.999448	  0.000184	  0.000184	  0.000184	
  0.000184	  0.999448	  0.000184	  0.000184	
  0.000184	  0.000184	  0.999448	  0.000184	
  0.000184	  0.000184	  0.000184	  0.999448	
  0.547966	  0.317911	  0.067062	  0.067062	
  0.511272	  0.162909	  0.162909	  0.162909	

URL http://cisbp.ccbr.utoronto.ca/TFreport.php?searchTF=T028891_1.02

MOTIF M0401_1.02 (gw.53.82.1)_(Mus_musculus)_(DBD_0.90)

letter-probability matrix: alength= 4 w= 9 nsites= 1 E= 0
  0.312927	  0.065625	  0.555822	  0.065625	
  0.000044	  0.000044	  0.599631	  0.400281	
  0.000044	  0.000044	  0.999868	  0.000044	
  0.000044	  0.000044	  0.999868	  0.000044	
  0.000044	  0.000044	  0.999868	  0.000044	
  0.000044	  0.999868	  0.000044	  0.000044	
  0.000044	  0.000044	  0.999868	  0.000044	
  0.000044	  0.000044	  0.579255	  0.420657	
  0.279294	  0.184418	  0.268904	  0.267384	

URL http://cisbp.ccbr.utoronto.ca/TFreport.php?searchTF=T066376_1.02

MOTIF M0405_1.02 (estExt_fgenesh1_pm.C_5680002)_(Mus_musculus)_(DBD_0.96)

letter-probability matrix: alength= 4 w= 10 nsites= 1 E= 0
  0.322200	  0.077105	  0.258571	  0.342124	
  0.174850	  0.000229	  0.823801	  0.001121	
  0.000272	  0.000173	  0.999363	  0.000191	
  0.000074	  0.000241	  0.999596	  0.000089	
  0.100743	  0.660217	  0.010304	  0.228736	
  0.015211	  0.000320	  0.974574	  0.009895	
  0.042318	  0.089587	  0.352557	  0.515538	
  0.208085	  0.076550	  0.538047	  0.177318	
  0.167365	  0.115605	  0.497789	  0.219242	
  0.170239	  0.414554	  0.180766	  0.234441	

URL http://cisbp.ccbr.utoronto.ca/TFreport.php?searchTF=T063581_1.02

MOTIF M0415_1.02 (gw.13.277.1)_(Mus_musculus)_(DBD_0.74)

letter-probability matrix: alength= 4 w= 8 nsites= 1 E= 0
  0.314286	  0.285714	  0.257143	  0.142857	
  0.018519	  0.018519	  0.018519	  0.944444	
  0.946429	  0.017857	  0.017857	  0.017857	
  0.875000	  0.017857	  0.089286	  0.017857	
  0.017857	  0.946429	  0.017857	  0.017857	
  0.017857	  0.017857	  0.946429	  0.017857	
  0.017857	  0.017857	  0.910714	  0.053571	
  0.200000	  0.225000	  0.200000	  0.375000	

URL http://cisbp.ccbr.utoronto.ca/TFreport.php?searchTF=T066047_1.02

MOTIF M0422_1.02 (e_gw.177.42.1)_(Mus_musculus)_(DBD_0.74)

letter-probability matrix: alength= 4 w= 10 nsites= 1 E= 0
  0.099420	  0.445568	  0.350496	  0.104517	
  0.165680	  0.468744	  0.100490	  0.265087	
  0.353510	  0.011916	  0.594613	  0.039961	
  0.000395	  0.066783	  0.736166	  0.196656	
  0.000102	  0.013897	  0.926755	  0.059245	
  0.132555	  0.042394	  0.663148	  0.161903	
  0.092275	  0.114981	  0.655087	  0.137657	
  0.080950	  0.000229	  0.832002	  0.086820	
  0.000241	  0.253500	  0.164904	  0.581356	
  0.234156	  0.462196	  0.203566	  0.100082	

URL http://cisbp.ccbr.utoronto.ca/TFreport.php?searchTF=T062871_1.02

MOTIF M0439_1.02 (e_gw.177.55.1)_(Mus_musculus)_(DBD_0.73)

letter-probability matrix: alength= 4 w= 10 nsites= 1 E= 0
  0.206791	  0.529380	  0.135871	  0.127959	
  0.285228	  0.228901	  0.265945	  0.219926	
  0.081712	  0.647556	  0.071751	  0.198980	
  0.404644	  0.207060	  0.187356	  0.200940	
  0.235350	  0.075269	  0.584684	  0.104697	
  0.011408	  0.405166	  0.374015	  0.209411	
  0.329940	  0.014716	  0.554969	  0.100375	
  0.081818	  0.058235	  0.648390	  0.211557	
  0.073629	  0.040006	  0.772041	  0.114324	
  0.191161	  0.196983	  0.358926	  0.252931	

URL http://cisbp.ccbr.utoronto.ca/TFreport.php?searchTF=T062872_1.02

MOTIF M0641_1.02 (e_gw.74.213.1)_(Drosophila_melanogaster)_(DBD_0.89)

letter-probability matrix: alength= 4 w= 10 nsites= 1 E= 0
  0.264213	  0.114063	  0.073461	  0.548263	
  0.146979	  0.076730	  0.639248	  0.137043	
  0.091624	  0.122448	  0.030195	  0.755733	
  0.530776	  0.071833	  0.106096	  0.291296	
  0.340580	  0.064758	  0.186914	  0.407748	
  0.130860	  0.648156	  0.077799	  0.143184	
  0.378005	  0.205389	  0.180351	  0.236254	
  0.412383	  0.112387	  0.172768	  0.302461	
  0.281282	  0.131546	  0.159072	  0.428100	
  0.236410	  0.182284	  0.128453	  0.452853	

URL http://cisbp.ccbr.utoronto.ca/TFreport.php?searchTF=T075369_1.02

MOTIF M0710_1.02 (gw.138.35.1)_(Mus_musculus)_(DBD_0.88)

letter-probability matrix: alength= 4 w= 10 nsites= 1 E= 0
  0.273969	  0.224307	  0.302782	  0.198942	
  0.487672	  0.100448	  0.244604	  0.167276	
  0.092545	  0.704648	  0.163645	  0.039162	
  0.101165	  0.886031	  0.012143	  0.000661	
  0.000629	  0.000385	  0.998745	  0.000241	
  0.003523	  0.004524	  0.991646	  0.000307	
  0.973452	  0.007177	  0.011033	  0.008338	
  0.692543	  0.034137	  0.018548	  0.254772	
  0.273496	  0.101625	  0.596624	  0.028255	
  0.097991	  0.269045	  0.080229	  0.552735	

URL http://cisbp.ccbr.utoronto.ca/TFreport.php?searchTF=T079046_1.02

MOTIF M0711_1.02 (gw.30.231.1)_(Tetraodon_nigroviridis)_(DBD_0.66)

letter-probability matrix: alength= 4 w= 8 nsites= 1 E= 0
  0.001420	  0.995739	  0.001420	  0.001420	
  0.001106	  0.996681	  0.001106	  0.001106	
  0.001106	  0.001106	  0.996681	  0.001106	
  0.001106	  0.001106	  0.996681	  0.001106	
  0.996681	  0.001106	  0.001106	  0.001106	
  0.886062	  0.001106	  0.001106	  0.111726	
  0.222345	  0.001106	  0.775442	  0.001106	
  0.001656	  0.167219	  0.001656	  0.829470	

URL http://cisbp.ccbr.utoronto.ca/TFreport.php?searchTF=T079054_1.02

MOTIF M0719_1.02 (e_gw.18.176.1)_(Homo_sapiens)_(DBD_0.88)

letter-probability matrix: alength= 4 w= 8 nsites= 1 E= 0
  0.374378	  0.001244	  0.623134	  0.001244	
  0.001106	  0.001106	  0.001106	  0.996681	
  0.996681	  0.001106	  0.001106	  0.001106	
  0.996681	  0.001106	  0.001106	  0.001106	
  0.996681	  0.001106	  0.001106	  0.001106	
  0.001106	  0.996681	  0.001106	  0.001106	
  0.996681	  0.001106	  0.001106	  0.001106	
  0.498344	  0.167219	  0.001656	  0.332781	

URL http://cisbp.ccbr.utoronto.ca/TFreport.php?searchTF=T083085_1.02

MOTIF M0722_1.02 (e_gw.167.65.1)_(Mus_musculus)_(DBD_0.72)

letter-probability matrix: alength= 4 w= 8 nsites= 1 E= 0
  0.461214	  0.000384	  0.538018	  0.000384	
  0.050200	  0.025225	  0.000250	  0.924326	
  0.794959	  0.204587	  0.000227	  0.000227	
  0.977131	  0.000222	  0.000222	  0.022425	
  0.999334	  0.000222	  0.000222	  0.000222	
  0.000227	  0.953906	  0.000227	  0.045640	
  0.999319	  0.000227	  0.000227	  0.000227	
  0.593321	  0.125156	  0.125156	  0.156367	

URL http://cisbp.ccbr.utoronto.ca/TFreport.php?searchTF=T083079_1.02

MOTIF M0728_1.02 (gw.34.211.1)_(Mus_musculus)_(DBD_0.77)

letter-probability matrix: alength= 4 w= 12 nsites= 1 E= 0
  0.394926	  0.201691	  0.201691	  0.201691	
  0.357836	  0.147163	  0.347838	  0.147163	
  0.159006	  0.172368	  0.068783	  0.599842	
  0.841382	  0.113021	  0.022798	  0.022798	
  0.999531	  0.000156	  0.000156	  0.000156	
  0.999531	  0.000156	  0.000156	  0.000156	
  0.000156	  0.999531	  0.000156	  0.000156	
  0.999531	  0.000156	  0.000156	  0.000156	
  0.854605	  0.048465	  0.048465	  0.048465	
  0.691020	  0.102993	  0.102993	  0.102993	
  0.181373	  0.360053	  0.181373	  0.277201	
  0.317926	  0.227358	  0.227358	  0.227358	

URL http://cisbp.ccbr.utoronto.ca/TFreport.php?searchTF=T083321_1.02

MOTIF M0736_1.02 (e_gw.151.42.1)_(Mus_musculus)_(DBD_0.89)

letter-probability matrix: alength= 4 w= 8 nsites= 1 E= 0
  0.309467	  0.142959	  0.547336	  0.000238	
  0.295052	  0.000164	  0.000164	  0.704620	
  0.619510	  0.295749	  0.000141	  0.084600	
  0.888534	  0.069545	  0.000139	  0.041782	
  0.999584	  0.000139	  0.000139	  0.000139	
  0.000139	  0.957940	  0.000139	  0.041782	
  0.999572	  0.000143	  0.000143	  0.000143	
  0.660068	  0.132164	  0.056750	  0.151018	

URL http://cisbp.ccbr.utoronto.ca/TFreport.php?searchTF=T083073_1.02

MOTIF M0737_1.02 (estExt_GenewiseH_1.C_990063)_(Mus_musculus)_(DBD_0.90)

letter-probability matrix: alength= 4 w= 10 nsites= 1 E= 0
  0.329842	  0.082156	  0.060257	  0.527746	
  0.520070	  0.108198	  0.255689	  0.116043	
  0.283345	  0.081996	  0.128595	  0.506065	
  0.209230	  0.033229	  0.701648	  0.055893	
  0.071321	  0.155585	  0.032694	  0.740400	
  0.638753	  0.232646	  0.070072	  0.058529	
  0.729556	  0.133278	  0.066184	  0.070983	
  0.865457	  0.036352	  0.043959	  0.054231	
  0.059316	  0.519509	  0.058726	  0.362449	
  0.777489	  0.053307	  0.067092	  0.102112	

URL http://cisbp.ccbr.utoronto.ca/TFreport.php?searchTF=T083178_1.02

MOTIF M0738_1.02 (e_gw.307.43.1)_(Oryzias_latipes)_(DBD_0.53)

letter-probability matrix: alength= 4 w= 8 nsites= 1 E= 0
  0.352700	  0.000587	  0.646127	  0.000587	
  0.000384	  0.000384	  0.000384	  0.998848	
  0.922043	  0.077189	  0.000384	  0.000384	
  0.998848	  0.000384	  0.000384	  0.000384	
  0.998848	  0.000384	  0.000384	  0.000384	
  0.000384	  0.922043	  0.000384	  0.077189	
  0.998848	  0.000384	  0.000384	  0.000384	
  0.499446	  0.222284	  0.055987	  0.222284	

URL http://cisbp.ccbr.utoronto.ca/TFreport.php?searchTF=T083096_1.02

MOTIF M0747_1.02 (gw.11.491.1)_(Mus_musculus)_(DBD_0.71)

letter-probability matrix: alength= 4 w= 10 nsites= 1 E= 0
  0.366283	  0.166235	  0.164581	  0.302901	
  0.345139	  0.171391	  0.195185	  0.288285	
  0.267836	  0.181340	  0.196443	  0.354381	
  0.346821	  0.108724	  0.419393	  0.125062	
  0.146969	  0.100507	  0.031824	  0.720700	
  0.700016	  0.254959	  0.000720	  0.044305	
  0.906192	  0.053477	  0.000316	  0.040015	
  0.934400	  0.000771	  0.023568	  0.041260	
  0.033048	  0.600627	  0.033381	  0.332944	
  0.853101	  0.047889	  0.045553	  0.053457	

URL http://cisbp.ccbr.utoronto.ca/TFreport.php?searchTF=T083269_1.02

MOTIF M0757_1.02 (gw.33.191.1)_(Strongylocentrotus_purpuratus)_(DBD_0.51)

letter-probability matrix: alength= 4 w= 10 nsites= 1 E= 0
  0.321884	  0.201178	  0.236085	  0.240854	
  0.216367	  0.234387	  0.239122	  0.310124	
  0.297171	  0.182055	  0.409243	  0.111532	
  0.279854	  0.144643	  0.132194	  0.443309	
  0.472247	  0.313407	  0.069235	  0.145111	
  0.572460	  0.196359	  0.062174	  0.169007	
  0.751021	  0.048981	  0.135834	  0.064163	
  0.037542	  0.655546	  0.026722	  0.280190	
  0.680835	  0.057015	  0.121915	  0.140235	
  0.359328	  0.213628	  0.193298	  0.233746	

URL http://cisbp.ccbr.utoronto.ca/TFreport.php?searchTF=T083320_1.02

MOTIF M0817_1.02 (e_gw.278.27.1)_(Drosophila_melanogaster)_(DBD_0.56)

letter-probability matrix: alength= 4 w= 8 nsites= 1 E= 0
  0.729854	  0.111199	  0.158788	  0.000159	
  0.000118	  0.011877	  0.000118	  0.987888	
  0.235301	  0.023636	  0.740945	  0.000118	
  0.047154	  0.799741	  0.141228	  0.011877	
  0.070673	  0.000118	  0.752705	  0.176505	
  0.000118	  0.000118	  0.999647	  0.000118	
  0.000118	  0.000118	  0.999647	  0.000118	
  0.055699	  0.351776	  0.092709	  0.499815	

URL http://cisbp.ccbr.utoronto.ca/TFreport.php?searchTF=T086836_1.02

MOTIF M0892_1.02 (gw.6.280.1)_(Homo_sapiens)_(DBD_0.81)

letter-probability matrix: alength= 4 w= 10 nsites= 1 E= 0
  0.278360	  0.307636	  0.270133	  0.143871	
  0.130958	  0.409474	  0.130958	  0.328611	
  0.077310	  0.078087	  0.009280	  0.835324	
  0.925286	  0.017995	  0.039256	  0.017463	
  0.972774	  0.002586	  0.004350	  0.020290	
  0.033715	  0.021284	  0.021714	  0.923288	
  0.073569	  0.045070	  0.298338	  0.583023	
  0.719299	  0.017607	  0.216649	  0.046445	
  0.170597	  0.357560	  0.323534	  0.148310	
  0.162911	  0.348349	  0.209182	  0.279557	

URL http://cisbp.ccbr.utoronto.ca/TFreport.php?searchTF=T102213_1.02

MOTIF M0907_1.02 (e_gw.248.49.1)_(Mus_musculus)_(DBD_0.82)

letter-probability matrix: alength= 4 w= 9 nsites= 1 E= 0
  0.260011	  0.244869	  0.186928	  0.308192	
  0.121246	  0.118845	  0.033711	  0.726198	
  0.700489	  0.000333	  0.270908	  0.028269	
  0.962122	  0.009292	  0.000107	  0.028478	
  0.024775	  0.111032	  0.068021	  0.796173	
  0.075798	  0.088950	  0.394680	  0.440572	
  0.541591	  0.066321	  0.277137	  0.114952	
  0.183583	  0.341268	  0.255359	  0.219789	
  0.201776	  0.326086	  0.199769	  0.272370	

URL http://cisbp.ccbr.utoronto.ca/TFreport.php?searchTF=T101052_1.02

MOTIF M0911_1.02 (e_gw.61.34.1)_(Mus_musculus)_(DBD_0.82)

letter-probability matrix: alength= 4 w= 10 nsites= 1 E= 0
  0.247073	  0.284202	  0.206373	  0.262352	
  0.149870	  0.075171	  0.040036	  0.734924	
  0.706549	  0.090958	  0.126519	  0.075974	
  0.851645	  0.008910	  0.044131	  0.095313	
  0.070692	  0.091682	  0.096383	  0.741243	
  0.120799	  0.217919	  0.226813	  0.434469	
  0.367812	  0.088905	  0.402450	  0.140833	
  0.215590	  0.296895	  0.274069	  0.213445	
  0.220651	  0.269503	  0.211999	  0.297847	
  0.238452	  0.238452	  0.243269	  0.279826	

URL http://cisbp.ccbr.utoronto.ca/TFreport.php?searchTF=T101144_1.02

MOTIF M0942_1.02 (gw.64.87.1)_(Mus_musculus)_(DBD_0.95)

letter-probability matrix: alength= 4 w= 8 nsites= 1 E= 0
  0.320789	  0.120396	  0.221580	  0.337236	
  0.142028	  0.088768	  0.093319	  0.675885	
  0.117073	  0.115908	  0.597527	  0.169491	
  0.123128	  0.124365	  0.043957	  0.708550	
  0.334290	  0.242744	  0.111276	  0.311690	
  0.297216	  0.266256	  0.229168	  0.207360	
  0.227950	  0.251924	  0.244478	  0.275648	
  0.232873	  0.249759	  0.254804	  0.262564	

URL http://cisbp.ccbr.utoronto.ca/TFreport.php?searchTF=T102214_1.02

MOTIF M0943_1.02 (fgenesh1_pg.scaffold_62000087)_(Mus_musculus)_(DBD_0.93)

letter-probability matrix: alength= 4 w= 8 nsites= 1 E= 0
  0.281218	  0.216834	  0.307701	  0.194247	
  0.129122	  0.376440	  0.129122	  0.365315	
  0.165282	  0.184501	  0.049782	  0.600435	
  0.689510	  0.110607	  0.091467	  0.108417	
  0.925332	  0.042528	  0.028507	  0.003633	
  0.103670	  0.106828	  0.082370	  0.707132	
  0.155855	  0.155855	  0.181078	  0.507211	
  0.479837	  0.103902	  0.258126	  0.158135	

URL http://cisbp.ccbr.utoronto.ca/TFreport.php?searchTF=T101510_1.02

MOTIF M0952_1.02 (e_gw.229.49.1)_(Mus_musculus)_(DBD_0.93)

letter-probability matrix: alength= 4 w= 8 nsites= 1 E= 0
  0.177918	  0.245015	  0.196630	  0.380437	
  0.185511	  0.128139	  0.489368	  0.196982	
  0.844182	  0.107594	  0.012408	  0.035815	
  0.079962	  0.206759	  0.066790	  0.646488	
  0.600471	  0.307266	  0.010998	  0.081265	
  0.102580	  0.523557	  0.126551	  0.247311	
  0.201123	  0.352101	  0.245653	  0.201123	
  0.225861	  0.295869	  0.223613	  0.254657	

URL http://cisbp.ccbr.utoronto.ca/TFreport.php?searchTF=T101044_1.02

MOTIF M0954_1.02 (estExt_GenewiseH_1.C_620202)_(Mus_musculus)_(DBD_0.89)

letter-probability matrix: alength= 4 w= 9 nsites= 1 E= 0
  0.269860	  0.244180	  0.310413	  0.175547	
  0.222956	  0.322782	  0.189991	  0.264271	
  0.095770	  0.046616	  0.010402	  0.847212	
  0.799391	  0.056478	  0.097891	  0.046240	
  0.967307	  0.000597	  0.022077	  0.010019	
  0.039713	  0.048993	  0.055795	  0.855498	
  0.112128	  0.104548	  0.131584	  0.651740	
  0.377268	  0.097803	  0.400597	  0.124332	
  0.274391	  0.207380	  0.363054	  0.155175	

URL http://cisbp.ccbr.utoronto.ca/TFreport.php?searchTF=T101391_1.02

MOTIF M0970_1.02 (gw.116.69.1)_(Mus_musculus)_(DBD_0.77)

letter-probability matrix: alength= 4 w= 9 nsites= 1 E= 0
  0.212858	  0.299055	  0.164125	  0.323962	
  0.153798	  0.038307	  0.030742	  0.777153	
  0.777780	  0.031389	  0.089698	  0.101134	
  0.945835	  0.014470	  0.014615	  0.025080	
  0.045414	  0.028101	  0.156932	  0.769554	
  0.119773	  0.689246	  0.071208	  0.119773	
  0.076693	  0.566686	  0.114412	  0.242210	
  0.157784	  0.314576	  0.287500	  0.240141	
  0.219437	  0.296208	  0.221642	  0.262713	

URL http://cisbp.ccbr.utoronto.ca/TFreport.php?searchTF=T102000_1.02

MOTIF M0971_1.02 (e_gw.159.76.1)_(Mus_musculus)_(DBD_0.79)

letter-probability matrix: alength= 4 w= 8 nsites= 1 E= 0
  0.279458	  0.257972	  0.222039	  0.240532	
  0.219119	  0.081420	  0.091800	  0.607661	
  0.710086	  0.064418	  0.097066	  0.128430	
  0.831775	  0.061779	  0.040188	  0.066258	
  0.119257	  0.118071	  0.069497	  0.693175	
  0.114974	  0.318845	  0.176744	  0.389438	
  0.254916	  0.185107	  0.365379	  0.194598	
  0.290358	  0.210843	  0.296223	  0.202576	

URL http://cisbp.ccbr.utoronto.ca/TFreport.php?searchTF=T101009_1.02

MOTIF M0972_1.02 (gw.191.135.1)_(Mus_musculus)_(DBD_0.74)

letter-probability matrix: alength= 4 w= 8 nsites= 1 E= 0
  0.205661	  0.300734	  0.189849	  0.303757	
  0.125034	  0.075837	  0.035114	  0.764015	
  0.752473	  0.068263	  0.113678	  0.065586	
  0.947059	  0.000567	  0.020767	  0.031606	
  0.052681	  0.078591	  0.069010	  0.799717	
  0.162578	  0.134445	  0.157773	  0.545203	
  0.352715	  0.124669	  0.349206	  0.173410	
  0.314813	  0.200734	  0.311680	  0.172773	

URL http://cisbp.ccbr.utoronto.ca/TFreport.php?searchTF=T102162_1.02

MOTIF M0975_1.02 (e_gw.97.29.1)_(Mus_musculus)_(DBD_0.89)

letter-probability matrix: alength= 4 w= 9 nsites= 1 E= 0
  0.152081	  0.091324	  0.047201	  0.709395	
  0.690458	  0.086259	  0.135281	  0.088002	
  0.886062	  0.013024	  0.035758	  0.065156	
  0.031077	  0.036836	  0.028403	  0.903684	
  0.110911	  0.101365	  0.155824	  0.631899	
  0.491062	  0.048743	  0.349523	  0.110672	
  0.367221	  0.191706	  0.269337	  0.171737	
  0.287641	  0.235500	  0.183408	  0.293451	
  0.278534	  0.200244	  0.177601	  0.343621	

URL http://cisbp.ccbr.utoronto.ca/TFreport.php?searchTF=T101163_1.02

MOTIF M1000_1.02 (e_gw.365.33.1)_(Mus_musculus)_(DBD_0.91)

letter-probability matrix: alength= 4 w= 8 nsites= 1 E= 0
  0.216987	  0.314139	  0.148389	  0.320485	
  0.078163	  0.026544	  0.007454	  0.887839	
  0.853506	  0.044228	  0.065324	  0.036942	
  0.978482	  0.000211	  0.008551	  0.012756	
  0.002825	  0.026803	  0.027897	  0.942475	
  0.104556	  0.090897	  0.098468	  0.706079	
  0.391058	  0.094524	  0.371986	  0.142431	
  0.297757	  0.193694	  0.374758	  0.133791	

URL http://cisbp.ccbr.utoronto.ca/TFreport.php?searchTF=T101091_1.02

MOTIF M1001_1.02 (gw.102.40.1)_(Mus_musculus)_(DBD_0.85)

letter-probability matrix: alength= 4 w= 10 nsites= 1 E= 0
  0.322331	  0.197469	  0.274673	  0.205527	
  0.194389	  0.314147	  0.287109	  0.204355	
  0.241423	  0.414283	  0.182463	  0.161831	
  0.070501	  0.283051	  0.022774	  0.623674	
  0.068469	  0.000243	  0.876887	  0.054401	
  0.095932	  0.187473	  0.000627	  0.715968	
  0.063044	  0.815526	  0.046704	  0.074726	
  0.494531	  0.137498	  0.193177	  0.174794	
  0.280233	  0.246071	  0.222654	  0.251042	
  0.271003	  0.235599	  0.219671	  0.273727	

URL http://cisbp.ccbr.utoronto.ca/TFreport.php?searchTF=T101932_1.02

MOTIF M1015_1.02 (e_gw.40.28.1)_(Mus_musculus)_(DBD_0.81)

letter-probability matrix: alength= 4 w= 7 nsites= 1 E= 0
  0.161249	  0.279486	  0.178208	  0.381058	
  0.074215	  0.310124	  0.003515	  0.612146	
  0.496430	  0.223061	  0.103280	  0.177229	
  0.604375	  0.168039	  0.074010	  0.153576	
  0.151745	  0.140078	  0.000347	  0.707829	
  0.255989	  0.195416	  0.091390	  0.457205	
  0.395010	  0.194204	  0.151246	  0.259540	

URL http://cisbp.ccbr.utoronto.ca/TFreport.php?searchTF=T101101_1.02

MOTIF M1016_1.02 (e_gw.286.29.1)_(Mus_musculus)_(DBD_0.98)

letter-probability matrix: alength= 4 w= 7 nsites= 1 E= 0
  0.247356	  0.242458	  0.265291	  0.244895	
  0.187686	  0.245862	  0.203318	  0.363134	
  0.206531	  0.145540	  0.437226	  0.210703	
  0.818609	  0.111900	  0.033704	  0.035788	
  0.126658	  0.170970	  0.099632	  0.602740	
  0.539508	  0.337193	  0.043409	  0.079890	
  0.146793	  0.419484	  0.179294	  0.254430	

URL http://cisbp.ccbr.utoronto.ca/TFreport.php?searchTF=T101075_1.02

MOTIF M1018_1.02 (e_gw.58.230.1)_(Mus_musculus)_(DBD_0.81)

letter-probability matrix: alength= 4 w= 7 nsites= 1 E= 0
  0.166165	  0.321495	  0.042224	  0.470117	
  0.399981	  0.230769	  0.126649	  0.242601	
  0.594697	  0.152635	  0.003519	  0.249149	
  0.073485	  0.207904	  0.000173	  0.718437	
  0.290140	  0.244781	  0.169078	  0.296001	
  0.318793	  0.229188	  0.201249	  0.250771	
  0.293737	  0.247815	  0.271153	  0.187295	

URL http://cisbp.ccbr.utoronto.ca/TFreport.php?searchTF=T101138_1.02

MOTIF M1020_1.02 (fgenesh1_pm.scaffold_110000004)_(Mus_musculus)_(DBD_0.88)

letter-probability matrix: alength= 4 w= 8 nsites= 1 E= 0
  0.245580	  0.266033	  0.173057	  0.315330	
  0.119000	  0.042484	  0.026819	  0.811696	
  0.775973	  0.070395	  0.099895	  0.053738	
  0.952272	  0.000511	  0.019863	  0.027354	
  0.039124	  0.063862	  0.062598	  0.834416	
  0.140547	  0.106223	  0.141959	  0.611271	
  0.355145	  0.111333	  0.377106	  0.156417	
  0.288606	  0.209571	  0.335312	  0.166511	

URL http://cisbp.ccbr.utoronto.ca/TFreport.php?searchTF=T101524_1.02

MOTIF M1059_1.02 (gw.243.78.1)_(Mus_musculus)_(DBD_0.77)

letter-probability matrix: alength= 4 w= 10 nsites= 1 E= 0
  0.293147	  0.219351	  0.278850	  0.208653	
  0.267936	  0.299091	  0.327258	  0.105715	
  0.093655	  0.544363	  0.028492	  0.333491	
  0.572650	  0.179518	  0.039263	  0.208570	
  0.165816	  0.743137	  0.028815	  0.062233	
  0.068391	  0.019594	  0.000381	  0.911634	
  0.074279	  0.375338	  0.023054	  0.527330	
  0.341759	  0.224552	  0.277025	  0.156664	
  0.419927	  0.148425	  0.179483	  0.252164	
  0.275193	  0.249005	  0.277959	  0.197843	

URL http://cisbp.ccbr.utoronto.ca/TFreport.php?searchTF=T102181_1.02

MOTIF M1083_1.02 (e_gw.34.4.1)_(Tetraodon_nigroviridis)_(DBD_0.72)

letter-probability matrix: alength= 4 w= 9 nsites= 1 E= 0
  0.287146	  0.275887	  0.290032	  0.146935	
  0.125413	  0.302359	  0.151656	  0.420572	
  0.056927	  0.051510	  0.069531	  0.822031	
  0.852717	  0.054512	  0.053970	  0.038800	
  0.956803	  0.007490	  0.016340	  0.019368	
  0.013395	  0.013262	  0.034291	  0.939053	
  0.061449	  0.043303	  0.067912	  0.827336	
  0.554996	  0.007456	  0.364658	  0.072891	
  0.347071	  0.159099	  0.364866	  0.128964	

URL http://cisbp.ccbr.utoronto.ca/TFreport.php?searchTF=T101087_1.02

MOTIF M1086_1.02 (e_gw.243.57.1)_(Caenorhabditis_elegans)_(DBD_0.81)

letter-probability matrix: alength= 4 w= 8 nsites= 1 E= 0
  0.114583	  0.406250	  0.479167	  0.000000	
  0.000000	  0.633588	  0.000000	  0.366412	
  0.957143	  0.000000	  0.000000	  0.042857	
  0.000000	  1.000000	  0.000000	  0.000000	
  0.000000	  0.000000	  0.000000	  1.000000	
  0.000000	  0.205882	  0.000000	  0.794118	
  0.477477	  0.153153	  0.333333	  0.036036	
  0.827586	  0.011494	  0.022989	  0.137931	

URL http://cisbp.ccbr.utoronto.ca/TFreport.php?searchTF=T101050_1.02

MOTIF M1096_1.02 (estExt_gwp.C_530110)_(Drosophila_melanogaster)_(DBD_0.89)

letter-probability matrix: alength= 4 w= 8 nsites= 1 E= 0
  0.207448	  0.325343	  0.141866	  0.325343	
  0.070500	  0.046787	  0.081909	  0.800803	
  0.823901	  0.041432	  0.064978	  0.069690	
  0.800902	  0.045410	  0.085263	  0.068425	
  0.078337	  0.041722	  0.098595	  0.781347	
  0.084961	  0.693803	  0.089317	  0.131919	
  0.101356	  0.577459	  0.132772	  0.188413	
  0.148880	  0.348326	  0.299807	  0.202987	

URL http://cisbp.ccbr.utoronto.ca/TFreport.php?searchTF=T101399_1.02

MOTIF M1097_1.02 (estExt_fgenesh1_pg.C_2280026)_(Drosophila_melanogaster)_(DBD_0.91)

letter-probability matrix: alength= 4 w= 10 nsites= 1 E= 0
  0.292329	  0.229079	  0.288644	  0.189949	
  0.136427	  0.336877	  0.156525	  0.370171	
  0.034513	  0.118059	  0.009674	  0.837754	
  0.801571	  0.072692	  0.093201	  0.032536	
  0.970781	  0.007894	  0.008025	  0.013300	
  0.013300	  0.008025	  0.007894	  0.970781	
  0.032536	  0.093201	  0.072692	  0.801571	
  0.837754	  0.009674	  0.118059	  0.034513	
  0.370171	  0.156525	  0.336877	  0.136427	
  0.189949	  0.288644	  0.229079	  0.292329	

URL http://cisbp.ccbr.utoronto.ca/TFreport.php?searchTF=T101195_1.02

MOTIF M1110_1.02 (gw.12.267.1)_(Caenorhabditis_elegans)_(DBD_0.75)

letter-probability matrix: alength= 4 w= 10 nsites= 1 E= 0
  0.240816	  0.226792	  0.271519	  0.260873	
  0.280565	  0.227422	  0.286233	  0.205780	
  0.235681	  0.250255	  0.341204	  0.172860	
  0.169104	  0.395643	  0.124029	  0.311224	
  0.427182	  0.203814	  0.190035	  0.178968	
  0.688905	  0.115020	  0.173314	  0.022762	
  0.081639	  0.159542	  0.022028	  0.736792	
  0.316472	  0.253975	  0.165213	  0.264340	
  0.234629	  0.269888	  0.289457	  0.206027	
  0.340075	  0.196206	  0.267513	  0.196206	

URL http://cisbp.ccbr.utoronto.ca/TFreport.php?searchTF=T102024_1.02

MOTIF M1125_1.02 (fgenesh1_pg.scaffold_6000006)_(Mus_musculus)_(DBD_0.96)

letter-probability matrix: alength= 4 w= 10 nsites= 1 E= 0
  0.232947	  0.273366	  0.293187	  0.200499	
  0.212847	  0.340554	  0.181376	  0.265223	
  0.136717	  0.049300	  0.011335	  0.802648	
  0.797526	  0.087489	  0.088368	  0.026616	
  0.889584	  0.000658	  0.045639	  0.064120	
  0.150641	  0.058844	  0.122107	  0.668408	
  0.186789	  0.142591	  0.242253	  0.428367	
  0.315574	  0.091322	  0.456867	  0.136237	
  0.212950	  0.281760	  0.314523	  0.190768	
  0.193573	  0.288776	  0.231748	  0.285903	

URL http://cisbp.ccbr.utoronto.ca/TFreport.php?searchTF=T101508_1.02

MOTIF M1163_1.02 (e_gw.464.8.1)_(PBM_CONSTRUCTS)_(DBD_0.98)

letter-probability matrix: alength= 4 w= 9 nsites= 1 E= 0
  0.287806	  0.198798	  0.247717	  0.265679	
  0.306685	  0.119800	  0.155372	  0.418143	
  0.132401	  0.166640	  0.077156	  0.623803	
  0.569683	  0.060044	  0.193462	  0.176811	
  0.836303	  0.006482	  0.067289	  0.089926	
  0.091438	  0.019023	  0.056017	  0.833522	
  0.170676	  0.136971	  0.304834	  0.387520	
  0.473486	  0.077488	  0.323799	  0.125226	
  0.169558	  0.321564	  0.305881	  0.202998	

URL http://cisbp.ccbr.utoronto.ca/TFreport.php?searchTF=T101113_1.02

MOTIF M1177_1.02 (e_gw.61.4.1)_(Acropora_formosa)_(DBD_0.91)

letter-probability matrix: alength= 4 w= 11 nsites= 1 E= 0
  0.347054	  0.154178	  0.249599	  0.249169	
  0.436217	  0.255427	  0.154178	  0.154178	
  0.022390	  0.210682	  0.419207	  0.347721	
  0.000228	  0.000228	  0.000228	  0.999316	
  0.908059	  0.091485	  0.000228	  0.000228	
  0.732520	  0.000228	  0.000228	  0.267024	
  0.088876	  0.000228	  0.000228	  0.910667	
  0.087118	  0.000228	  0.095649	  0.817004	
  0.445054	  0.096050	  0.275955	  0.182941	
  0.234333	  0.302119	  0.276241	  0.187307	
  0.227838	  0.227838	  0.227838	  0.316486	

URL http://cisbp.ccbr.utoronto.ca/TFreport.php?searchTF=T101145_1.02

MOTIF M1185_1.02 K50-6

letter-probability matrix: alength= 4 w= 10 nsites= 1 E= 0
  0.253186	  0.343205	  0.248535	  0.155074	
  0.098919	  0.289247	  0.098919	  0.512915	
  0.000163	  0.000163	  0.000163	  0.999510	
  0.999510	  0.000163	  0.000163	  0.000163	
  0.999510	  0.000163	  0.000163	  0.000163	
  0.000163	  0.000163	  0.000163	  0.999510	
  0.000163	  0.999510	  0.000163	  0.000163	
  0.000163	  0.999510	  0.000163	  0.000163	
  0.095089	  0.306851	  0.198802	  0.399258	
  0.360641	  0.240258	  0.151244	  0.247857	

URL http://cisbp.ccbr.utoronto.ca/TFreport.php?searchTF=T100929_1.02

MOTIF M1186_1.02 NVHD076-ANTP

letter-probability matrix: alength= 4 w= 9 nsites= 1 E= 0
  0.554204	  0.111726	  0.111726	  0.222345	
  0.062968	  0.000623	  0.000623	  0.935786	
  0.887472	  0.000554	  0.055987	  0.055987	
  0.998337	  0.000554	  0.000554	  0.000554	
  0.000554	  0.000554	  0.000554	  0.998337	
  0.000554	  0.499446	  0.277716	  0.222284	
  0.176643	  0.000587	  0.822183	  0.000587	
  0.466090	  0.067154	  0.466090	  0.000665	
  0.001106	  0.111726	  0.001106	  0.886062	

URL http://cisbp.ccbr.utoronto.ca/TFreport.php?searchTF=T100952_1.02

MOTIF M1187_1.02 NK-like_2

letter-probability matrix: alength= 4 w= 9 nsites= 1 E= 0
  0.210622	  0.170727	  0.159185	  0.459466	
  0.103472	  0.259642	  0.092694	  0.544192	
  0.577642	  0.089923	  0.214638	  0.117796	
  0.681424	  0.083445	  0.063700	  0.171432	
  0.226832	  0.112641	  0.124488	  0.536039	
  0.274924	  0.175300	  0.220632	  0.329144	
  0.219166	  0.121490	  0.478104	  0.181241	
  0.246647	  0.251630	  0.339665	  0.162059	
  0.178028	  0.302457	  0.240312	  0.279203	

URL http://cisbp.ccbr.utoronto.ca/TFreport.php?searchTF=T101071_1.02

MOTIF M1188_1.02 MSXB

letter-probability matrix: alength= 4 w= 9 nsites= 1 E= 0
  0.269697	  0.232130	  0.275145	  0.223028	
  0.157765	  0.358205	  0.172622	  0.311408	
  0.118187	  0.524409	  0.117011	  0.240392	
  0.583120	  0.113114	  0.115399	  0.188367	
  0.739103	  0.086959	  0.127159	  0.046779	
  0.090164	  0.131846	  0.077605	  0.700385	
  0.336856	  0.270333	  0.125168	  0.267643	
  0.412782	  0.151854	  0.117087	  0.318276	
  0.309961	  0.243824	  0.256325	  0.189890	

URL http://cisbp.ccbr.utoronto.ca/TFreport.php?searchTF=T101081_1.02

MOTIF M1189_1.02 PaxD4

letter-probability matrix: alength= 4 w= 10 nsites= 1 E= 0
  0.278816	  0.247673	  0.255282	  0.218229	
  0.193819	  0.291332	  0.190112	  0.324737	
  0.267659	  0.193115	  0.126695	  0.412532	
  0.419900	  0.162984	  0.208787	  0.208330	
  0.569557	  0.167110	  0.130840	  0.132493	
  0.132493	  0.130840	  0.167110	  0.569557	
  0.208330	  0.208787	  0.162984	  0.419900	
  0.412532	  0.126695	  0.193115	  0.267659	
  0.324737	  0.190112	  0.291332	  0.193819	
  0.218229	  0.255282	  0.247673	  0.278816	

URL http://cisbp.ccbr.utoronto.ca/TFreport.php?searchTF=T101096_1.02

MOTIF M1190_1.02 NK-like_21

letter-probability matrix: alength= 4 w= 10 nsites= 1 E= 0
  0.255784	  0.245755	  0.271601	  0.226860	
  0.235888	  0.258103	  0.255535	  0.250475	
  0.223912	  0.299242	  0.268071	  0.208774	
  0.203392	  0.325426	  0.199364	  0.271818	
  0.395796	  0.204567	  0.188840	  0.210797	
  0.640143	  0.084074	  0.202693	  0.073090	
  0.123324	  0.205371	  0.134938	  0.536366	
  0.353964	  0.257031	  0.204220	  0.184786	
  0.385770	  0.182225	  0.218163	  0.213843	
  0.334721	  0.200998	  0.252977	  0.211304	

URL http://cisbp.ccbr.utoronto.ca/TFreport.php?searchTF=T101109_1.02

MOTIF M1191_1.02 NOT-like_D

letter-probability matrix: alength= 4 w= 9 nsites= 1 E= 0
  0.230244	  0.262209	  0.177530	  0.330016	
  0.118360	  0.140293	  0.010845	  0.730502	
  0.712072	  0.122508	  0.126239	  0.039180	
  0.797834	  0.068163	  0.036303	  0.097700	
  0.064961	  0.092183	  0.019178	  0.823678	
  0.172656	  0.054125	  0.317762	  0.455457	
  0.451274	  0.126732	  0.240345	  0.181649	
  0.354704	  0.183329	  0.317756	  0.144212	
  0.192497	  0.304930	  0.237480	  0.265093	

URL http://cisbp.ccbr.utoronto.ca/TFreport.php?searchTF=T101112_1.02

MOTIF M1192_1.02 NK-like_4

letter-probability matrix: alength= 4 w= 8 nsites= 1 E= 0
  0.726407	  0.000454	  0.045826	  0.227314	
  0.998967	  0.000344	  0.000344	  0.000344	
  0.031523	  0.062734	  0.031523	  0.874220	
  0.000312	  0.780587	  0.000312	  0.218789	
  0.437266	  0.000312	  0.562110	  0.000312	
  0.967853	  0.031523	  0.000312	  0.000312	
  0.000357	  0.000357	  0.036020	  0.963267	
  0.000525	  0.840861	  0.000525	  0.158088	

URL http://cisbp.ccbr.utoronto.ca/TFreport.php?searchTF=T101143_1.02

MOTIF M1193_1.02 SHOX-like

letter-probability matrix: alength= 4 w= 8 nsites= 1 E= 0
  0.197481	  0.283055	  0.203495	  0.315968	
  0.159614	  0.085009	  0.054204	  0.701174	
  0.623566	  0.079476	  0.133681	  0.163278	
  0.868297	  0.028404	  0.061346	  0.041952	
  0.031540	  0.074534	  0.072331	  0.821596	
  0.168804	  0.101366	  0.116599	  0.613230	
  0.357886	  0.081468	  0.441516	  0.119130	
  0.262360	  0.221344	  0.336877	  0.179418	

URL http://cisbp.ccbr.utoronto.ca/TFreport.php?searchTF=T101154_1.02

MOTIF M1194_1.02 LBX

letter-probability matrix: alength= 4 w= 8 nsites= 1 E= 0
  0.003289	  0.990132	  0.003289	  0.003289	
  0.003289	  0.003289	  0.003289	  0.990132	
  0.990132	  0.003289	  0.003289	  0.003289	
  0.990132	  0.003289	  0.003289	  0.003289	
  0.003289	  0.003289	  0.003289	  0.990132	
  0.003289	  0.003289	  0.003289	  0.990132	
  0.990132	  0.003289	  0.003289	  0.003289	
  0.495098	  0.004902	  0.495098	  0.004902	

URL http://cisbp.ccbr.utoronto.ca/TFreport.php?searchTF=T101401_1.02

MOTIF M1197_1.02 NK-like_13

letter-probability matrix: alength= 4 w= 10 nsites= 1 E= 0
  0.346217	  0.234409	  0.243975	  0.175399	
  0.318498	  0.189354	  0.291085	  0.201063	
  0.184895	  0.278603	  0.395357	  0.141145	
  0.040049	  0.478242	  0.012937	  0.468772	
  0.642743	  0.073387	  0.022550	  0.261320	
  0.037249	  0.932279	  0.014551	  0.015921	
  0.029299	  0.029007	  0.000119	  0.941575	
  0.021516	  0.292591	  0.001335	  0.684559	
  0.287633	  0.247568	  0.327565	  0.137234	
  0.505444	  0.137750	  0.163275	  0.193531	

URL http://cisbp.ccbr.utoronto.ca/TFreport.php?searchTF=T101505_1.02

MOTIF M1198_1.02 HOXC

letter-probability matrix: alength= 4 w= 8 nsites= 1 E= 0
  0.143466	  0.285511	  0.143466	  0.427557	
  0.001420	  0.001420	  0.001420	  0.995739	
  0.995739	  0.001420	  0.001420	  0.001420	
  0.995739	  0.001420	  0.001420	  0.001420	
  0.001420	  0.001420	  0.001420	  0.995739	
  0.001420	  0.001420	  0.001420	  0.995739	
  0.995033	  0.001656	  0.001656	  0.001656	
  0.250000	  0.250000	  0.250000	  0.250000	

