MEME version 4

ALPHABET= ACGT

strands: + -

Background letter frequencies (from uniform background):
A 0.25000 C 0.25000 G 0.25000 T 0.25000 

MOTIF M0089_1.02 (estExt_Genewise1Plus.C_12733)_(Neurospora_crassa)_(DBD_0.99)

letter-probability matrix: alength= 4 w= 7 nsites= 1 E= 0
  0.369545	  0.179877	  0.228668	  0.221910	
  0.000965	  0.948168	  0.044015	  0.006852	
  0.012568	  0.000671	  0.983503	  0.003258	
  0.071096	  0.667829	  0.015395	  0.245680	
  0.023686	  0.002259	  0.958019	  0.016037	
  0.258220	  0.169662	  0.072516	  0.499602	
  0.227545	  0.339458	  0.178993	  0.254004	

URL http://cisbp.ccbr.utoronto.ca/TFreport.php?searchTF=T006818_1.02

MOTIF M0090_1.02 (estExt_Genewise1.C_150098)_(Neurospora_crassa)_(DBD_0.99)

letter-probability matrix: alength= 4 w= 9 nsites= 1 E= 0
  0.267934	  0.217183	  0.260016	  0.254867	
  0.253271	  0.236148	  0.207361	  0.303220	
  0.244019	  0.201794	  0.295080	  0.259108	
  0.555310	  0.001732	  0.212624	  0.230333	
  0.031649	  0.841093	  0.000193	  0.127065	
  0.319537	  0.007220	  0.669729	  0.003514	
  0.097180	  0.809624	  0.007005	  0.086191	
  0.054095	  0.015344	  0.871960	  0.058601	
  0.292764	  0.177570	  0.157491	  0.372176	

URL http://cisbp.ccbr.utoronto.ca/TFreport.php?searchTF=T006811_1.02

MOTIF M0099_1.02 (estExt_fgenesh2_pg.C_10649)_(Nectria_haematococca)_(DBD_0.97)

letter-probability matrix: alength= 4 w= 10 nsites= 1 E= 0
  0.282479	  0.173160	  0.181256	  0.363105	
  0.200768	  0.319145	  0.136963	  0.343123	
  0.492646	  0.261305	  0.149200	  0.096849	
  0.029691	  0.074764	  0.001569	  0.893977	
  0.120064	  0.011447	  0.815301	  0.053187	
  0.053187	  0.815301	  0.011447	  0.120064	
  0.893977	  0.001569	  0.074764	  0.029691	
  0.096849	  0.149200	  0.261305	  0.492646	
  0.343123	  0.136963	  0.319145	  0.200768	
  0.363105	  0.181256	  0.173160	  0.282479	

URL http://cisbp.ccbr.utoronto.ca/TFreport.php?searchTF=T006800_1.02

MOTIF M0112_1.02 (estExt_fgenesh2_pg.C_10495)_(Neurospora_crassa)_(DBD_1.00)

letter-probability matrix: alength= 4 w= 8 nsites= 1 E= 0
  0.231893	  0.272129	  0.231893	  0.264086	
  0.199782	  0.275126	  0.241587	  0.283505	
  0.239406	  0.256765	  0.190216	  0.313613	
  0.169991	  0.163325	  0.418109	  0.248575	
  0.699238	  0.072966	  0.111051	  0.116745	
  0.096923	  0.120773	  0.014210	  0.768095	
  0.556969	  0.037808	  0.314980	  0.090243	
  0.186997	  0.278967	  0.206664	  0.327371	

URL http://cisbp.ccbr.utoronto.ca/TFreport.php?searchTF=T008019_1.02

MOTIF M0113_1.02 (estExt_fgenesh3_pm.C_60533)_(Neurospora_crassa)_(DBD_0.99)

letter-probability matrix: alength= 4 w= 8 nsites= 1 E= 0
  0.332237	  0.332237	  0.003289	  0.332237	
  0.992574	  0.002475	  0.002475	  0.002475	
  0.992574	  0.002475	  0.002475	  0.002475	
  0.992574	  0.002475	  0.002475	  0.002475	
  0.002475	  0.002475	  0.002475	  0.992574	
  0.002475	  0.002475	  0.002475	  0.992574	
  0.002475	  0.002475	  0.002475	  0.992574	
  0.250000	  0.002475	  0.250000	  0.497525	

URL http://cisbp.ccbr.utoronto.ca/TFreport.php?searchTF=T008030_1.02

MOTIF M0138_1.02 (estExt_fgenesh3_pm.C_140120)_(Neurospora_crassa)_(DBD_0.94)

letter-probability matrix: alength= 4 w= 10 nsites= 1 E= 0
  0.606435	  0.100113	  0.193339	  0.100113	
  0.558535	  0.133577	  0.047162	  0.260727	
  0.808690	  0.000196	  0.088314	  0.102800	
  0.231969	  0.000196	  0.000196	  0.767638	
  0.889933	  0.000196	  0.000196	  0.109675	
  0.290663	  0.000196	  0.000196	  0.708945	
  0.267391	  0.000196	  0.000196	  0.732217	
  0.000196	  0.093423	  0.000196	  0.906185	
  0.460241	  0.150083	  0.150083	  0.239593	
  0.203034	  0.291152	  0.203034	  0.302779	

URL http://cisbp.ccbr.utoronto.ca/TFreport.php?searchTF=T008808_1.02

MOTIF M0139_1.02 (estExt_fgenesh3_pm.C_60223)_(Neurospora_crassa)_(DBD_0.64)

letter-probability matrix: alength= 4 w= 10 nsites= 1 E= 0
  0.201025	  0.307957	  0.244501	  0.246517	
  0.321984	  0.166011	  0.320153	  0.191852	
  0.414247	  0.188211	  0.192640	  0.204903	
  0.431510	  0.064433	  0.100297	  0.403760	
  0.423723	  0.047936	  0.000049	  0.528292	
  0.528292	  0.000049	  0.047936	  0.423723	
  0.403760	  0.100297	  0.064433	  0.431510	
  0.204903	  0.192640	  0.188211	  0.414247	
  0.191852	  0.320153	  0.166011	  0.321984	
  0.246517	  0.244501	  0.307957	  0.201025	

URL http://cisbp.ccbr.utoronto.ca/TFreport.php?searchTF=T008809_1.02

MOTIF M0230_1.02 (estExt_Genewise1.C_51075)_(Neurospora_crassa)_(DBD_0.96)

letter-probability matrix: alength= 4 w= 9 nsites= 1 E= 0
  0.408213	  0.126696	  0.302411	  0.162680	
  0.191025	  0.206935	  0.159557	  0.442483	
  0.167444	  0.584439	  0.096607	  0.151510	
  0.784067	  0.047679	  0.129605	  0.038648	
  0.099598	  0.446365	  0.183303	  0.270734	
  0.216311	  0.201687	  0.418517	  0.163484	
  0.238057	  0.276583	  0.119404	  0.365956	
  0.242129	  0.214749	  0.336794	  0.206329	
  0.366057	  0.219816	  0.171193	  0.242934	

URL http://cisbp.ccbr.utoronto.ca/TFreport.php?searchTF=T019378_1.02

MOTIF M0231_1.02 (estExt_fgenesh2_pg.C_40643)_(Neurospora_crassa)_(DBD_0.95)

letter-probability matrix: alength= 4 w= 10 nsites= 1 E= 0
  0.290009	  0.184328	  0.263068	  0.262596	
  0.207830	  0.203907	  0.238414	  0.349849	
  0.206729	  0.418404	  0.132532	  0.242336	
  0.549339	  0.017035	  0.251221	  0.182405	
  0.114246	  0.538554	  0.072348	  0.274852	
  0.274852	  0.072348	  0.538554	  0.114246	
  0.182405	  0.251221	  0.017035	  0.549339	
  0.242336	  0.132532	  0.418404	  0.206729	
  0.349849	  0.238414	  0.203907	  0.207830	
  0.262596	  0.263068	  0.184328	  0.290009	

URL http://cisbp.ccbr.utoronto.ca/TFreport.php?searchTF=T019280_1.02

MOTIF M0232_1.02 (estExt_fgenesh3_pm.C_20456)_(Neurospora_crassa)_(DBD_0.96)

letter-probability matrix: alength= 4 w= 10 nsites= 1 E= 0
  0.388135	  0.112825	  0.260346	  0.238694	
  0.249054	  0.172339	  0.128937	  0.449670	
  0.199250	  0.410304	  0.162487	  0.227958	
  0.479655	  0.034839	  0.286042	  0.199464	
  0.129912	  0.429844	  0.141336	  0.298908	
  0.298908	  0.141336	  0.429844	  0.129912	
  0.199464	  0.286042	  0.034839	  0.479655	
  0.227958	  0.162487	  0.410304	  0.199250	
  0.449670	  0.128937	  0.172339	  0.249054	
  0.238694	  0.260346	  0.112825	  0.388135	

URL http://cisbp.ccbr.utoronto.ca/TFreport.php?searchTF=T019311_1.02

MOTIF M0233_1.02 (estExt_Genewise1.C_21713)_(Neurospora_crassa)_(DBD_0.99)

letter-probability matrix: alength= 4 w= 10 nsites= 1 E= 0
  0.372697	  0.131267	  0.368992	  0.127044	
  0.132630	  0.120618	  0.150348	  0.596405	
  0.053806	  0.833998	  0.040004	  0.072192	
  0.860550	  0.014337	  0.062962	  0.062150	
  0.049765	  0.733895	  0.036448	  0.179892	
  0.179892	  0.036448	  0.733895	  0.049765	
  0.062150	  0.062962	  0.014337	  0.860550	
  0.072192	  0.040004	  0.833998	  0.053806	
  0.596405	  0.150348	  0.120618	  0.132630	
  0.127044	  0.368992	  0.131267	  0.372697	

URL http://cisbp.ccbr.utoronto.ca/TFreport.php?searchTF=T019366_1.02

MOTIF M0234_1.02 (estExt_Genewise1.C_40527)_(Neurospora_crassa)_(DBD_1.00)

letter-probability matrix: alength= 4 w= 9 nsites= 1 E= 0
  0.269108	  0.205431	  0.331993	  0.193468	
  0.159193	  0.533850	  0.206462	  0.100496	
  0.059491	  0.939955	  0.000044	  0.000510	
  0.935853	  0.000093	  0.018384	  0.045671	
  0.000144	  0.750505	  0.011714	  0.237638	
  0.079917	  0.020105	  0.889792	  0.010186	
  0.149161	  0.300373	  0.065041	  0.485425	
  0.093731	  0.070841	  0.652254	  0.183174	
  0.241695	  0.256640	  0.267114	  0.234551	

URL http://cisbp.ccbr.utoronto.ca/TFreport.php?searchTF=T019374_1.02

MOTIF M0235_1.02 (e_gw1.7.1207.1)_(Neurospora_crassa)_(DBD_0.74)

letter-probability matrix: alength= 4 w= 8 nsites= 1 E= 0
  0.274385	  0.205312	  0.348812	  0.171491	
  0.190278	  0.136796	  0.336463	  0.336463	
  0.075030	  0.878218	  0.030505	  0.016247	
  0.751431	  0.000270	  0.135908	  0.112390	
  0.002837	  0.782682	  0.078471	  0.136010	
  0.236992	  0.000239	  0.711963	  0.050807	
  0.167264	  0.223536	  0.126415	  0.482785	
  0.153853	  0.085285	  0.605464	  0.155399	

URL http://cisbp.ccbr.utoronto.ca/TFreport.php?searchTF=T019060_1.02

MOTIF M0236_1.02 (estExt_Genewise1Plus.C_130376)_(Neurospora_crassa)_(DBD_0.97)

letter-probability matrix: alength= 4 w= 14 nsites= 1 E= 0
  0.339409	  0.220197	  0.220197	  0.220197	
  0.168352	  0.168352	  0.168352	  0.494944	
  0.168352	  0.494944	  0.168352	  0.168352	
  0.573389	  0.154731	  0.074270	  0.197609	
  0.021655	  0.935036	  0.021655	  0.021655	
  0.102116	  0.021655	  0.854575	  0.021655	
  0.000213	  0.080674	  0.000213	  0.918899	
  0.582192	  0.085093	  0.332502	  0.000213	
  0.327972	  0.526230	  0.030016	  0.115781	
  0.081861	  0.081861	  0.583379	  0.252899	
  0.668651	  0.167626	  0.081861	  0.081861	
  0.175943	  0.258335	  0.175943	  0.389780	
  0.228559	  0.228559	  0.314324	  0.228559	
  0.228559	  0.228559	  0.228559	  0.314324	

URL http://cisbp.ccbr.utoronto.ca/TFreport.php?searchTF=T019393_1.02

MOTIF M0237_1.02 (estExt_fgenesh2_pg.C_110115)_(Neurospora_crassa)_(DBD_0.94)

letter-probability matrix: alength= 4 w= 10 nsites= 1 E= 0
  0.171624	  0.291578	  0.201403	  0.335395	
  0.282658	  0.168046	  0.260927	  0.288369	
  0.441383	  0.073693	  0.301845	  0.183078	
  0.158087	  0.060530	  0.207088	  0.574295	
  0.017236	  0.922396	  0.020842	  0.039527	
  0.982739	  0.000734	  0.013070	  0.003457	
  0.032935	  0.776290	  0.071131	  0.119645	
  0.236016	  0.029782	  0.723355	  0.010847	
  0.043083	  0.080893	  0.001980	  0.874044	
  0.015553	  0.000229	  0.919875	  0.064344	

URL http://cisbp.ccbr.utoronto.ca/TFreport.php?searchTF=T019239_1.02

MOTIF M0238_1.02 (scaffold_3-snap.405.1)_(Neurospora_crassa)_(DBD_0.88)

letter-probability matrix: alength= 4 w= 10 nsites= 1 E= 0
  0.589916	  0.059827	  0.324326	  0.025931	
  0.077141	  0.044904	  0.031261	  0.846693	
  0.034196	  0.945901	  0.016611	  0.003292	
  0.962385	  0.000816	  0.019102	  0.017698	
  0.000623	  0.925283	  0.043647	  0.030447	
  0.030447	  0.043647	  0.925283	  0.000623	
  0.017698	  0.019102	  0.000816	  0.962385	
  0.003292	  0.016611	  0.945901	  0.034196	
  0.846693	  0.031261	  0.044904	  0.077141	
  0.025931	  0.324326	  0.059827	  0.589916	

URL http://cisbp.ccbr.utoronto.ca/TFreport.php?searchTF=T020368_1.02

MOTIF M0277_1.02 (estExt_fgenesh3_pm.C_60520)_(Aspergillus_nidulans)_(DBD_0.62)

letter-probability matrix: alength= 4 w= 10 nsites= 1 E= 0
  0.154221	  0.132739	  0.506936	  0.206105	
  0.384330	  0.442085	  0.102668	  0.070916	
  0.058696	  0.013228	  0.037054	  0.891022	
  0.007506	  0.030745	  0.385962	  0.575787	
  0.911092	  0.000094	  0.061846	  0.026968	
  0.063690	  0.586417	  0.169700	  0.180193	
  0.278427	  0.160639	  0.196204	  0.364730	
  0.518034	  0.154476	  0.059742	  0.267747	
  0.729176	  0.086653	  0.088404	  0.095767	
  0.258065	  0.140220	  0.224351	  0.377364	

URL http://cisbp.ccbr.utoronto.ca/TFreport.php?searchTF=T029056_1.02

MOTIF M0279_1.02 (estExt_fgenesh3_kg.C_40162)_(Aspergillus_nidulans)_(DBD_0.69)

letter-probability matrix: alength= 4 w= 10 nsites= 1 E= 0
  0.246840	  0.196081	  0.257201	  0.299878	
  0.404547	  0.230507	  0.142781	  0.222165	
  0.184351	  0.378595	  0.128283	  0.308771	
  0.636412	  0.020156	  0.194119	  0.149314	
  0.177436	  0.522892	  0.092598	  0.207075	
  0.207075	  0.092598	  0.522892	  0.177436	
  0.149314	  0.194119	  0.020156	  0.636412	
  0.308771	  0.128283	  0.378595	  0.184351	
  0.222165	  0.142781	  0.230507	  0.404547	
  0.299878	  0.257201	  0.196081	  0.246840	

URL http://cisbp.ccbr.utoronto.ca/TFreport.php?searchTF=T029039_1.02

MOTIF M0330_1.02 (estExt_fgenesh3_kg.C_50227)_(Neurospora_crassa)_(DBD_1.00)

letter-probability matrix: alength= 4 w= 8 nsites= 1 E= 0
  0.690951	  0.077454	  0.154141	  0.077454	
  0.000525	  0.000525	  0.000525	  0.998424	
  0.053046	  0.000525	  0.053046	  0.893382	
  0.998424	  0.000525	  0.000525	  0.000525	
  0.000525	  0.945903	  0.053046	  0.000525	
  0.053046	  0.000525	  0.893382	  0.053046	
  0.000525	  0.053046	  0.000525	  0.945903	
  0.784188	  0.071937	  0.071937	  0.071937	

URL http://cisbp.ccbr.utoronto.ca/TFreport.php?searchTF=T029041_1.02

MOTIF M0331_1.02 (estExt_fgenesh3_kg.C_20222)_(Neurospora_crassa)_(DBD_0.98)

letter-probability matrix: alength= 4 w= 10 nsites= 1 E= 0
  0.138972	  0.117246	  0.552400	  0.191382	
  0.407664	  0.450538	  0.049921	  0.091876	
  0.018202	  0.000228	  0.064170	  0.917399	
  0.109798	  0.113142	  0.249297	  0.527762	
  0.898816	  0.005480	  0.085719	  0.009985	
  0.003372	  0.668907	  0.109469	  0.218251	
  0.178122	  0.123035	  0.455988	  0.242856	
  0.305077	  0.126541	  0.094686	  0.473696	
  0.502827	  0.177727	  0.146973	  0.172474	
  0.496385	  0.129976	  0.163588	  0.210051	

URL http://cisbp.ccbr.utoronto.ca/TFreport.php?searchTF=T029038_1.02

MOTIF M0333_1.02 (estExt_fgenesh3_kg.C_60240)_(Neurospora_crassa)_(DBD_1.00)

letter-probability matrix: alength= 4 w= 9 nsites= 1 E= 0
  0.226007	  0.214985	  0.259970	  0.299037	
  0.362284	  0.189129	  0.305646	  0.142941	
  0.035974	  0.098770	  0.000200	  0.865056	
  0.112334	  0.000555	  0.714424	  0.172686	
  0.745300	  0.051614	  0.051100	  0.151986	
  0.120675	  0.535446	  0.187373	  0.156507	
  0.203170	  0.147532	  0.236050	  0.413247	
  0.260935	  0.335047	  0.220141	  0.183877	
  0.299449	  0.221837	  0.250121	  0.228593	

URL http://cisbp.ccbr.utoronto.ca/TFreport.php?searchTF=T029043_1.02

MOTIF M0334_1.02 (estExt_fgenesh3_kg.C_60236)_(Neurospora_crassa)_(DBD_0.97)

letter-probability matrix: alength= 4 w= 8 nsites= 1 E= 0
  0.115790	  0.106888	  0.483852	  0.293471	
  0.303746	  0.537105	  0.071250	  0.087899	
  0.128523	  0.032334	  0.037944	  0.801199	
  0.083192	  0.144194	  0.330682	  0.441932	
  0.921731	  0.000168	  0.035739	  0.042362	
  0.031981	  0.592974	  0.113881	  0.261164	
  0.229837	  0.193905	  0.319696	  0.256562	
  0.236428	  0.220444	  0.227158	  0.315969	

URL http://cisbp.ccbr.utoronto.ca/TFreport.php?searchTF=T029042_1.02

MOTIF M0335_1.02 (scaffold_3-snap.528.1)_(Neurospora_crassa)_(DBD_0.97)

letter-probability matrix: alength= 4 w= 10 nsites= 1 E= 0
  0.205745	  0.195711	  0.371161	  0.227383	
  0.348492	  0.331496	  0.141686	  0.178326	
  0.158625	  0.112904	  0.146429	  0.582042	
  0.129977	  0.140802	  0.261741	  0.467480	
  0.680697	  0.045291	  0.180029	  0.093983	
  0.046524	  0.572470	  0.141169	  0.239837	
  0.243006	  0.136059	  0.341411	  0.279524	
  0.305636	  0.191023	  0.151775	  0.351566	
  0.458175	  0.155594	  0.171958	  0.214273	
  0.354470	  0.165774	  0.217158	  0.262598	

URL http://cisbp.ccbr.utoronto.ca/TFreport.php?searchTF=T030028_1.02

MOTIF M0338_1.02 (estExt_fgenesh3_kg.C_100037)_(Neurospora_crassa)_(DBD_1.00)

letter-probability matrix: alength= 4 w= 12 nsites= 1 E= 0
  0.226479	  0.226479	  0.320562	  0.226479	
  0.491508	  0.169497	  0.169497	  0.169497	
  0.041349	  0.041349	  0.041349	  0.875952	
  0.022645	  0.022645	  0.598577	  0.356134	
  0.999588	  0.000137	  0.000137	  0.000137	
  0.000137	  0.999588	  0.000137	  0.000137	
  0.000137	  0.000137	  0.999588	  0.000137	
  0.000137	  0.289533	  0.000137	  0.710192	
  0.547490	  0.115798	  0.313054	  0.023658	
  0.387442	  0.170669	  0.080640	  0.361249	
  0.208788	  0.283607	  0.298818	  0.208788	
  0.227493	  0.227493	  0.227493	  0.317522	

URL http://cisbp.ccbr.utoronto.ca/TFreport.php?searchTF=T029036_1.02

MOTIF M0341_1.02 (estExt_fgenesh3_kg.C_160065)_(Schizosaccharomyces_pombe)_(DBD_0.59)

letter-probability matrix: alength= 4 w= 10 nsites= 1 E= 0
  0.570600	  0.126453	  0.170367	  0.132581	
  0.195785	  0.086320	  0.008371	  0.709524	
  0.193607	  0.163160	  0.313589	  0.329644	
  0.494817	  0.042071	  0.276108	  0.187005	
  0.071217	  0.695225	  0.054727	  0.178831	
  0.178831	  0.054727	  0.695225	  0.071217	
  0.187005	  0.276108	  0.042071	  0.494817	
  0.329644	  0.313589	  0.163160	  0.193607	
  0.709524	  0.008371	  0.086320	  0.195785	
  0.132581	  0.170367	  0.126453	  0.570600	

URL http://cisbp.ccbr.utoronto.ca/TFreport.php?searchTF=T029037_1.02

MOTIF M0462_1.02 (estExt_fgenesh3_kg.C_50284)_(Neurospora_crassa)_(DBD_1.00)

letter-probability matrix: alength= 4 w= 8 nsites= 1 E= 0
  0.117165	  0.189211	  0.342309	  0.351315	
  0.000069	  0.999793	  0.000069	  0.000069	
  0.000066	  0.000066	  0.013308	  0.986560	
  0.033170	  0.185448	  0.192068	  0.589314	
  0.000066	  0.000066	  0.999801	  0.000066	
  0.000066	  0.000066	  0.999801	  0.000066	
  0.023881	  0.928356	  0.015947	  0.031815	
  0.362444	  0.137556	  0.374938	  0.125062	

URL http://cisbp.ccbr.utoronto.ca/TFreport.php?searchTF=T063858_1.02

MOTIF M0463_1.02 (fgenesh3_pm.C_scaffold_5000305)_(Neurospora_crassa)_(DBD_1.00)

letter-probability matrix: alength= 4 w= 9 nsites= 1 E= 0
  0.282318	  0.185496	  0.344824	  0.187361	
  0.100407	  0.208352	  0.065316	  0.625925	
  0.155963	  0.340229	  0.104545	  0.399263	
  0.327377	  0.063505	  0.513429	  0.095690	
  0.000083	  0.092693	  0.828236	  0.078988	
  0.068514	  0.057803	  0.818146	  0.055537	
  0.103622	  0.544981	  0.033810	  0.317587	
  0.271605	  0.229144	  0.258359	  0.240892	
  0.188301	  0.301280	  0.278117	  0.232303	

URL http://cisbp.ccbr.utoronto.ca/TFreport.php?searchTF=T065508_1.02

MOTIF M0464_1.02 (estExt_Genewise1.C_50669)_(Neurospora_crassa)_(DBD_1.00)

letter-probability matrix: alength= 4 w= 10 nsites= 1 E= 0
  0.236571	  0.205221	  0.278493	  0.279715	
  0.149782	  0.262156	  0.085487	  0.502575	
  0.342827	  0.526572	  0.039079	  0.091522	
  0.958824	  0.021864	  0.018184	  0.001128	
  0.018978	  0.006180	  0.942469	  0.032373	
  0.000725	  0.000000	  0.991760	  0.007516	
  0.075042	  0.000000	  0.920178	  0.004780	
  0.050954	  0.000665	  0.904357	  0.044023	
  0.107583	  0.249341	  0.211968	  0.431108	
  0.362089	  0.187738	  0.176936	  0.273237	

URL http://cisbp.ccbr.utoronto.ca/TFreport.php?searchTF=T063969_1.02

MOTIF M0466_1.02 (estExt_Genewise1Plus.C_10156)_(Neurospora_crassa)_(DBD_0.96)

letter-probability matrix: alength= 4 w= 7 nsites= 1 E= 0
  0.172471	  0.000350	  0.678732	  0.148447	
  0.000281	  0.264812	  0.139634	  0.595274	
  0.000813	  0.000679	  0.965312	  0.033197	
  0.000169	  0.000965	  0.947750	  0.051116	
  0.039970	  0.029024	  0.861031	  0.069974	
  0.150285	  0.111334	  0.573944	  0.164438	
  0.196012	  0.194062	  0.360747	  0.249180	

URL http://cisbp.ccbr.utoronto.ca/TFreport.php?searchTF=T064016_1.02

MOTIF M0467_1.02 (e_gw1.10.56.1)_(Neurospora_crassa)_(DBD_1.00)

letter-probability matrix: alength= 4 w= 8 nsites= 1 E= 0
  0.200133	  0.133644	  0.599069	  0.067154	
  0.000370	  0.000370	  0.998891	  0.000370	
  0.000370	  0.000370	  0.037352	  0.961908	
  0.000370	  0.000370	  0.998891	  0.000370	
  0.000370	  0.000370	  0.998891	  0.000370	
  0.000370	  0.998891	  0.000370	  0.000370	
  0.185281	  0.037352	  0.776997	  0.000370	
  0.578256	  0.158088	  0.105567	  0.158088	

URL http://cisbp.ccbr.utoronto.ca/TFreport.php?searchTF=T062439_1.02

MOTIF M0468_1.02 (fgenesh2_pg.C_scaffold_2000537)_(Neurospora_crassa)_(DBD_0.96)

letter-probability matrix: alength= 4 w= 10 nsites= 1 E= 0
  0.225974	  0.183171	  0.420069	  0.170787	
  0.409795	  0.253574	  0.109471	  0.227160	
  0.999783	  0.000004	  0.000190	  0.000023	
  0.000401	  0.000393	  0.999205	  0.000000	
  0.000000	  0.000000	  1.000000	  0.000000	
  0.491273	  0.000000	  0.496211	  0.012516	
  0.300359	  0.581133	  0.000000	  0.118508	
  0.166965	  0.543366	  0.155677	  0.133992	
  0.153662	  0.389459	  0.215888	  0.240991	
  0.298729	  0.249519	  0.232650	  0.219102	

URL http://cisbp.ccbr.utoronto.ca/TFreport.php?searchTF=T064584_1.02

MOTIF M0469_1.02 (fgenesh2_pg.C_scaffold_2000699)_(Neurospora_crassa)_(DBD_1.00)

letter-probability matrix: alength= 4 w= 10 nsites= 1 E= 0
  0.135111	  0.173485	  0.132435	  0.558969	
  0.036396	  0.008797	  0.948091	  0.006716	
  0.090702	  0.038382	  0.076522	  0.794394	
  0.000618	  0.001681	  0.991595	  0.006106	
  0.003099	  0.000230	  0.993412	  0.003258	
  0.008631	  0.977890	  0.002171	  0.011307	
  0.083917	  0.020902	  0.487765	  0.407416	
  0.128276	  0.306184	  0.274290	  0.291251	
  0.384309	  0.167578	  0.230776	  0.217337	
  0.242545	  0.177894	  0.351141	  0.228420	

URL http://cisbp.ccbr.utoronto.ca/TFreport.php?searchTF=T064585_1.02

MOTIF M0470_1.02 (estExt_fgenesh3_kg.C_20464)_(Neurospora_crassa)_(DBD_1.00)

letter-probability matrix: alength= 4 w= 10 nsites= 1 E= 0
  0.198015	  0.275432	  0.162121	  0.364432	
  0.363626	  0.345892	  0.082775	  0.207707	
  0.649317	  0.025685	  0.306716	  0.018282	
  0.020436	  0.001170	  0.950807	  0.027586	
  0.000756	  0.000082	  0.992606	  0.006556	
  0.040988	  0.000015	  0.956504	  0.002492	
  0.214330	  0.088016	  0.066521	  0.631133	
  0.219301	  0.483207	  0.090962	  0.206530	
  0.165338	  0.379172	  0.188291	  0.267198	
  0.293896	  0.211289	  0.228887	  0.265928	

URL http://cisbp.ccbr.utoronto.ca/TFreport.php?searchTF=T063857_1.02

MOTIF M0471_1.02 (estExt_fgenesh3_kg.C_160073)_(Neurospora_crassa)_(DBD_1.00)

letter-probability matrix: alength= 4 w= 8 nsites= 1 E= 0
  0.589044	  0.321378	  0.018023	  0.071556	
  0.985898	  0.000137	  0.013828	  0.000137	
  0.000137	  0.000137	  0.999589	  0.000137	
  0.000137	  0.000137	  0.999589	  0.000137	
  0.013828	  0.000137	  0.985898	  0.000137	
  0.915118	  0.070524	  0.000141	  0.014217	
  0.000175	  0.017707	  0.526122	  0.455996	
  0.297246	  0.162257	  0.351242	  0.189255	

URL http://cisbp.ccbr.utoronto.ca/TFreport.php?searchTF=T063855_1.02

MOTIF M0472_1.02 (estExt_fgenesh3_kg.C_10150)_(Neurospora_crassa)_(DBD_1.00)

letter-probability matrix: alength= 4 w= 10 nsites= 1 E= 0
  0.217529	  0.252732	  0.181695	  0.348044	
  0.275225	  0.138046	  0.414713	  0.172016	
  0.212459	  0.346800	  0.343349	  0.097392	
  0.239578	  0.026546	  0.712572	  0.021304	
  0.007446	  0.017420	  0.970338	  0.004795	
  0.005001	  0.991913	  0.000771	  0.002316	
  0.004087	  0.000084	  0.035083	  0.960747	
  0.096549	  0.013736	  0.871357	  0.018358	
  0.599819	  0.084490	  0.173578	  0.142114	
  0.360144	  0.180640	  0.274927	  0.184289	

URL http://cisbp.ccbr.utoronto.ca/TFreport.php?searchTF=T063852_1.02

MOTIF M0473_1.02 (estExt_fgenesh2_pg.C_60502)_(Neurospora_crassa)_(DBD_1.00)

letter-probability matrix: alength= 4 w= 10 nsites= 1 E= 0
  0.289992	  0.212694	  0.304860	  0.192453	
  0.226165	  0.376631	  0.131797	  0.265407	
  0.199332	  0.017725	  0.681959	  0.100985	
  0.075701	  0.801743	  0.000218	  0.122338	
  0.645987	  0.007697	  0.129125	  0.217192	
  0.158375	  0.581123	  0.012121	  0.248381	
  0.244520	  0.088173	  0.432376	  0.234932	
  0.170600	  0.075893	  0.538789	  0.214718	
  0.377946	  0.137655	  0.240989	  0.243411	
  0.151477	  0.459636	  0.144089	  0.244798	

URL http://cisbp.ccbr.utoronto.ca/TFreport.php?searchTF=T063789_1.02

MOTIF M0474_1.02 (estExt_fgenesh2_pg.C_60206)_(Neurospora_crassa)_(DBD_1.00)

letter-probability matrix: alength= 4 w= 10 nsites= 1 E= 0
  0.344635	  0.192960	  0.299611	  0.162794	
  0.242454	  0.159303	  0.198504	  0.399739	
  0.121063	  0.052264	  0.570383	  0.256290	
  0.150206	  0.347933	  0.032201	  0.469660	
  0.009185	  0.001818	  0.970314	  0.018683	
  0.029034	  0.107604	  0.827543	  0.035818	
  0.223645	  0.033117	  0.692328	  0.050910	
  0.033402	  0.044639	  0.870097	  0.051863	
  0.248937	  0.158729	  0.190033	  0.402301	
  0.382982	  0.195975	  0.186417	  0.234625	

URL http://cisbp.ccbr.utoronto.ca/TFreport.php?searchTF=T063787_1.02

MOTIF M0475_1.02 (fgenesh3_pm.C_scaffold_13000031)_(Neurospora_crassa)_(DBD_0.85)

letter-probability matrix: alength= 4 w= 9 nsites= 1 E= 0
  0.221433	  0.151430	  0.403478	  0.223659	
  0.103952	  0.016345	  0.857418	  0.022285	
  0.684416	  0.234760	  0.001894	  0.078930	
  0.004259	  0.000747	  0.961914	  0.033080	
  0.000052	  0.000080	  0.787409	  0.212459	
  0.033798	  0.934874	  0.028231	  0.003097	
  0.094895	  0.591564	  0.128095	  0.185447	
  0.289573	  0.343232	  0.130113	  0.237082	
  0.248244	  0.248244	  0.229159	  0.274353	

URL http://cisbp.ccbr.utoronto.ca/TFreport.php?searchTF=T065506_1.02

MOTIF M0476_1.02 (estExt_Genewise1Plus.C_130057)_(Neurospora_crassa)_(DBD_0.86)

letter-probability matrix: alength= 4 w= 10 nsites= 1 E= 0
  0.230662	  0.249873	  0.330615	  0.188850	
  0.299786	  0.129421	  0.369840	  0.200953	
  0.129711	  0.070479	  0.761515	  0.038295	
  0.763874	  0.076585	  0.026800	  0.132741	
  0.023135	  0.030918	  0.926429	  0.019518	
  0.000182	  0.000334	  0.948337	  0.051147	
  0.141521	  0.751785	  0.083300	  0.023393	
  0.155356	  0.378311	  0.258712	  0.207621	
  0.278255	  0.283876	  0.181007	  0.256862	
  0.275366	  0.241798	  0.210209	  0.272626	

URL http://cisbp.ccbr.utoronto.ca/TFreport.php?searchTF=T064026_1.02

MOTIF M0477_1.02 (estExt_fgenesh2_pg.C_130083)_(Neurospora_crassa)_(DBD_1.00)

letter-probability matrix: alength= 4 w= 9 nsites= 1 E= 0
  0.150339	  0.311965	  0.076930	  0.460766	
  0.204481	  0.685724	  0.049426	  0.060369	
  0.857399	  0.044876	  0.048130	  0.049596	
  0.038252	  0.042275	  0.857654	  0.061818	
  0.034879	  0.050496	  0.813949	  0.100675	
  0.114329	  0.120191	  0.555064	  0.210415	
  0.264307	  0.126104	  0.511379	  0.098210	
  0.170320	  0.346429	  0.179053	  0.304198	
  0.357377	  0.210354	  0.230164	  0.202106	

URL http://cisbp.ccbr.utoronto.ca/TFreport.php?searchTF=T063639_1.02

MOTIF M0478_1.02 (estExt_fgenesh2_pg.C_120074)_(Neurospora_crassa)_(DBD_0.98)

letter-probability matrix: alength= 4 w= 8 nsites= 1 E= 0
  0.242991	  0.344820	  0.200943	  0.211246	
  0.195557	  0.000022	  0.703347	  0.101074	
  0.021540	  0.372380	  0.061554	  0.544526	
  0.000061	  0.000001	  0.999903	  0.000035	
  0.004818	  0.000871	  0.918184	  0.076127	
  0.061126	  0.018046	  0.856568	  0.064260	
  0.189179	  0.100755	  0.524632	  0.185433	
  0.232300	  0.138107	  0.375415	  0.254177	

URL http://cisbp.ccbr.utoronto.ca/TFreport.php?searchTF=T063631_1.02

MOTIF M0479_1.02 (estExt_fgenesh3_kg.C_120067)_(Neurospora_crassa)_(DBD_1.00)

letter-probability matrix: alength= 4 w= 9 nsites= 1 E= 0
  0.177316	  0.043726	  0.778939	  0.000020	
  0.062338	  0.287886	  0.028010	  0.621766	
  0.013525	  0.000169	  0.957675	  0.028632	
  0.009894	  0.002779	  0.917783	  0.069544	
  0.232831	  0.002916	  0.728008	  0.036245	
  0.093156	  0.176668	  0.438900	  0.291276	
  0.228382	  0.384145	  0.165840	  0.221633	
  0.246097	  0.283079	  0.243648	  0.227176	
  0.258103	  0.255535	  0.250475	  0.235888	

URL http://cisbp.ccbr.utoronto.ca/TFreport.php?searchTF=T063853_1.02

MOTIF M0482_1.02 (estExt_fgenesh2_pg.C_50693)_(Neurospora_crassa)_(DBD_1.00)

letter-probability matrix: alength= 4 w= 10 nsites= 1 E= 0
  0.269622	  0.207893	  0.295014	  0.227471	
  0.221481	  0.230520	  0.308073	  0.239927	
  0.001518	  0.000218	  0.979590	  0.018674	
  0.174199	  0.441510	  0.029970	  0.354320	
  0.000399	  0.000217	  0.964849	  0.034535	
  0.001007	  0.065798	  0.885891	  0.047304	
  0.010090	  0.042164	  0.899247	  0.048500	
  0.083781	  0.065904	  0.733778	  0.116537	
  0.158734	  0.261708	  0.229805	  0.349754	
  0.323602	  0.206338	  0.239730	  0.230330	

URL http://cisbp.ccbr.utoronto.ca/TFreport.php?searchTF=T063769_1.02

MOTIF M0483_1.02 (estExt_fgenesh2_pg.C_80281)_(Neurospora_crassa)_(DBD_1.00)

letter-probability matrix: alength= 4 w= 10 nsites= 1 E= 0
  0.309407	  0.173236	  0.322034	  0.195323	
  0.212288	  0.170365	  0.398594	  0.218753	
  0.182019	  0.056493	  0.688221	  0.073267	
  0.205430	  0.081868	  0.250913	  0.461789	
  0.005887	  0.032875	  0.927699	  0.033539	
  0.000760	  0.000020	  0.997902	  0.001317	
  0.000226	  0.805566	  0.018021	  0.176187	
  0.115535	  0.065995	  0.310932	  0.507539	
  0.149767	  0.109846	  0.644891	  0.095496	
  0.194711	  0.078376	  0.602759	  0.124153	

URL http://cisbp.ccbr.utoronto.ca/TFreport.php?searchTF=T063802_1.02

MOTIF M0484_1.02 (estExt_Genewise1Plus.C_31872)_(Neurospora_crassa)_(DBD_1.00)

letter-probability matrix: alength= 4 w= 9 nsites= 1 E= 0
  0.263824	  0.057701	  0.599012	  0.079462	
  0.306847	  0.094288	  0.136503	  0.462362	
  0.003417	  0.000402	  0.811461	  0.184719	
  0.000117	  0.000000	  0.999883	  0.000000	
  0.000079	  0.986535	  0.000000	  0.013386	
  0.095950	  0.004322	  0.443116	  0.456611	
  0.156563	  0.315279	  0.296918	  0.231240	
  0.534596	  0.081574	  0.087489	  0.296341	
  0.157278	  0.059028	  0.644202	  0.139493	

URL http://cisbp.ccbr.utoronto.ca/TFreport.php?searchTF=T064076_1.02

MOTIF M0571_1.02 (estExt_Genewise1.C_20387)_(Neurospora_crassa)_(DBD_0.98)

letter-probability matrix: alength= 4 w= 12 nsites= 1 E= 0
  0.224993	  0.325020	  0.224993	  0.224993	
  0.177343	  0.366446	  0.278867	  0.177343	
  0.201790	  0.102938	  0.592333	  0.102938	
  0.023172	  0.023172	  0.715225	  0.238432	
  0.000092	  0.100118	  0.000092	  0.899697	
  0.000092	  0.407696	  0.592120	  0.000092	
  0.000092	  0.307670	  0.692146	  0.000092	
  0.000092	  0.000092	  0.999723	  0.000092	
  0.025099	  0.025099	  0.924704	  0.025099	
  0.380326	  0.176501	  0.370424	  0.072749	
  0.454785	  0.250906	  0.147154	  0.147154	
  0.226921	  0.226921	  0.226921	  0.319238	

URL http://cisbp.ccbr.utoronto.ca/TFreport.php?searchTF=T069897_1.02

MOTIF M0573_1.02 (estExt_Genewise1Plus.C_40363)_(Neurospora_crassa)_(DBD_0.99)

letter-probability matrix: alength= 4 w= 10 nsites= 1 E= 0
  0.344037	  0.159343	  0.260886	  0.235734	
  0.420850	  0.150195	  0.213352	  0.215603	
  0.307388	  0.159709	  0.183428	  0.349475	
  0.176238	  0.042337	  0.774989	  0.006437	
  0.000000	  0.227118	  0.000003	  0.772878	
  0.069065	  0.285816	  0.615650	  0.029469	
  0.083207	  0.056289	  0.794062	  0.066442	
  0.152358	  0.030931	  0.711245	  0.105465	
  0.509784	  0.090224	  0.284009	  0.115982	
  0.155783	  0.116277	  0.288751	  0.439188	

URL http://cisbp.ccbr.utoronto.ca/TFreport.php?searchTF=T069902_1.02

MOTIF M0577_1.02 (estExt_Genewise1.C_50564)_(Neurospora_crassa)_(DBD_1.00)

letter-probability matrix: alength= 4 w= 8 nsites= 1 E= 0
  0.077454	  0.230828	  0.000767	  0.690951	
  0.166851	  0.000554	  0.832040	  0.000554	
  0.000525	  0.000525	  0.000525	  0.998424	
  0.000525	  0.998424	  0.000525	  0.000525	
  0.998424	  0.000525	  0.000525	  0.000525	
  0.000525	  0.998424	  0.000525	  0.000525	
  0.945903	  0.000525	  0.053046	  0.000525	
  0.077454	  0.614264	  0.077454	  0.230828	

URL http://cisbp.ccbr.utoronto.ca/TFreport.php?searchTF=T071380_1.02

MOTIF M0743_1.02 (estExt_fgenesh3_pm.C_50535)_(Neurospora_crassa)_(DBD_0.99)

letter-probability matrix: alength= 4 w= 12 nsites= 1 E= 0
  0.325852	  0.224716	  0.224716	  0.224716	
  0.224716	  0.224716	  0.224716	  0.325852	
  0.320320	  0.126731	  0.230111	  0.322838	
  0.150068	  0.054508	  0.740916	  0.054508	
  0.110630	  0.000255	  0.000255	  0.888861	
  0.802598	  0.101332	  0.000255	  0.095815	
  0.999235	  0.000255	  0.000255	  0.000255	
  0.898099	  0.000255	  0.000255	  0.101392	
  0.025539	  0.521340	  0.025539	  0.427581	
  0.923383	  0.025539	  0.025539	  0.025539	
  0.438479	  0.218912	  0.123524	  0.219085	
  0.412759	  0.195747	  0.195747	  0.195747	

URL http://cisbp.ccbr.utoronto.ca/TFreport.php?searchTF=T083146_1.02

MOTIF M0744_1.02 (fgenesh2_pg.C_scaffold_5000694)_(Neurospora_crassa)_(DBD_1.00)

letter-probability matrix: alength= 4 w= 8 nsites= 1 E= 0
  0.570513	  0.071937	  0.356838	  0.000712	
  0.059272	  0.000587	  0.000587	  0.939554	
  0.939554	  0.059272	  0.000587	  0.000587	
  0.998239	  0.000587	  0.000587	  0.000587	
  0.998239	  0.000587	  0.000587	  0.000587	
  0.000587	  0.880869	  0.000587	  0.117958	
  0.998239	  0.000587	  0.000587	  0.000587	
  0.499004	  0.200199	  0.000996	  0.299801	

URL http://cisbp.ccbr.utoronto.ca/TFreport.php?searchTF=T083225_1.02

MOTIF M0745_1.02 (estExt_fgenesh3_pm.C_40010)_(Neurospora_crassa)_(DBD_0.92)

letter-probability matrix: alength= 4 w= 10 nsites= 1 E= 0
  0.227337	  0.227337	  0.227337	  0.317989	
  0.358861	  0.170204	  0.298544	  0.172391	
  0.484493	  0.000117	  0.515274	  0.000117	
  0.000117	  0.999650	  0.000117	  0.000117	
  0.999650	  0.000117	  0.000117	  0.000117	
  0.999650	  0.000117	  0.000117	  0.000117	
  0.999650	  0.000117	  0.000117	  0.000117	
  0.000117	  0.999650	  0.000117	  0.000117	
  0.931661	  0.022780	  0.022780	  0.022780	
  0.168823	  0.298703	  0.256580	  0.275894	

URL http://cisbp.ccbr.utoronto.ca/TFreport.php?searchTF=T083145_1.02

MOTIF M0791_1.02 (estExt_fgenesh3_pm.C_40490)_(Neurospora_crassa)_(DBD_1.00)

letter-probability matrix: alength= 4 w= 9 nsites= 1 E= 0
  0.238290	  0.282447	  0.248015	  0.231248	
  0.249185	  0.272652	  0.259355	  0.218808	
  0.236587	  0.439798	  0.109543	  0.214073	
  0.059758	  0.068055	  0.757717	  0.114470	
  0.902683	  0.000129	  0.000123	  0.097064	
  0.048477	  0.051992	  0.000705	  0.898826	
  0.141843	  0.359503	  0.271706	  0.226948	
  0.208434	  0.289925	  0.254582	  0.247058	
  0.248381	  0.255945	  0.266390	  0.229284	

URL http://cisbp.ccbr.utoronto.ca/TFreport.php?searchTF=T085484_1.02

MOTIF M0792_1.02 (estExt_fgenesh2_pg.C_20147)_(Neurospora_crassa)_(DBD_1.00)

letter-probability matrix: alength= 4 w= 8 nsites= 1 E= 0
  0.246114	  0.263959	  0.251086	  0.238840	
  0.289615	  0.264688	  0.175661	  0.270036	
  0.101067	  0.108395	  0.696303	  0.094234	
  0.794489	  0.034733	  0.044598	  0.126179	
  0.025614	  0.062373	  0.046671	  0.865343	
  0.449630	  0.160521	  0.097361	  0.292488	
  0.295846	  0.232721	  0.265029	  0.206405	
  0.224078	  0.276441	  0.282025	  0.217456	

URL http://cisbp.ccbr.utoronto.ca/TFreport.php?searchTF=T085467_1.02

MOTIF M0828_1.02 (estExt_Genewise1.C_120208)_(Fusarium_graminearum)_(DBD_0.75)

letter-probability matrix: alength= 4 w= 10 nsites= 1 E= 0
  0.270983	  0.228619	  0.255202	  0.245196	
  0.216975	  0.340285	  0.223583	  0.219156	
  0.365503	  0.167549	  0.219483	  0.247466	
  0.185416	  0.183571	  0.095833	  0.535180	
  0.195033	  0.020972	  0.701464	  0.082531	
  0.127597	  0.214621	  0.000001	  0.657782	
  0.257506	  0.459915	  0.121637	  0.160942	
  0.447523	  0.162997	  0.235976	  0.153504	
  0.372269	  0.155963	  0.151353	  0.320415	
  0.277862	  0.241561	  0.182568	  0.298009	

URL http://cisbp.ccbr.utoronto.ca/TFreport.php?searchTF=T101329_1.02

MOTIF M1112_1.02 (estExt_fgenesh2_pg.C_70450)_(Neurospora_crassa)_(DBD_1.00)

letter-probability matrix: alength= 4 w= 9 nsites= 1 E= 0
  0.288128	  0.164581	  0.309020	  0.238270	
  0.162124	  0.343216	  0.190254	  0.304406	
  0.171589	  0.525894	  0.122132	  0.180386	
  0.492037	  0.158944	  0.218887	  0.130133	
  0.602711	  0.139971	  0.202641	  0.054677	
  0.023687	  0.105104	  0.038281	  0.832928	
  0.528154	  0.069365	  0.198222	  0.204259	
  0.332990	  0.197970	  0.132703	  0.336337	
  0.354698	  0.162596	  0.217298	  0.265408	

URL http://cisbp.ccbr.utoronto.ca/TFreport.php?searchTF=T101282_1.02

MOTIF M1113_1.02 (estExt_fgenesh3_pm.C_70282)_(Neurospora_crassa)_(DBD_1.00)

letter-probability matrix: alength= 4 w= 10 nsites= 1 E= 0
  0.167595	  0.270847	  0.354799	  0.206759	
  0.228200	  0.217070	  0.273205	  0.281525	
  0.091943	  0.145644	  0.165863	  0.596550	
  0.426137	  0.024161	  0.029217	  0.520485	
  0.611844	  0.034004	  0.137893	  0.216259	
  0.965123	  0.001720	  0.027447	  0.005710	
  0.055823	  0.041355	  0.293593	  0.609229	
  0.147332	  0.064244	  0.247817	  0.540606	
  0.271480	  0.078562	  0.569004	  0.080955	
  0.162588	  0.293307	  0.399902	  0.144203	

URL http://cisbp.ccbr.utoronto.ca/TFreport.php?searchTF=T101307_1.02

MOTIF M1114_1.02 (estExt_fgenesh2_pg.C_10368)_(Neurospora_crassa)_(DBD_1.00)

letter-probability matrix: alength= 4 w= 8 nsites= 1 E= 0
  0.209810	  0.248689	  0.243765	  0.297735	
  0.169404	  0.268348	  0.296570	  0.265678	
  0.128561	  0.266774	  0.173539	  0.431126	
  0.418284	  0.236550	  0.131126	  0.214040	
  0.620568	  0.129106	  0.226022	  0.024304	
  0.203970	  0.136725	  0.099283	  0.560021	
  0.279320	  0.235653	  0.176330	  0.308697	
  0.292088	  0.158706	  0.150966	  0.398240	

URL http://cisbp.ccbr.utoronto.ca/TFreport.php?searchTF=T101245_1.02

MOTIF M1250_1.02 (estExt_Genewise1.C_100340)_(Neurospora_crassa)_(DBD_1.00)

letter-probability matrix: alength= 4 w= 10 nsites= 1 E= 0
  0.283600	  0.227595	  0.232192	  0.256612	
  0.230392	  0.212679	  0.304839	  0.252089	
  0.293438	  0.240247	  0.235489	  0.230826	
  0.116548	  0.031134	  0.065255	  0.787062	
  0.076460	  0.000184	  0.028411	  0.894946	
  0.057969	  0.862560	  0.029076	  0.050396	
  0.020561	  0.408869	  0.193136	  0.377434	
  0.547873	  0.105219	  0.207689	  0.139218	
  0.169023	  0.290044	  0.145479	  0.395454	
  0.259381	  0.227762	  0.298359	  0.214498	

URL http://cisbp.ccbr.utoronto.ca/TFreport.php?searchTF=T106686_1.02

MOTIF M1297_1.02 (estExt_fgenesh3_kg.C_20079)_(Dictyostelium_discoideum)_(DBD_0.88)

letter-probability matrix: alength= 4 w= 10 nsites= 1 E= 0
  0.233777	  0.598464	  0.083460	  0.084299	
  0.030948	  0.562453	  0.044359	  0.362240	
  0.506429	  0.042836	  0.155615	  0.295120	
  0.524310	  0.062308	  0.043907	  0.369475	
  0.657133	  0.044163	  0.042009	  0.256695	
  0.290800	  0.112464	  0.066862	  0.529873	
  0.281986	  0.340992	  0.131875	  0.245147	
  0.228299	  0.247314	  0.296088	  0.228299	
  0.301159	  0.033037	  0.594451	  0.071353	
  0.207356	  0.056511	  0.520315	  0.215818	

URL http://cisbp.ccbr.utoronto.ca/TFreport.php?searchTF=T112279_1.02

MOTIF M1366_1.02 (estExt_fgenesh3_kg.C_10325)_(Neurospora_crassa)_(DBD_1.00)

letter-probability matrix: alength= 4 w= 10 nsites= 1 E= 0
  0.325083	  0.224972	  0.224972	  0.224972	
  0.199038	  0.292245	  0.292036	  0.216681	
  0.999349	  0.000217	  0.000217	  0.000217	
  0.485955	  0.513611	  0.000217	  0.000217	
  0.000217	  0.999349	  0.000217	  0.000217	
  0.000217	  0.000217	  0.999349	  0.000217	
  0.000217	  0.000217	  0.613721	  0.385845	
  0.000217	  0.100327	  0.000217	  0.899239	
  0.441465	  0.122418	  0.216803	  0.219315	
  0.445021	  0.151807	  0.251365	  0.151807	

URL http://cisbp.ccbr.utoronto.ca/TFreport.php?searchTF=T123030_1.02

MOTIF M1367_1.02 (fgenesh3_pm.C_scaffold_10000323)_(Neurospora_crassa)_(DBD_1.00)

letter-probability matrix: alength= 4 w= 10 nsites= 1 E= 0
  0.301236	  0.210165	  0.218742	  0.269857	
  0.276538	  0.228686	  0.268365	  0.226410	
  0.203728	  0.266877	  0.248834	  0.280560	
  0.281877	  0.242614	  0.270824	  0.204685	
  0.137148	  0.101602	  0.633374	  0.127876	
  0.227355	  0.051240	  0.003375	  0.718030	
  0.161004	  0.050980	  0.101639	  0.686377	
  0.170377	  0.482032	  0.139493	  0.208098	
  0.261423	  0.180574	  0.356431	  0.201571	
  0.216521	  0.275252	  0.172033	  0.336194	

URL http://cisbp.ccbr.utoronto.ca/TFreport.php?searchTF=T123484_1.02

MOTIF M1368_1.02 (estExt_fgenesh3_pm.C_160040)_(Neurospora_crassa)_(DBD_1.00)

letter-probability matrix: alength= 4 w= 8 nsites= 1 E= 0
  0.640274	  0.022574	  0.067498	  0.269654	
  0.381311	  0.000085	  0.618519	  0.000085	
  0.008276	  0.991560	  0.000082	  0.000082	
  0.000082	  0.999754	  0.000082	  0.000082	
  0.000082	  0.999754	  0.000082	  0.000082	
  0.000083	  0.016606	  0.000083	  0.983229	
  0.782377	  0.043568	  0.163081	  0.010973	
  0.365006	  0.174651	  0.285692	  0.174651	

URL http://cisbp.ccbr.utoronto.ca/TFreport.php?searchTF=T123042_1.02

MOTIF M1420_1.02 (estExt_fgenesh2_pg.C_10270)_(Neurospora_crassa)_(DBD_1.00)

letter-probability matrix: alength= 4 w= 10 nsites= 1 E= 0
  0.435026	  0.147733	  0.211750	  0.205492	
  0.284690	  0.183351	  0.314632	  0.217327	
  0.175588	  0.232326	  0.364360	  0.227726	
  0.162248	  0.059094	  0.625859	  0.152799	
  0.153098	  0.058620	  0.108971	  0.679311	
  0.278014	  0.227619	  0.115316	  0.379052	
  0.399591	  0.076741	  0.420078	  0.103590	
  0.114621	  0.508586	  0.097674	  0.279118	
  0.666838	  0.055288	  0.178136	  0.099738	
  0.177973	  0.250043	  0.147177	  0.424807	

