MEME version 4

ALPHABET= ACGT

strands: + -

Background letter frequencies (from uniform background):
A 0.25000 C 0.25000 G 0.25000 T 0.25000 

MOTIF M0217_1.02 (SNAPOd2T00013635001)_(Mus_musculus)_(DBD_0.74)

letter-probability matrix: alength= 4 w= 10 nsites= 1 E= 0
  0.424799	  0.113479	  0.235478	  0.226244	
  0.169637	  0.592091	  0.171342	  0.066931	
  0.271365	  0.687777	  0.026936	  0.013922	
  0.665113	  0.034812	  0.186785	  0.113291	
  0.001368	  0.064301	  0.143105	  0.791225	
  0.793894	  0.140745	  0.056090	  0.009272	
  0.075714	  0.150952	  0.010559	  0.762775	
  0.011683	  0.000903	  0.869711	  0.117703	
  0.038634	  0.150525	  0.421629	  0.389213	
  0.091763	  0.270213	  0.234912	  0.403111	

URL http://cisbp.ccbr.utoronto.ca/TFreport.php?searchTF=T018450_1.02

MOTIF M0638_1.02 (SNAPOd2T00022145001)_(Xenopus_tropicalis)_(DBD_0.94)

letter-probability matrix: alength= 4 w= 8 nsites= 1 E= 0
  0.378267	  0.195508	  0.164943	  0.261282	
  0.375292	  0.175512	  0.126179	  0.323017	
  0.285151	  0.129414	  0.071024	  0.514410	
  0.172389	  0.072223	  0.561019	  0.194368	
  0.181021	  0.077371	  0.070712	  0.670896	
  0.389944	  0.092388	  0.168343	  0.349325	
  0.309791	  0.096149	  0.234135	  0.359926	
  0.204176	  0.411161	  0.159013	  0.225650	

URL http://cisbp.ccbr.utoronto.ca/TFreport.php?searchTF=T075355_1.02

MOTIF M0689_1.02 (SNAPOd2T00022292001)_(Mus_musculus)_(DBD_0.64)

letter-probability matrix: alength= 4 w= 10 nsites= 1 E= 0
  0.313334	  0.205875	  0.241597	  0.239193	
  0.387641	  0.160787	  0.247171	  0.204400	
  0.197818	  0.349795	  0.246496	  0.205891	
  0.265919	  0.499293	  0.148888	  0.085901	
  0.048518	  0.002724	  0.908635	  0.040123	
  0.060566	  0.022505	  0.883356	  0.033573	
  0.952353	  0.001933	  0.000612	  0.045102	
  0.571191	  0.089812	  0.022370	  0.316627	
  0.381171	  0.136081	  0.408809	  0.073940	
  0.173410	  0.277455	  0.131061	  0.418074	

URL http://cisbp.ccbr.utoronto.ca/TFreport.php?searchTF=T078951_1.02

MOTIF M0701_1.02 (SNAPOd2T00009984001)_(Mus_musculus)_(DBD_0.69)

letter-probability matrix: alength= 4 w= 10 nsites= 1 E= 0
  0.401213	  0.134894	  0.189519	  0.274374	
  0.288005	  0.299758	  0.235798	  0.176439	
  0.207310	  0.504826	  0.205247	  0.082617	
  0.276376	  0.615087	  0.084925	  0.023612	
  0.001256	  0.018138	  0.980434	  0.000172	
  0.005077	  0.055966	  0.893136	  0.045821	
  0.810468	  0.028435	  0.076525	  0.084573	
  0.293995	  0.181919	  0.067597	  0.456488	
  0.285185	  0.231166	  0.308937	  0.174712	
  0.171414	  0.277017	  0.125723	  0.425847	

URL http://cisbp.ccbr.utoronto.ca/TFreport.php?searchTF=T078942_1.02

MOTIF M0710_1.02 (SNAPOd2T00015575001)_(Mus_musculus)_(DBD_0.86)

letter-probability matrix: alength= 4 w= 10 nsites= 1 E= 0
  0.273969	  0.224307	  0.302782	  0.198942	
  0.487672	  0.100448	  0.244604	  0.167276	
  0.092545	  0.704648	  0.163645	  0.039162	
  0.101165	  0.886031	  0.012143	  0.000661	
  0.000629	  0.000385	  0.998745	  0.000241	
  0.003523	  0.004524	  0.991646	  0.000307	
  0.973452	  0.007177	  0.011033	  0.008338	
  0.692543	  0.034137	  0.018548	  0.254772	
  0.273496	  0.101625	  0.596624	  0.028255	
  0.097991	  0.269045	  0.080229	  0.552735	

URL http://cisbp.ccbr.utoronto.ca/TFreport.php?searchTF=T078945_1.02

MOTIF M0711_1.02 (SNAPOd2T00009469001)_(Tetraodon_nigroviridis)_(DBD_0.51)

letter-probability matrix: alength= 4 w= 8 nsites= 1 E= 0
  0.001420	  0.995739	  0.001420	  0.001420	
  0.001106	  0.996681	  0.001106	  0.001106	
  0.001106	  0.001106	  0.996681	  0.001106	
  0.001106	  0.001106	  0.996681	  0.001106	
  0.996681	  0.001106	  0.001106	  0.001106	
  0.886062	  0.001106	  0.001106	  0.111726	
  0.222345	  0.001106	  0.775442	  0.001106	
  0.001656	  0.167219	  0.001656	  0.829470	

URL http://cisbp.ccbr.utoronto.ca/TFreport.php?searchTF=T078941_1.02

MOTIF M0730_1.02 (SNAPOd2T00012749001)_(Mus_musculus)_(DBD_0.41)

letter-probability matrix: alength= 4 w= 10 nsites= 1 E= 0
  0.272830	  0.216772	  0.234827	  0.275572	
  0.236181	  0.268969	  0.233831	  0.261020	
  0.376099	  0.120284	  0.459368	  0.044250	
  0.301361	  0.116549	  0.054506	  0.527584	
  0.541462	  0.362953	  0.011294	  0.084291	
  0.808871	  0.125919	  0.005133	  0.060078	
  0.912414	  0.013411	  0.041517	  0.032658	
  0.002774	  0.692453	  0.002830	  0.301944	
  0.832856	  0.046752	  0.050646	  0.069746	
  0.333275	  0.225646	  0.206225	  0.234855	

URL http://cisbp.ccbr.utoronto.ca/TFreport.php?searchTF=T082963_1.02

MOTIF M0736_1.02 (SNAPOd2T00016515001)_(Mus_musculus)_(DBD_0.78)

letter-probability matrix: alength= 4 w= 8 nsites= 1 E= 0
  0.309467	  0.142959	  0.547336	  0.000238	
  0.295052	  0.000164	  0.000164	  0.704620	
  0.619510	  0.295749	  0.000141	  0.084600	
  0.888534	  0.069545	  0.000139	  0.041782	
  0.999584	  0.000139	  0.000139	  0.000139	
  0.000139	  0.957940	  0.000139	  0.041782	
  0.999572	  0.000143	  0.000143	  0.000143	
  0.660068	  0.132164	  0.056750	  0.151018	

URL http://cisbp.ccbr.utoronto.ca/TFreport.php?searchTF=T082970_1.02

MOTIF M0737_1.02 (SNAPOd2T00013846001)_(Mus_musculus)_(DBD_0.89)

letter-probability matrix: alength= 4 w= 10 nsites= 1 E= 0
  0.329842	  0.082156	  0.060257	  0.527746	
  0.520070	  0.108198	  0.255689	  0.116043	
  0.283345	  0.081996	  0.128595	  0.506065	
  0.209230	  0.033229	  0.701648	  0.055893	
  0.071321	  0.155585	  0.032694	  0.740400	
  0.638753	  0.232646	  0.070072	  0.058529	
  0.729556	  0.133278	  0.066184	  0.070983	
  0.865457	  0.036352	  0.043959	  0.054231	
  0.059316	  0.519509	  0.058726	  0.362449	
  0.777489	  0.053307	  0.067092	  0.102112	

URL http://cisbp.ccbr.utoronto.ca/TFreport.php?searchTF=T082965_1.02

MOTIF M0756_1.02 (SNAPOd2T00015053001)_(Strongylocentrotus_purpuratus)_(DBD_0.51)

letter-probability matrix: alength= 4 w= 9 nsites= 1 E= 0
  0.233668	  0.224506	  0.348592	  0.193234	
  0.280037	  0.209542	  0.191507	  0.318914	
  0.404308	  0.290666	  0.110187	  0.194839	
  0.447462	  0.238314	  0.104961	  0.209263	
  0.768976	  0.018266	  0.173306	  0.039451	
  0.016176	  0.708777	  0.031930	  0.243117	
  0.578790	  0.107871	  0.169176	  0.144162	
  0.340778	  0.228430	  0.226157	  0.204635	
  0.301280	  0.239377	  0.210196	  0.249146	

URL http://cisbp.ccbr.utoronto.ca/TFreport.php?searchTF=T082967_1.02

MOTIF M0897_1.02 (SNAPOd2T00000237001)_(Homo_sapiens)_(DBD_0.70)

letter-probability matrix: alength= 4 w= 10 nsites= 1 E= 0
  0.244335	  0.167091	  0.216706	  0.371868	
  0.119073	  0.076687	  0.112138	  0.692102	
  0.126395	  0.084725	  0.061523	  0.727356	
  0.288240	  0.085097	  0.068978	  0.557684	
  0.841220	  0.000409	  0.107217	  0.051155	
  0.061093	  0.341176	  0.023865	  0.573867	
  0.273557	  0.064813	  0.334123	  0.327507	
  0.376565	  0.079925	  0.391933	  0.151577	
  0.146350	  0.246164	  0.409935	  0.197551	
  0.219274	  0.273233	  0.265157	  0.242336	

URL http://cisbp.ccbr.utoronto.ca/TFreport.php?searchTF=T100272_1.02

MOTIF M0905_1.02 (SNAPOd2T00017351001)_(Mus_musculus)_(DBD_0.89)

letter-probability matrix: alength= 4 w= 9 nsites= 1 E= 0
  0.196847	  0.282147	  0.169428	  0.351577	
  0.155907	  0.072187	  0.051897	  0.720008	
  0.696670	  0.087035	  0.095232	  0.121063	
  0.798358	  0.042630	  0.032219	  0.126793	
  0.067221	  0.146641	  0.081287	  0.704851	
  0.114380	  0.141109	  0.368533	  0.375978	
  0.447955	  0.095078	  0.322046	  0.134922	
  0.226418	  0.284970	  0.217540	  0.271072	
  0.214998	  0.296080	  0.212859	  0.276063	

URL http://cisbp.ccbr.utoronto.ca/TFreport.php?searchTF=T100320_1.02

MOTIF M0937_1.02 (SNAPOd2T00021861001)_(Mus_musculus)_(DBD_0.86)

letter-probability matrix: alength= 4 w= 7 nsites= 1 E= 0
  0.189564	  0.248322	  0.164799	  0.397314	
  0.171082	  0.164374	  0.433608	  0.230936	
  0.736823	  0.172837	  0.000112	  0.090229	
  0.119808	  0.193619	  0.030750	  0.655823	
  0.544071	  0.336662	  0.000272	  0.118995	
  0.130720	  0.456257	  0.144468	  0.268555	
  0.205555	  0.335531	  0.229457	  0.229457	

URL http://cisbp.ccbr.utoronto.ca/TFreport.php?searchTF=T100327_1.02

MOTIF M0954_1.02 (SNAPOd2T00016612001)_(Mus_musculus)_(DBD_0.91)

letter-probability matrix: alength= 4 w= 9 nsites= 1 E= 0
  0.269860	  0.244180	  0.310413	  0.175547	
  0.222956	  0.322782	  0.189991	  0.264271	
  0.095770	  0.046616	  0.010402	  0.847212	
  0.799391	  0.056478	  0.097891	  0.046240	
  0.967307	  0.000597	  0.022077	  0.010019	
  0.039713	  0.048993	  0.055795	  0.855498	
  0.112128	  0.104548	  0.131584	  0.651740	
  0.377268	  0.097803	  0.400597	  0.124332	
  0.274391	  0.207380	  0.363054	  0.155175	

URL http://cisbp.ccbr.utoronto.ca/TFreport.php?searchTF=T100317_1.02

MOTIF M0970_1.02 (SNAPOd2T00022009001)_(Mus_musculus)_(DBD_0.81)

letter-probability matrix: alength= 4 w= 9 nsites= 1 E= 0
  0.212858	  0.299055	  0.164125	  0.323962	
  0.153798	  0.038307	  0.030742	  0.777153	
  0.777780	  0.031389	  0.089698	  0.101134	
  0.945835	  0.014470	  0.014615	  0.025080	
  0.045414	  0.028101	  0.156932	  0.769554	
  0.119773	  0.689246	  0.071208	  0.119773	
  0.076693	  0.566686	  0.114412	  0.242210	
  0.157784	  0.314576	  0.287500	  0.240141	
  0.219437	  0.296208	  0.221642	  0.262713	

URL http://cisbp.ccbr.utoronto.ca/TFreport.php?searchTF=T100328_1.02

MOTIF M0971_1.02 (SNAPOd2T00004534001)_(Mus_musculus)_(DBD_0.77)

letter-probability matrix: alength= 4 w= 8 nsites= 1 E= 0
  0.279458	  0.257972	  0.222039	  0.240532	
  0.219119	  0.081420	  0.091800	  0.607661	
  0.710086	  0.064418	  0.097066	  0.128430	
  0.831775	  0.061779	  0.040188	  0.066258	
  0.119257	  0.118071	  0.069497	  0.693175	
  0.114974	  0.318845	  0.176744	  0.389438	
  0.254916	  0.185107	  0.365379	  0.194598	
  0.290358	  0.210843	  0.296223	  0.202576	

URL http://cisbp.ccbr.utoronto.ca/TFreport.php?searchTF=T100284_1.02

MOTIF M0972_1.02 (SNAPOd2T00007704001)_(Mus_musculus)_(DBD_0.84)

letter-probability matrix: alength= 4 w= 8 nsites= 1 E= 0
  0.205661	  0.300734	  0.189849	  0.303757	
  0.125034	  0.075837	  0.035114	  0.764015	
  0.752473	  0.068263	  0.113678	  0.065586	
  0.947059	  0.000567	  0.020767	  0.031606	
  0.052681	  0.078591	  0.069010	  0.799717	
  0.162578	  0.134445	  0.157773	  0.545203	
  0.352715	  0.124669	  0.349206	  0.173410	
  0.314813	  0.200734	  0.311680	  0.172773	

URL http://cisbp.ccbr.utoronto.ca/TFreport.php?searchTF=T100295_1.02

MOTIF M0975_1.02 (SNAPOd2T00013613001)_(Mus_musculus)_(DBD_0.84)

letter-probability matrix: alength= 4 w= 9 nsites= 1 E= 0
  0.152081	  0.091324	  0.047201	  0.709395	
  0.690458	  0.086259	  0.135281	  0.088002	
  0.886062	  0.013024	  0.035758	  0.065156	
  0.031077	  0.036836	  0.028403	  0.903684	
  0.110911	  0.101365	  0.155824	  0.631899	
  0.491062	  0.048743	  0.349523	  0.110672	
  0.367221	  0.191706	  0.269337	  0.171737	
  0.287641	  0.235500	  0.183408	  0.293451	
  0.278534	  0.200244	  0.177601	  0.343621	

URL http://cisbp.ccbr.utoronto.ca/TFreport.php?searchTF=T100309_1.02

MOTIF M0988_1.02 (SNAPOd2T00008264001)_(Mus_musculus)_(DBD_0.80)

letter-probability matrix: alength= 4 w= 7 nsites= 1 E= 0
  0.303161	  0.134864	  0.255767	  0.306208	
  0.145417	  0.099445	  0.122683	  0.632454	
  0.137917	  0.118706	  0.599832	  0.143545	
  0.159578	  0.125529	  0.048064	  0.666829	
  0.335860	  0.248811	  0.102176	  0.313154	
  0.280605	  0.275048	  0.234381	  0.209966	
  0.229254	  0.248348	  0.253365	  0.269032	

URL http://cisbp.ccbr.utoronto.ca/TFreport.php?searchTF=T100298_1.02

MOTIF M1000_1.02 (SNAPOd2T00000182001)_(Mus_musculus)_(DBD_0.84)

letter-probability matrix: alength= 4 w= 8 nsites= 1 E= 0
  0.216987	  0.314139	  0.148389	  0.320485	
  0.078163	  0.026544	  0.007454	  0.887839	
  0.853506	  0.044228	  0.065324	  0.036942	
  0.978482	  0.000211	  0.008551	  0.012756	
  0.002825	  0.026803	  0.027897	  0.942475	
  0.104556	  0.090897	  0.098468	  0.706079	
  0.391058	  0.094524	  0.371986	  0.142431	
  0.297757	  0.193694	  0.374758	  0.133791	

URL http://cisbp.ccbr.utoronto.ca/TFreport.php?searchTF=T100271_1.02

MOTIF M1007_1.02 (SNAPOd2T00025381001)_(Mus_musculus)_(DBD_0.70)

letter-probability matrix: alength= 4 w= 9 nsites= 1 E= 0
  0.202833	  0.130632	  0.147287	  0.519248	
  0.159348	  0.134436	  0.133099	  0.573117	
  0.294125	  0.130844	  0.113750	  0.461280	
  0.520505	  0.125813	  0.171537	  0.182144	
  0.127007	  0.331704	  0.119611	  0.421678	
  0.179782	  0.144279	  0.388288	  0.287651	
  0.381823	  0.156798	  0.271771	  0.189608	
  0.151875	  0.334641	  0.258026	  0.255458	
  0.245353	  0.285059	  0.224235	  0.245353	

URL http://cisbp.ccbr.utoronto.ca/TFreport.php?searchTF=T100336_1.02

MOTIF M1036_1.02 (SNAPOd2T00008250001)_(Mus_musculus)_(DBD_0.75)

letter-probability matrix: alength= 4 w= 7 nsites= 1 E= 0
  0.226066	  0.281695	  0.221589	  0.270650	
  0.146677	  0.148151	  0.067238	  0.637934	
  0.618779	  0.056134	  0.149568	  0.175519	
  0.877477	  0.000256	  0.058385	  0.063883	
  0.113953	  0.010652	  0.066406	  0.808989	
  0.155387	  0.136445	  0.149295	  0.558873	
  0.312201	  0.086803	  0.417233	  0.183763	

URL http://cisbp.ccbr.utoronto.ca/TFreport.php?searchTF=T100297_1.02

MOTIF M1093_1.02 (SNAPOd2T00015814001)_(Drosophila_melanogaster)_(DBD_0.84)

letter-probability matrix: alength= 4 w= 9 nsites= 1 E= 0
  0.144762	  0.222536	  0.161594	  0.471108	
  0.154684	  0.080752	  0.561934	  0.202630	
  0.881466	  0.062903	  0.033838	  0.021793	
  0.038868	  0.179502	  0.060958	  0.720672	
  0.692055	  0.307866	  0.000069	  0.000010	
  0.074677	  0.546305	  0.076186	  0.302832	
  0.143399	  0.405708	  0.241202	  0.209691	
  0.216642	  0.316792	  0.182773	  0.283793	
  0.200709	  0.305472	  0.185278	  0.308542	

URL http://cisbp.ccbr.utoronto.ca/TFreport.php?searchTF=T100311_1.02

MOTIF M1150_1.02 Prep

letter-probability matrix: alength= 4 w= 8 nsites= 1 E= 0
  0.192799	  0.397519	  0.277095	  0.132587	
  0.233651	  0.635370	  0.056147	  0.074832	
  0.000082	  0.049246	  0.000082	  0.950590	
  0.000082	  0.000082	  0.999754	  0.000082	
  0.041052	  0.000082	  0.000082	  0.958784	
  0.000083	  0.999752	  0.000083	  0.000083	
  0.952565	  0.000094	  0.037816	  0.009525	
  0.250000	  0.250000	  0.191211	  0.308789	

URL http://cisbp.ccbr.utoronto.ca/TFreport.php?searchTF=T100269_1.02

MOTIF M1151_1.02 SNAPOd2T00003340001

letter-probability matrix: alength= 4 w= 10 nsites= 1 E= 0
  0.334982	  0.178409	  0.201155	  0.285453	
  0.210546	  0.237390	  0.194359	  0.357704	
  0.134708	  0.245455	  0.285178	  0.334659	
  0.027919	  0.202207	  0.012927	  0.756947	
  0.872504	  0.078364	  0.024566	  0.024566	
  0.977176	  0.009725	  0.004976	  0.008123	
  0.003565	  0.009036	  0.003824	  0.983575	
  0.424012	  0.070793	  0.036590	  0.468606	
  0.591052	  0.030936	  0.047083	  0.330929	
  0.345635	  0.197430	  0.218194	  0.238742	

URL http://cisbp.ccbr.utoronto.ca/TFreport.php?searchTF=T100281_1.02

MOTIF M1152_1.02 SNAPOd2T00005194001

letter-probability matrix: alength= 4 w= 11 nsites= 1 E= 0
  0.376292	  0.178413	  0.266882	  0.178413	
  0.508348	  0.191109	  0.099902	  0.200642	
  0.859253	  0.046916	  0.046916	  0.046916	
  0.000124	  0.999629	  0.000124	  0.000124	
  0.999629	  0.000124	  0.000124	  0.000124	
  0.000124	  0.000124	  0.000124	  0.999629	
  0.000124	  0.000124	  0.999629	  0.000124	
  0.000124	  0.000124	  0.000124	  0.999629	
  0.679060	  0.071710	  0.071710	  0.177519	
  0.346634	  0.352923	  0.150222	  0.150222	
  0.295833	  0.203208	  0.203208	  0.297751	

URL http://cisbp.ccbr.utoronto.ca/TFreport.php?searchTF=T100288_1.02

MOTIF M1153_1.02 SNAPOd2T00006145001

letter-probability matrix: alength= 4 w= 10 nsites= 1 E= 0
  0.268386	  0.233323	  0.257862	  0.240429	
  0.145971	  0.328130	  0.305946	  0.219952	
  0.073165	  0.311912	  0.085006	  0.529917	
  0.653647	  0.171155	  0.085847	  0.089351	
  0.806889	  0.048579	  0.090304	  0.054227	
  0.075783	  0.041591	  0.004428	  0.878199	
  0.103368	  0.410879	  0.066573	  0.419179	
  0.792087	  0.019780	  0.032939	  0.155193	
  0.410705	  0.131351	  0.319858	  0.138086	
  0.149184	  0.280109	  0.332014	  0.238693	

URL http://cisbp.ccbr.utoronto.ca/TFreport.php?searchTF=T100292_1.02

MOTIF M1154_1.02 SNAPOd2T00006620001

letter-probability matrix: alength= 4 w= 8 nsites= 1 E= 0
  0.207215	  0.306053	  0.171358	  0.315374	
  0.090096	  0.018744	  0.001464	  0.889696	
  0.816181	  0.077838	  0.060621	  0.045360	
  0.985399	  0.000872	  0.002673	  0.011057	
  0.012063	  0.044707	  0.027116	  0.916113	
  0.110602	  0.058905	  0.083591	  0.746902	
  0.380207	  0.035899	  0.483338	  0.100556	
  0.288584	  0.199335	  0.335287	  0.176794	

URL http://cisbp.ccbr.utoronto.ca/TFreport.php?searchTF=T100293_1.02

MOTIF M1158_1.02 (SNAPOd2T00003836001)_(PBM_CONSTRUCTS)_(DBD_0.70)

letter-probability matrix: alength= 4 w= 10 nsites= 1 E= 0
  0.255374	  0.219803	  0.293750	  0.231072	
  0.271940	  0.238789	  0.367080	  0.122190	
  0.140484	  0.280085	  0.108320	  0.471111	
  0.327127	  0.380067	  0.152986	  0.139819	
  0.427202	  0.121177	  0.375124	  0.076497	
  0.136804	  0.112006	  0.073593	  0.677597	
  0.490305	  0.127107	  0.085202	  0.297385	
  0.673050	  0.086645	  0.077620	  0.162686	
  0.570495	  0.127295	  0.108473	  0.193737	
  0.344765	  0.211212	  0.178192	  0.265831	

URL http://cisbp.ccbr.utoronto.ca/TFreport.php?searchTF=T100282_1.02

MOTIF M1176_1.02 (SNAPOd2T00007607001)_(Artemia_franciscana)_(DBD_0.77)

letter-probability matrix: alength= 4 w= 8 nsites= 1 E= 0
  0.176643	  0.235329	  0.528756	  0.059272	
  0.000525	  0.105567	  0.000525	  0.893382	
  0.998503	  0.000499	  0.000499	  0.000499	
  0.998503	  0.000499	  0.000499	  0.000499	
  0.000499	  0.000499	  0.000499	  0.998503	
  0.000499	  0.000499	  0.000499	  0.998503	
  0.948603	  0.000499	  0.050399	  0.000499	
  0.544384	  0.182065	  0.182065	  0.091486	

URL http://cisbp.ccbr.utoronto.ca/TFreport.php?searchTF=T100294_1.02

MOTIF M1223_1.02 (SNAPOd2T00015303001)_(Mus_musculus)_(DBD_0.91)

letter-probability matrix: alength= 4 w= 8 nsites= 1 E= 0
  0.027268	  0.108261	  0.000270	  0.864201	
  0.022934	  0.022934	  0.000227	  0.953906	
  0.999362	  0.000213	  0.000213	  0.000213	
  0.999376	  0.000208	  0.000208	  0.000208	
  0.000208	  0.000208	  0.000208	  0.999376	
  0.000208	  0.041840	  0.104288	  0.853664	
  0.526025	  0.184280	  0.184280	  0.105415	
  0.148299	  0.037352	  0.740015	  0.074334	

URL http://cisbp.ccbr.utoronto.ca/TFreport.php?searchTF=T100310_1.02

MOTIF M1246_1.02 (SNAPOd2T00011756001)_(Ailuropoda_melanoleuca)_(DBD_0.82)

letter-probability matrix: alength= 4 w= 9 nsites= 1 E= 0
  0.191741	  0.349375	  0.207710	  0.251174	
  0.226396	  0.181687	  0.233290	  0.358627	
  0.329541	  0.275256	  0.165290	  0.229913	
  0.712175	  0.090770	  0.080505	  0.116550	
  0.089554	  0.016360	  0.061243	  0.832843	
  0.001095	  0.086562	  0.048953	  0.863389	
  0.763216	  0.014261	  0.078850	  0.143673	
  0.309286	  0.182047	  0.211509	  0.297158	
  0.252482	  0.279036	  0.233070	  0.235412	

URL http://cisbp.ccbr.utoronto.ca/TFreport.php?searchTF=T105299_1.02

MOTIF M1458_1.02 (SNAPOd2T00007449001)_(Tetraodon_nigroviridis)_(DBD_0.81)

letter-probability matrix: alength= 4 w= 10 nsites= 1 E= 0
  0.305183	  0.287478	  0.203670	  0.203670	
  0.161980	  0.286106	  0.269844	  0.282070	
  0.000150	  0.000150	  0.000150	  0.999549	
  0.000150	  0.000150	  0.999549	  0.000150	
  0.999549	  0.000150	  0.000150	  0.000150	
  0.000150	  0.999549	  0.000150	  0.000150	
  0.000150	  0.999549	  0.000150	  0.000150	
  0.000150	  0.083959	  0.000150	  0.915740	
  0.046481	  0.781776	  0.046481	  0.125262	
  0.252915	  0.170542	  0.313365	  0.263178	

URL http://cisbp.ccbr.utoronto.ca/TFreport.php?searchTF=T134779_1.02

MOTIF M1596_1.02 (SNAPOd2T00015151001)_(Mus_musculus)_(DBD_0.93)

letter-probability matrix: alength= 4 w= 8 nsites= 1 E= 0
  0.260870	  0.173913	  0.130435	  0.434783	
  0.806452	  0.032258	  0.032258	  0.129032	
  0.914286	  0.028571	  0.028571	  0.028571	
  0.028571	  0.885714	  0.028571	  0.057143	
  0.914286	  0.028571	  0.028571	  0.028571	
  0.914286	  0.028571	  0.028571	  0.028571	
  0.028571	  0.028571	  0.028571	  0.914286	
  0.320000	  0.120000	  0.360000	  0.200000	

URL http://cisbp.ccbr.utoronto.ca/TFreport.php?searchTF=T146436_1.02

MOTIF M1848_1.02 (SNAPOd2T00018776001)_(Homo_sapiens)_(DBD_0.74)

letter-probability matrix: alength= 4 w= 19 nsites= 1 E= 0
  0.291295	  0.254464	  0.371652	  0.082589	
  0.351562	  0.065848	  0.247768	  0.334821	
  0.343750	  0.033482	  0.609375	  0.013393	
  0.273438	  0.165179	  0.375000	  0.186384	
  0.000000	  0.188616	  0.507812	  0.303571	
  0.043527	  0.821429	  0.000000	  0.135045	
  0.854911	  0.023438	  0.092634	  0.029018	
  0.169643	  0.181920	  0.594866	  0.053571	
  0.010045	  0.600446	  0.039062	  0.350446	
  0.194196	  0.467634	  0.328125	  0.010045	
  0.604911	  0.008929	  0.383929	  0.002232	
  0.599330	  0.018973	  0.206473	  0.175223	
  0.000000	  0.239955	  0.757812	  0.002232	
  0.003348	  0.838170	  0.018973	  0.139509	
  0.353795	  0.018973	  0.602679	  0.024554	
  0.170759	  0.045759	  0.172991	  0.610491	
  0.251116	  0.006696	  0.735491	  0.006696	
  0.655134	  0.036830	  0.247768	  0.060268	
  0.169643	  0.744420	  0.027902	  0.058036	

URL http://cisbp.ccbr.utoronto.ca/TFreport.php?searchTF=T136099_1.02

MOTIF M1890_1.02 (SNAPOd2T00008768001)_(Homo_sapiens)_(DBD_0.82)

letter-probability matrix: alength= 4 w= 18 nsites= 1 E= 0
  0.536953	  0.172787	  0.112112	  0.178148	
  0.135379	  0.112568	  0.522354	  0.229699	
  0.404653	  0.257299	  0.247263	  0.090785	
  0.137203	  0.339074	  0.453695	  0.070027	
  0.208257	  0.267336	  0.035698	  0.488709	
  0.021898	  0.095119	  0.546077	  0.336907	
  0.027030	  0.842153	  0.054859	  0.075958	
  0.001825	  0.113253	  0.027600	  0.857322	
  0.025319	  0.116104	  0.819001	  0.039576	
  0.975707	  0.000228	  0.017108	  0.006957	
  0.000570	  0.005931	  0.000912	  0.992587	
  0.001141	  0.000570	  0.000570	  0.997719	
  0.003307	  0.001141	  0.994526	  0.001026	
  0.001369	  0.007984	  0.990306	  0.000342	
  0.042997	  0.305315	  0.001711	  0.649977	
  0.052464	  0.449703	  0.213618	  0.284215	
  0.175297	  0.476277	  0.253992	  0.094434	
  0.485972	  0.129562	  0.308736	  0.075730	

URL http://cisbp.ccbr.utoronto.ca/TFreport.php?searchTF=T070599_1.02

MOTIF M1910_1.02 (SNAPOd2T00012736001)_(Homo_sapiens)_(DBD_0.73)

letter-probability matrix: alength= 4 w= 18 nsites= 1 E= 0
  0.187088	  0.357049	  0.123408	  0.332455	
  0.446640	  0.195872	  0.145367	  0.212121	
  0.226175	  0.125165	  0.090470	  0.558191	
  0.118577	  0.112868	  0.439174	  0.329381	
  0.209486	  0.299078	  0.234080	  0.257356	
  0.021520	  0.941590	  0.000000	  0.036891	
  0.000000	  0.924462	  0.000000	  0.075538	
  0.776021	  0.028986	  0.010101	  0.184892	
  0.519982	  0.000000	  0.032060	  0.447958	
  0.977602	  0.000000	  0.007027	  0.015371	
  0.259113	  0.052701	  0.007027	  0.681159	
  0.899429	  0.005270	  0.022398	  0.072903	
  0.637681	  0.004392	  0.038208	  0.319719	
  0.029864	  0.000000	  0.970136	  0.000000	
  0.006588	  0.003074	  0.990338	  0.000000	
  0.267018	  0.379447	  0.193676	  0.159859	
  0.594203	  0.221344	  0.101010	  0.083443	
  0.570487	  0.078173	  0.202020	  0.149319	

URL http://cisbp.ccbr.utoronto.ca/TFreport.php?searchTF=T112005_1.02

MOTIF M1965_1.02 (SNAPOd2T00010669001)_(Homo_sapiens)_(DBD_0.84)

letter-probability matrix: alength= 4 w= 15 nsites= 1 E= 0
  0.235505	  0.427799	  0.118275	  0.218421	
  0.510814	  0.002863	  0.000045	  0.486278	
  0.567657	  0.063250	  0.331516	  0.037577	
  0.461650	  0.000000	  0.120638	  0.417712	
  0.065976	  0.000000	  0.934024	  0.000000	
  0.000000	  0.170665	  0.000000	  0.829335	
  0.870093	  0.129907	  0.000000	  0.000000	
  0.941294	  0.058706	  0.000000	  0.000000	
  1.000000	  0.000000	  0.000000	  0.000000	
  0.000000	  0.732688	  0.000000	  0.267312	
  0.996274	  0.000545	  0.000000	  0.003181	
  0.314204	  0.165440	  0.196156	  0.324200	
  0.230553	  0.241458	  0.388859	  0.139131	
  0.262041	  0.214967	  0.311296	  0.211696	
  0.396628	  0.187386	  0.219329	  0.196656	

URL http://cisbp.ccbr.utoronto.ca/TFreport.php?searchTF=T082961_1.02

MOTIF M2001_1.02 (SNAPOd2T00013469001)_(Drosophila_melanogaster)_(DBD_0.82)

letter-probability matrix: alength= 4 w= 7 nsites= 1 E= 0
  0.050000	  0.150000	  0.000000	  0.800000	
  0.000000	  0.000000	  0.000000	  1.000000	
  1.000000	  0.000000	  0.000000	  0.000000	
  1.000000	  0.000000	  0.000000	  0.000000	
  0.050000	  0.000000	  0.000000	  0.950000	
  0.000000	  0.150000	  0.000000	  0.850000	
  0.200000	  0.000000	  0.800000	  0.000000	

URL http://cisbp.ccbr.utoronto.ca/TFreport.php?searchTF=T100308_1.02

MOTIF M2019_1.02 (SNAPOd2T00020438001)_(Drosophila_melanogaster)_(DBD_0.95)

letter-probability matrix: alength= 4 w= 5 nsites= 1 E= 0
  0.411765	  0.000000	  0.147059	  0.441176	
  0.676471	  0.000000	  0.000000	  0.323529	
  1.000000	  0.000000	  0.000000	  0.000000	
  0.000000	  1.000000	  0.000000	  0.000000	
  1.000000	  0.000000	  0.000000	  0.000000	

URL http://cisbp.ccbr.utoronto.ca/TFreport.php?searchTF=T100324_1.02

MOTIF M2036_1.02 (SNAPOd2T00003134001)_(Drosophila_melanogaster)_(DBD_0.74)

letter-probability matrix: alength= 4 w= 7 nsites= 1 E= 0
  0.000000	  0.571429	  0.000000	  0.428571	
  0.000000	  0.000000	  0.000000	  1.000000	
  1.000000	  0.000000	  0.000000	  0.000000	
  1.000000	  0.000000	  0.000000	  0.000000	
  0.000000	  0.000000	  0.047619	  0.952381	
  0.000000	  0.000000	  0.380952	  0.619048	
  0.904762	  0.000000	  0.095238	  0.000000	

URL http://cisbp.ccbr.utoronto.ca/TFreport.php?searchTF=T100277_1.02

MOTIF M2276_1.02 (SNAPOd2T00018147001)_(Mus_musculus)_(DBD_0.73)

letter-probability matrix: alength= 4 w= 11 nsites= 1 E= 0
  0.563759	  0.013810	  0.351169	  0.071262	
  0.088061	  0.626711	  0.283135	  0.002092	
  0.956956	  0.041430	  0.001614	  0.000000	
  0.000000	  0.000000	  1.000000	  0.000000	
  0.000000	  0.000000	  1.000000	  0.000000	
  1.000000	  0.000000	  0.000000	  0.000000	
  0.991212	  0.000000	  0.000000	  0.008788	
  0.193938	  0.000000	  0.806062	  0.000000	
  0.093860	  0.241406	  0.128296	  0.536438	
  0.296108	  0.089556	  0.490465	  0.123872	
  0.272494	  0.147905	  0.480780	  0.098822	

URL http://cisbp.ccbr.utoronto.ca/TFreport.php?searchTF=T078948_1.02

MOTIF M2277_1.02 (SNAPOd2T00018143001)_(Homo_sapiens)_(DBD_0.56)

letter-probability matrix: alength= 4 w= 11 nsites= 1 E= 0
  0.499046	  0.055904	  0.390510	  0.054540	
  0.080447	  0.767657	  0.151895	  0.000000	
  0.739569	  0.260431	  0.000000	  0.000000	
  0.000000	  0.000000	  1.000000	  0.000000	
  0.000000	  0.000000	  1.000000	  0.000000	
  1.000000	  0.000000	  0.000000	  0.000000	
  0.959913	  0.000000	  0.000000	  0.040087	
  0.169076	  0.000000	  0.830924	  0.000000	
  0.025907	  0.272975	  0.081811	  0.619307	
  0.231797	  0.081811	  0.580856	  0.105536	
  0.276520	  0.125989	  0.511317	  0.086174	

URL http://cisbp.ccbr.utoronto.ca/TFreport.php?searchTF=T078947_1.02

MOTIF M2284_1.02 (SNAPOd2T00016197001)_(Mus_musculus)_(DBD_0.73)

letter-probability matrix: alength= 4 w= 11 nsites= 1 E= 0
  0.272760	  0.248361	  0.338310	  0.140568	
  0.358339	  0.057174	  0.365623	  0.218864	
  0.206118	  0.342316	  0.451566	  0.000000	
  0.800801	  0.000000	  0.000000	  0.199199	
  0.000000	  0.000000	  1.000000	  0.000000	
  1.000000	  0.000000	  0.000000	  0.000000	
  0.000000	  0.000000	  0.014202	  0.985798	
  1.000000	  0.000000	  0.000000	  0.000000	
  0.967589	  0.000000	  0.032411	  0.000000	
  0.100146	  0.111435	  0.788420	  0.000000	
  0.481792	  0.136198	  0.378369	  0.003642	

URL http://cisbp.ccbr.utoronto.ca/TFreport.php?searchTF=T085257_1.02

MOTIF M2298_1.02 (SNAPOd2T00011093001)_(Mus_musculus)_(DBD_0.88)

letter-probability matrix: alength= 4 w= 15 nsites= 1 E= 0
  0.330648	  0.184120	  0.282317	  0.202915	
  0.227081	  0.205600	  0.386268	  0.181051	
  0.227848	  0.266974	  0.307633	  0.197545	
  0.328347	  0.055619	  0.209820	  0.406214	
  0.178750	  0.189490	  0.564634	  0.067127	
  0.565017	  0.100882	  0.205984	  0.128117	
  0.059839	  0.412351	  0.427695	  0.100115	
  0.057154	  0.000000	  0.000000	  0.942846	
  0.000000	  0.000000	  1.000000	  0.000000	
  0.948216	  0.000000	  0.019179	  0.032605	
  0.000000	  1.000000	  0.000000	  0.000000	
  1.000000	  0.000000	  0.000000	  0.000000	
  0.027618	  0.001151	  0.924818	  0.046414	
  0.100882	  0.542386	  0.291139	  0.065593	
  0.247411	  0.191408	  0.046797	  0.514384	

URL http://cisbp.ccbr.utoronto.ca/TFreport.php?searchTF=T100305_1.02

MOTIF M2300_1.02 (SNAPOd2T00010925001)_(Mus_musculus)_(DBD_0.71)

letter-probability matrix: alength= 4 w= 11 nsites= 1 E= 0
  0.404939	  0.148274	  0.446787	  0.000000	
  0.597851	  0.017101	  0.385049	  0.000000	
  0.000000	  1.000000	  0.000000	  0.000000	
  1.000000	  0.000000	  0.000000	  0.000000	
  0.000000	  0.000000	  1.000000	  0.000000	
  0.003461	  0.840101	  0.156437	  0.000000	
  0.000000	  0.000000	  0.000000	  1.000000	
  0.000000	  0.000000	  1.000000	  0.000000	
  0.146311	  0.440380	  0.303833	  0.109475	
  0.276038	  0.194462	  0.266997	  0.262503	
  0.210219	  0.246435	  0.388458	  0.154887	

URL http://cisbp.ccbr.utoronto.ca/TFreport.php?searchTF=T018446_1.02

MOTIF M2302_1.02 (SNAPOd2T00023033001)_(Mus_musculus)_(DBD_0.88)

letter-probability matrix: alength= 4 w= 11 nsites= 1 E= 0
  0.522018	  0.095363	  0.239428	  0.143190	
  0.373870	  0.055993	  0.427822	  0.142316	
  0.100321	  0.518227	  0.376786	  0.004666	
  0.000000	  1.000000	  0.000000	  0.000000	
  0.719452	  0.001750	  0.000000	  0.278798	
  0.000000	  1.000000	  0.000000	  0.000000	
  0.000000	  0.000000	  0.000000	  1.000000	
  0.000000	  0.988918	  0.000000	  0.011082	
  0.833479	  0.125693	  0.000000	  0.040828	
  0.660542	  0.000875	  0.240595	  0.097988	
  0.146398	  0.278798	  0.523476	  0.051327	

URL http://cisbp.ccbr.utoronto.ca/TFreport.php?searchTF=T100330_1.02

MOTIF M2311_1.02 (SNAPOd2T00010047001)_(Mus_musculus)_(DBD_0.83)

letter-probability matrix: alength= 4 w= 11 nsites= 1 E= 0
  0.261219	  0.293381	  0.138743	  0.306657	
  0.148093	  0.436799	  0.200075	  0.215034	
  0.000000	  0.000000	  0.000000	  1.000000	
  0.000000	  0.000000	  1.000000	  0.000000	
  0.770755	  0.120232	  0.109013	  0.000000	
  0.274121	  0.725879	  0.000000	  0.000000	
  0.000000	  1.000000	  0.000000	  0.000000	
  0.000000	  0.088070	  0.000000	  0.911930	
  0.000000	  0.462416	  0.047120	  0.490464	
  0.143418	  0.001683	  0.078160	  0.776739	
  0.045625	  0.057031	  0.845363	  0.051982	

URL http://cisbp.ccbr.utoronto.ca/TFreport.php?searchTF=T134781_1.02

MOTIF M2317_1.02 (SNAPOd2T00003591001)_(Mus_musculus)_(DBD_0.81)

letter-probability matrix: alength= 4 w= 11 nsites= 1 E= 0
  0.478480	  0.122916	  0.397286	  0.001318	
  0.683986	  0.009616	  0.306398	  0.000000	
  0.000000	  1.000000	  0.000000	  0.000000	
  1.000000	  0.000000	  0.000000	  0.000000	
  0.000620	  0.000000	  0.999380	  0.000000	
  0.014269	  0.839240	  0.146491	  0.000000	
  0.000000	  0.000000	  0.000000	  1.000000	
  0.000000	  0.000000	  1.000000	  0.000000	
  0.145405	  0.428616	  0.295541	  0.130438	
  0.303373	  0.187359	  0.226832	  0.282435	
  0.222024	  0.233036	  0.375029	  0.169911	

URL http://cisbp.ccbr.utoronto.ca/TFreport.php?searchTF=T018437_1.02

MOTIF M2385_1.02 (SNAPOd2T00002644001)_(Homo_sapiens)_(DBD_0.53)

letter-probability matrix: alength= 4 w= 11 nsites= 1 E= 0
  0.430809	  0.147520	  0.248042	  0.173629	
  0.443864	  0.009138	  0.185379	  0.361619	
  0.208877	  0.000000	  0.791123	  0.000000	
  0.077023	  0.000000	  0.000000	  0.922977	
  1.000000	  0.000000	  0.000000	  0.000000	
  1.000000	  0.000000	  0.000000	  0.000000	
  1.000000	  0.000000	  0.000000	  0.000000	
  0.000000	  0.988251	  0.000000	  0.011749	
  1.000000	  0.000000	  0.000000	  0.000000	
  0.387728	  0.201044	  0.382507	  0.028721	
  0.433420	  0.161880	  0.240209	  0.164491	

URL http://cisbp.ccbr.utoronto.ca/TFreport.php?searchTF=T082955_1.02

MOTIF M2391_1.02 (SNAPOd2T00000985001)_(Homo_sapiens)_(DBD_0.79)

letter-probability matrix: alength= 4 w= 10 nsites= 1 E= 0
  0.301300	  0.000000	  0.411065	  0.287635	
  0.034972	  0.000000	  0.965028	  0.000000	
  0.000000	  0.000000	  1.000000	  0.000000	
  0.000000	  0.000000	  1.000000	  0.000000	
  0.248182	  0.380721	  0.000000	  0.371097	
  0.000000	  0.000000	  1.000000	  0.000000	
  0.041511	  0.000000	  0.703034	  0.255455	
  0.117772	  0.000000	  0.882228	  0.000000	
  0.125707	  0.000000	  0.874293	  0.000000	
  0.190067	  0.556315	  0.148630	  0.104989	

URL http://cisbp.ccbr.utoronto.ca/TFreport.php?searchTF=T061789_1.02

MOTIF M4466_1.02 (SNAPOd2T00018140001)_(Homo_sapiens)_(DBD_0.96)

letter-probability matrix: alength= 4 w= 15 nsites= 1 E= 0
  0.310573	  0.154185	  0.306167	  0.229075	
  0.310573	  0.105727	  0.270925	  0.312775	
  0.160793	  0.101322	  0.385463	  0.352423	
  0.149780	  0.640969	  0.057269	  0.151982	
  0.000000	  0.506608	  0.000000	  0.493392	
  0.711454	  0.129956	  0.024229	  0.134361	
  0.704846	  0.019824	  0.114537	  0.160793	
  0.938326	  0.000000	  0.044053	  0.017621	
  0.905286	  0.004405	  0.002203	  0.088106	
  0.925110	  0.000000	  0.000000	  0.074890	
  0.033040	  0.000000	  0.000000	  0.966960	
  0.958150	  0.000000	  0.041850	  0.000000	
  0.209251	  0.052863	  0.702644	  0.035242	
  0.416300	  0.354626	  0.090308	  0.138767	
  0.387665	  0.262115	  0.070485	  0.279736	

URL http://cisbp.ccbr.utoronto.ca/TFreport.php?searchTF=T112006_1.02

MOTIF M4514_1.02 (SNAPOd2T00005095001)_(Homo_sapiens)_(DBD_0.68)

letter-probability matrix: alength= 4 w= 15 nsites= 1 E= 0
  0.271984	  0.130879	  0.533742	  0.063395	
  0.108384	  0.012270	  0.879346	  0.000000	
  0.004090	  0.020450	  0.022495	  0.952965	
  0.000000	  1.000000	  0.000000	  0.000000	
  1.000000	  0.000000	  0.000000	  0.000000	
  0.000000	  0.955010	  0.008180	  0.036810	
  0.198364	  0.014315	  0.787321	  0.000000	
  0.004090	  0.002045	  0.000000	  0.993865	
  0.000000	  0.000000	  1.000000	  0.000000	
  0.388548	  0.159509	  0.415133	  0.036810	
  0.040900	  0.529652	  0.247444	  0.182004	
  0.075665	  0.505112	  0.355828	  0.063395	
  0.257669	  0.314928	  0.349693	  0.077710	
  0.141104	  0.388548	  0.335378	  0.134969	
  0.229039	  0.233129	  0.411043	  0.126789	

URL http://cisbp.ccbr.utoronto.ca/TFreport.php?searchTF=T018440_1.02

MOTIF M4524_1.02 (SNAPOd2T00019365001)_(Homo_sapiens)_(DBD_0.75)

letter-probability matrix: alength= 4 w= 15 nsites= 1 E= 0
  0.285714	  0.277433	  0.285714	  0.151139	
  0.256729	  0.024845	  0.105590	  0.612836	
  0.089027	  0.144928	  0.695652	  0.070393	
  0.020704	  0.631469	  0.318841	  0.028986	
  0.000000	  1.000000	  0.000000	  0.000000	
  0.000000	  0.913043	  0.000000	  0.086957	
  0.024845	  0.308489	  0.078675	  0.587991	
  0.070393	  0.358178	  0.503106	  0.068323	
  0.650103	  0.024845	  0.314700	  0.010352	
  0.037267	  0.000000	  0.962733	  0.000000	
  0.000000	  0.000000	  1.000000	  0.000000	
  0.004141	  0.691511	  0.296066	  0.008282	
  0.316770	  0.229814	  0.171843	  0.281573	
  0.339545	  0.198758	  0.341615	  0.120083	
  0.175983	  0.254658	  0.209110	  0.360248	

URL http://cisbp.ccbr.utoronto.ca/TFreport.php?searchTF=T005042_1.02

MOTIF M4567_1.02 (SNAPOd2T00010580001)_(Homo_sapiens)_(DBD_0.81)

letter-probability matrix: alength= 4 w= 15 nsites= 1 E= 0
  0.244856	  0.275720	  0.325103	  0.154321	
  0.220165	  0.469136	  0.129630	  0.181070	
  0.456790	  0.065844	  0.026749	  0.450617	
  0.432099	  0.135802	  0.353909	  0.078189	
  0.475309	  0.010288	  0.144033	  0.370370	
  0.127572	  0.004115	  0.864198	  0.004115	
  0.000000	  0.316872	  0.000000	  0.683128	
  0.849794	  0.148148	  0.002058	  0.000000	
  0.940329	  0.059671	  0.000000	  0.000000	
  1.000000	  0.000000	  0.000000	  0.000000	
  0.000000	  0.683127	  0.002058	  0.314815	
  0.960906	  0.000000	  0.008230	  0.030864	
  0.220165	  0.224280	  0.279835	  0.275720	
  0.283951	  0.216049	  0.265432	  0.234568	
  0.234568	  0.197531	  0.374486	  0.193416	

URL http://cisbp.ccbr.utoronto.ca/TFreport.php?searchTF=T082960_1.02

MOTIF M4790_1.02 (SNAPOd2T00020698001)_(Drosophila_melanogaster)_(DBD_0.79)

letter-probability matrix: alength= 4 w= 8 nsites= 1 E= 0
  0.315789	  0.157895	  0.105263	  0.421053	
  0.078947	  0.078947	  0.078947	  0.763158	
  0.105263	  0.000000	  0.000000	  0.894737	
  0.315789	  0.000000	  0.052632	  0.631579	
  1.000000	  0.000000	  0.000000	  0.000000	
  0.000000	  0.000000	  0.000000	  1.000000	
  0.105263	  0.000000	  0.184211	  0.710526	
  0.578947	  0.000000	  0.394737	  0.026316	

URL http://cisbp.ccbr.utoronto.ca/TFreport.php?searchTF=T100326_1.02

MOTIF M4863_1.02 (SNAPOd2T00024939001)_(Drosophila_melanogaster)_(DBD_0.79)

letter-probability matrix: alength= 4 w= 8 nsites= 1 E= 0
  0.000000	  0.500000	  0.000000	  0.500000	
  0.800000	  0.200000	  0.000000	  0.000000	
  1.000000	  0.000000	  0.000000	  0.000000	
  0.000000	  0.000000	  0.000000	  1.000000	
  0.566667	  0.000000	  0.000000	  0.433333	
  0.733333	  0.000000	  0.033333	  0.233333	
  0.433333	  0.100000	  0.066667	  0.400000	
  0.266667	  0.133333	  0.200000	  0.400000	

URL http://cisbp.ccbr.utoronto.ca/TFreport.php?searchTF=T100334_1.02

MOTIF M4922_1.02 (SNAPOd2T00017851001)_(Drosophila_melanogaster)_(DBD_0.62)

letter-probability matrix: alength= 4 w= 11 nsites= 1 E= 0
  0.105263	  0.000000	  0.894737	  0.000000	
  0.200000	  0.050000	  0.650000	  0.100000	
  0.000000	  1.000000	  0.000000	  0.000000	
  0.700000	  0.000000	  0.300000	  0.000000	
  0.000000	  1.000000	  0.000000	  0.000000	
  0.000000	  0.000000	  1.000000	  0.000000	
  0.000000	  0.000000	  0.000000	  1.000000	
  0.000000	  0.000000	  1.000000	  0.000000	
  0.000000	  0.700000	  0.300000	  0.000000	
  0.000000	  1.000000	  0.000000	  0.000000	
  0.500000	  0.150000	  0.350000	  0.000000	

URL http://cisbp.ccbr.utoronto.ca/TFreport.php?searchTF=T018453_1.02

MOTIF M4937_1.02 (SNAPOd2T00001986001)_(Drosophila_melanogaster)_(DBD_0.70)

letter-probability matrix: alength= 4 w= 11 nsites= 1 E= 0
  0.000000	  0.095238	  0.000000	  0.904762	
  0.047619	  0.000000	  0.952381	  0.000000	
  0.857143	  0.000000	  0.142857	  0.000000	
  0.000000	  1.000000	  0.000000	  0.000000	
  0.047619	  0.952381	  0.000000	  0.000000	
  0.000000	  0.523810	  0.000000	  0.476190	
  0.904762	  0.095238	  0.000000	  0.000000	
  0.238095	  0.380952	  0.142857	  0.238095	
  0.523810	  0.000000	  0.000000	  0.476190	
  0.238095	  0.000000	  0.095238	  0.666667	
  0.600000	  0.250000	  0.050000	  0.100000	

URL http://cisbp.ccbr.utoronto.ca/TFreport.php?searchTF=T134774_1.02

MOTIF M4947_1.02 (SNAPOd2T00011996001)_(Drosophila_melanogaster)_(DBD_0.77)

letter-probability matrix: alength= 4 w= 8 nsites= 1 E= 0
  0.000000	  0.083333	  0.000000	  0.916667	
  0.125000	  0.000000	  0.875000	  0.000000	
  0.916667	  0.083333	  0.000000	  0.000000	
  0.000000	  1.000000	  0.000000	  0.000000	
  0.000000	  1.000000	  0.000000	  0.000000	
  0.000000	  0.000000	  0.000000	  1.000000	
  0.041667	  0.000000	  0.000000	  0.958333	
  0.000000	  0.125000	  0.583333	  0.291667	

URL http://cisbp.ccbr.utoronto.ca/TFreport.php?searchTF=T134785_1.02

MOTIF M5105_1.02 (SNAPOd2T00001991001)_(Drosophila_melanogaster)_(DBD_0.69)

letter-probability matrix: alength= 4 w= 8 nsites= 1 E= 0
  0.000000	  0.142857	  0.642857	  0.214286	
  0.714286	  0.214286	  0.071429	  0.000000	
  0.000000	  1.000000	  0.000000	  0.000000	
  1.000000	  0.000000	  0.000000	  0.000000	
  0.000000	  1.000000	  0.000000	  0.000000	
  0.000000	  0.000000	  1.000000	  0.000000	
  0.000000	  0.000000	  0.000000	  1.000000	
  0.000000	  0.000000	  1.000000	  0.000000	

URL http://cisbp.ccbr.utoronto.ca/TFreport.php?searchTF=T018432_1.02

MOTIF M5116_1.02 (SNAPOd2T00029023001)_(Drosophila_melanogaster)_(DBD_0.66)

