MEME version 4

ALPHABET= ACGT

strands: + -

Background letter frequencies (from uniform background):
A 0.25000 C 0.25000 G 0.25000 T 0.25000 

MOTIF M0021_1.02 (estExt_fgenesh1_pg.C_Chr_04.00010339)_(Arabidopsis_thaliana)_(DBD_0.83)

letter-probability matrix: alength= 4 w= 8 nsites= 1 E= 0
  0.253340	  0.238587	  0.213734	  0.294339	
  0.238515	  0.217986	  0.263600	  0.279900	
  0.216235	  0.071978	  0.581939	  0.129848	
  0.114251	  0.501900	  0.244301	  0.139547	
  0.009576	  0.664640	  0.002269	  0.323515	
  0.203540	  0.004463	  0.777326	  0.014671	
  0.148179	  0.326497	  0.281018	  0.244306	
  0.239004	  0.346014	  0.225085	  0.189897	

URL http://cisbp.ccbr.utoronto.ca/TFreport.php?searchTF=T004059_1.02

MOTIF M0076_1.02 0100010458

letter-probability matrix: alength= 4 w= 8 nsites= 1 E= 0
  0.184280	  0.604890	  0.131703	  0.079127	
  0.000196	  0.000196	  0.999412	  0.000196	
  0.000196	  0.921042	  0.078566	  0.000196	
  0.000196	  0.979820	  0.019788	  0.000196	
  0.000196	  0.000196	  0.999412	  0.000196	
  0.019788	  0.705525	  0.215713	  0.058973	
  0.000204	  0.999388	  0.000204	  0.000204	
  0.580219	  0.032539	  0.322487	  0.064755	

URL http://cisbp.ccbr.utoronto.ca/TFreport.php?searchTF=T003942_1.02

MOTIF M0122_1.02 (fgenesh1_pg.C_Chr_20.0001000063)_(Aspergillus_nidulans)_(DBD_0.57)

letter-probability matrix: alength= 4 w= 9 nsites= 1 E= 0
  0.245292	  0.273814	  0.242851	  0.238043	
  0.237806	  0.293376	  0.242610	  0.226208	
  0.216345	  0.251357	  0.297935	  0.234364	
  0.258630	  0.241145	  0.263855	  0.236370	
  0.502489	  0.000517	  0.411403	  0.085591	
  0.353817	  0.295533	  0.000353	  0.350297	
  0.360997	  0.114305	  0.184725	  0.339974	
  0.355533	  0.121951	  0.207186	  0.315330	
  0.338774	  0.180428	  0.203432	  0.277365	

URL http://cisbp.ccbr.utoronto.ca/TFreport.php?searchTF=T008893_1.02

MOTIF M0253_1.02 fgenesh1_pg.C_Chr_14.0001000151

letter-probability matrix: alength= 4 w= 10 nsites= 1 E= 0
  0.263738	  0.161573	  0.401400	  0.173289	
  0.262187	  0.079763	  0.560628	  0.097423	
  0.119224	  0.765862	  0.038130	  0.076784	
  0.270244	  0.056223	  0.572107	  0.101426	
  0.014617	  0.634085	  0.006768	  0.344530	
  0.032065	  0.035794	  0.923136	  0.009005	
  0.024927	  0.085281	  0.013276	  0.876516	
  0.014931	  0.005020	  0.947149	  0.032899	
  0.076895	  0.299599	  0.268391	  0.355116	
  0.185050	  0.403681	  0.176025	  0.235244	

URL http://cisbp.ccbr.utoronto.ca/TFreport.php?searchTF=T021073_1.02

MOTIF M0361_1.02 0100010379

letter-probability matrix: alength= 4 w= 10 nsites= 1 E= 0
  0.342746	  0.201608	  0.252239	  0.203407	
  0.216861	  0.247552	  0.038403	  0.497184	
  0.153567	  0.162123	  0.342639	  0.341671	
  0.762244	  0.038627	  0.072515	  0.126614	
  0.097940	  0.662317	  0.021605	  0.218138	
  0.218138	  0.021605	  0.662317	  0.097940	
  0.126614	  0.072515	  0.038627	  0.762244	
  0.341671	  0.342639	  0.162123	  0.153567	
  0.497184	  0.038403	  0.247552	  0.216861	
  0.203407	  0.252239	  0.201608	  0.342746	

URL http://cisbp.ccbr.utoronto.ca/TFreport.php?searchTF=T030341_1.02

MOTIF M0362_1.02 0300010272

letter-probability matrix: alength= 4 w= 9 nsites= 1 E= 0
  0.427971	  0.122616	  0.415322	  0.034092	
  0.000231	  0.000966	  0.000723	  0.998079	
  0.056467	  0.000408	  0.857185	  0.085940	
  0.937351	  0.020761	  0.001721	  0.040167	
  0.002622	  0.892498	  0.000918	  0.103962	
  0.135931	  0.024832	  0.806050	  0.033187	
  0.122189	  0.184117	  0.063788	  0.629906	
  0.281576	  0.361551	  0.252246	  0.104627	
  0.370195	  0.123227	  0.226791	  0.279787	

URL http://cisbp.ccbr.utoronto.ca/TFreport.php?searchTF=T030342_1.02

MOTIF M0363_1.02 0300010311

letter-probability matrix: alength= 4 w= 11 nsites= 1 E= 0
  0.287947	  0.211393	  0.289268	  0.211393	
  0.228302	  0.134016	  0.053993	  0.583689	
  0.030988	  0.377341	  0.560684	  0.030988	
  0.999848	  0.000051	  0.000051	  0.000051	
  0.000051	  0.999848	  0.000051	  0.000051	
  0.000051	  0.000051	  0.999848	  0.000051	
  0.000051	  0.000051	  0.000051	  0.999848	
  0.000051	  0.097786	  0.902113	  0.000051	
  0.136393	  0.038658	  0.598140	  0.226809	
  0.196057	  0.411828	  0.196057	  0.196057	
  0.342812	  0.219063	  0.219063	  0.219063	

URL http://cisbp.ccbr.utoronto.ca/TFreport.php?searchTF=T030343_1.02

MOTIF M0364_1.02 1500010105

letter-probability matrix: alength= 4 w= 10 nsites= 1 E= 0
  0.251103	  0.218299	  0.238857	  0.291741	
  0.084127	  0.455927	  0.063582	  0.396364	
  0.115359	  0.020451	  0.786862	  0.077328	
  0.205804	  0.793873	  0.000080	  0.000243	
  0.059512	  0.921665	  0.000352	  0.018471	
  0.995943	  0.000117	  0.003400	  0.000540	
  0.034296	  0.902366	  0.062491	  0.000848	
  0.040497	  0.103671	  0.838173	  0.017659	
  0.008590	  0.056294	  0.000081	  0.935036	
  0.051786	  0.091571	  0.794022	  0.062622	

URL http://cisbp.ccbr.utoronto.ca/TFreport.php?searchTF=T030355_1.02

MOTIF M0365_1.02 estExt_fgenesh1_pg.C_Chr_04.00010098

letter-probability matrix: alength= 4 w= 10 nsites= 1 E= 0
  0.145278	  0.256891	  0.125042	  0.472789	
  0.102481	  0.043802	  0.601653	  0.252063	
  0.338106	  0.641211	  0.009055	  0.011627	
  0.013066	  0.953401	  0.000084	  0.033449	
  0.988502	  0.000047	  0.000248	  0.011203	
  0.212802	  0.151466	  0.596072	  0.039661	
  0.185794	  0.389413	  0.277173	  0.147620	
  0.156924	  0.297603	  0.316006	  0.229467	
  0.177883	  0.244967	  0.169207	  0.407942	
  0.224563	  0.168033	  0.366558	  0.240846	

URL http://cisbp.ccbr.utoronto.ca/TFreport.php?searchTF=T030655_1.02

MOTIF M0366_1.02 fgenesh1_pg.C_Chr_07.0001000033

letter-probability matrix: alength= 4 w= 12 nsites= 1 E= 0
  0.319980	  0.226673	  0.226673	  0.226673	
  0.175626	  0.175626	  0.175626	  0.473121	
  0.128969	  0.128969	  0.613094	  0.128969	
  0.128969	  0.613094	  0.128969	  0.128969	
  0.105212	  0.202494	  0.000090	  0.692204	
  0.000090	  0.307616	  0.692204	  0.000090	
  0.999730	  0.000090	  0.000090	  0.000090	
  0.000090	  0.999730	  0.000090	  0.000090	
  0.023417	  0.023417	  0.734756	  0.218411	
  0.074464	  0.164969	  0.074464	  0.686104	
  0.121121	  0.121121	  0.636636	  0.121121	
  0.121121	  0.121121	  0.322761	  0.434997	

URL http://cisbp.ccbr.utoronto.ca/TFreport.php?searchTF=T030758_1.02

MOTIF M0598_1.02 fgenesh1_pg.C_Chr_09.0001000301

letter-probability matrix: alength= 4 w= 9 nsites= 1 E= 0
  0.299272	  0.181518	  0.279039	  0.240171	
  0.131491	  0.234848	  0.131491	  0.502170	
  0.288626	  0.089580	  0.159993	  0.461800	
  0.073389	  0.378333	  0.117422	  0.430856	
  0.262086	  0.175682	  0.371918	  0.190314	
  0.401462	  0.201364	  0.233951	  0.163222	
  0.344982	  0.250508	  0.180096	  0.224414	
  0.209239	  0.271368	  0.231245	  0.288149	
  0.222128	  0.240628	  0.265936	  0.271308	

URL http://cisbp.ccbr.utoronto.ca/TFreport.php?searchTF=T074195_1.02

MOTIF M0601_1.02 gw1.20.00.89.1

letter-probability matrix: alength= 4 w= 10 nsites= 1 E= 0
  0.542652	  0.117995	  0.113519	  0.225834	
  0.279593	  0.143987	  0.195206	  0.381215	
  0.096535	  0.175727	  0.119694	  0.608045	
  0.202572	  0.123770	  0.085906	  0.587752	
  0.084457	  0.280504	  0.202746	  0.432293	
  0.432293	  0.202746	  0.280504	  0.084457	
  0.587752	  0.085906	  0.123770	  0.202572	
  0.608045	  0.119694	  0.175727	  0.096535	
  0.381215	  0.195206	  0.143987	  0.279593	
  0.225834	  0.113519	  0.117995	  0.542652	

URL http://cisbp.ccbr.utoronto.ca/TFreport.php?searchTF=T074268_1.02

MOTIF M0664_1.02 fgenesh1_pg.C_Chr_08.0001000114

letter-probability matrix: alength= 4 w= 8 nsites= 1 E= 0
  0.239737	  0.262314	  0.267613	  0.230337	
  0.358952	  0.185525	  0.231178	  0.224346	
  0.414608	  0.142214	  0.151008	  0.292169	
  0.617338	  0.135019	  0.092334	  0.155309	
  0.646594	  0.116947	  0.068835	  0.167623	
  0.546086	  0.293764	  0.000534	  0.159617	
  0.126691	  0.099659	  0.707511	  0.066139	
  0.165442	  0.244355	  0.214567	  0.375636	

URL http://cisbp.ccbr.utoronto.ca/TFreport.php?searchTF=T076112_1.02

MOTIF M0678_1.02 estExt_gwp_GeneWisePlus.C_Chr_02.00010270

letter-probability matrix: alength= 4 w= 10 nsites= 1 E= 0
  0.271121	  0.133295	  0.174612	  0.420972	
  0.243942	  0.158687	  0.139342	  0.458029	
  0.107743	  0.121480	  0.734912	  0.035865	
  0.019865	  0.027631	  0.952366	  0.000138	
  0.002988	  0.996766	  0.000011	  0.000236	
  0.000036	  0.000037	  0.999812	  0.000115	
  0.000035	  0.931269	  0.068480	  0.000216	
  0.019018	  0.322267	  0.490477	  0.168238	
  0.105593	  0.555345	  0.111007	  0.228056	
  0.381813	  0.071875	  0.277253	  0.269059	

URL http://cisbp.ccbr.utoronto.ca/TFreport.php?searchTF=T077228_1.02

MOTIF M0770_1.02 (estExt_fgenesh1_pg.C_Chr_07.00010219)_(Arabidopsis_thaliana)_(DBD_0.75)

letter-probability matrix: alength= 4 w= 10 nsites= 1 E= 0
  0.328343	  0.169035	  0.219501	  0.283121	
  0.211913	  0.328631	  0.142583	  0.316873	
  0.439586	  0.186507	  0.226876	  0.147031	
  0.206769	  0.163146	  0.479655	  0.150430	
  0.739393	  0.025832	  0.034627	  0.200147	
  0.200147	  0.034627	  0.025832	  0.739393	
  0.150430	  0.479655	  0.163146	  0.206769	
  0.147031	  0.226876	  0.186507	  0.439586	
  0.316873	  0.142583	  0.328631	  0.211913	
  0.283121	  0.219501	  0.169035	  0.328343	

URL http://cisbp.ccbr.utoronto.ca/TFreport.php?searchTF=T086133_1.02

MOTIF M0807_1.02 0300010106

letter-probability matrix: alength= 4 w= 8 nsites= 1 E= 0
  0.295467	  0.283881	  0.163785	  0.256866	
  0.153126	  0.061637	  0.665982	  0.119255	
  0.801085	  0.029843	  0.071950	  0.097122	
  0.036187	  0.001490	  0.000618	  0.961705	
  0.175606	  0.644352	  0.124991	  0.055050	
  0.247032	  0.170633	  0.242140	  0.340194	
  0.275531	  0.223341	  0.249311	  0.251817	
  0.246648	  0.199929	  0.275328	  0.278095	

URL http://cisbp.ccbr.utoronto.ca/TFreport.php?searchTF=T086015_1.02

MOTIF M0808_1.02 fgenesh1_pg.C_Chr_07.0001000042

letter-probability matrix: alength= 4 w= 10 nsites= 1 E= 0
  0.320213	  0.200134	  0.298565	  0.181089	
  0.161417	  0.147524	  0.569063	  0.121996	
  0.880136	  0.003491	  0.005313	  0.111061	
  0.085837	  0.000789	  0.004274	  0.909100	
  0.090083	  0.728314	  0.107849	  0.073754	
  0.271999	  0.103110	  0.077153	  0.547738	
  0.206466	  0.295934	  0.235130	  0.262470	
  0.259653	  0.228000	  0.242098	  0.270249	
  0.280764	  0.227583	  0.229870	  0.261783	
  0.280545	  0.229691	  0.222902	  0.266862	

URL http://cisbp.ccbr.utoronto.ca/TFreport.php?searchTF=T086173_1.02

MOTIF M1389_1.02 0100010593

letter-probability matrix: alength= 4 w= 10 nsites= 1 E= 0
  0.388681	  0.101672	  0.195619	  0.314029	
  0.413364	  0.063745	  0.045778	  0.477113	
  0.776660	  0.000029	  0.150165	  0.073146	
  0.265323	  0.700195	  0.007321	  0.027160	
  0.046434	  0.869197	  0.034576	  0.049794	
  0.082892	  0.844518	  0.044530	  0.028059	
  0.020493	  0.048131	  0.015209	  0.916167	
  0.589367	  0.109526	  0.156838	  0.144270	
  0.338537	  0.178504	  0.268424	  0.214535	
  0.284006	  0.235703	  0.194647	  0.285644	

URL http://cisbp.ccbr.utoronto.ca/TFreport.php?searchTF=T125575_1.02

MOTIF M1390_1.02 0600010132

letter-probability matrix: alength= 4 w= 13 nsites= 1 E= 0
  0.326515	  0.224495	  0.224495	  0.224495	
  0.196779	  0.196779	  0.196779	  0.409662	
  0.172352	  0.385234	  0.270061	  0.172352	
  0.192708	  0.503997	  0.098703	  0.204592	
  0.115821	  0.023136	  0.837908	  0.023136	
  0.000200	  0.000200	  0.999399	  0.000200	
  0.999399	  0.000200	  0.000200	  0.000200	
  0.000200	  0.000200	  0.000200	  0.999399	
  0.812022	  0.136567	  0.025705	  0.025705	
  0.655311	  0.053421	  0.145163	  0.146106	
  0.077848	  0.390814	  0.169590	  0.361748	
  0.151497	  0.246689	  0.265890	  0.335924	
  0.227064	  0.227064	  0.227064	  0.318807	

URL http://cisbp.ccbr.utoronto.ca/TFreport.php?searchTF=T125580_1.02

MOTIF M1391_1.02 1200010153

letter-probability matrix: alength= 4 w= 10 nsites= 1 E= 0
  0.626529	  0.053528	  0.075203	  0.244740	
  0.293419	  0.602810	  0.027705	  0.076066	
  0.132015	  0.865159	  0.000101	  0.002726	
  0.009972	  0.982205	  0.006487	  0.001336	
  0.016892	  0.979326	  0.001910	  0.001872	
  0.001055	  0.051605	  0.000034	  0.947306	
  0.903519	  0.005293	  0.060117	  0.031072	
  0.286425	  0.168591	  0.418834	  0.126150	
  0.238644	  0.245912	  0.176792	  0.338652	
  0.230489	  0.259875	  0.175950	  0.333686	

URL http://cisbp.ccbr.utoronto.ca/TFreport.php?searchTF=T125588_1.02

MOTIF M1392_1.02 1200010282

letter-probability matrix: alength= 4 w= 12 nsites= 1 E= 0
  0.229167	  0.312498	  0.229167	  0.229167	
  0.207987	  0.207987	  0.291318	  0.292708	
  0.240373	  0.261844	  0.258799	  0.238983	
  0.099429	  0.099429	  0.616994	  0.184149	
  0.000185	  0.000185	  0.914724	  0.084905	
  0.738947	  0.171764	  0.089104	  0.000185	
  0.999445	  0.000185	  0.000185	  0.000185	
  0.000185	  0.000185	  0.000185	  0.999445	
  0.936947	  0.021018	  0.021018	  0.021018	
  0.042198	  0.042198	  0.042198	  0.873406	
  0.094532	  0.194909	  0.182432	  0.528127	
  0.150757	  0.547730	  0.150757	  0.150757	

URL http://cisbp.ccbr.utoronto.ca/TFreport.php?searchTF=T125589_1.02

MOTIF M1394_1.02 estExt_fgenesh1_pg.C_Chr_03.00010061

letter-probability matrix: alength= 4 w= 9 nsites= 1 E= 0
  0.296166	  0.221610	  0.170873	  0.311351	
  0.443491	  0.074789	  0.114971	  0.366749	
  0.558136	  0.026698	  0.258424	  0.156742	
  0.466160	  0.510060	  0.000338	  0.023442	
  0.031326	  0.967229	  0.000400	  0.001045	
  0.077813	  0.883869	  0.037876	  0.000442	
  0.006183	  0.287663	  0.026359	  0.679795	
  0.508974	  0.176337	  0.140106	  0.174583	
  0.273515	  0.210894	  0.334072	  0.181518	

URL http://cisbp.ccbr.utoronto.ca/TFreport.php?searchTF=T125951_1.02

MOTIF M1395_1.02 estExt_fgenesh1_pg.C_Chr_03.00010215

letter-probability matrix: alength= 4 w= 10 nsites= 1 E= 0
  0.270369	  0.247099	  0.198301	  0.284231	
  0.317852	  0.125410	  0.442122	  0.114616	
  0.047810	  0.032370	  0.886463	  0.033356	
  0.827040	  0.046426	  0.093490	  0.033044	
  0.033942	  0.017543	  0.019004	  0.929511	
  0.589696	  0.117873	  0.125162	  0.167270	
  0.560140	  0.056159	  0.237030	  0.146670	
  0.175090	  0.245992	  0.405572	  0.173347	
  0.257781	  0.192888	  0.369484	  0.179847	
  0.230822	  0.262866	  0.194736	  0.311576	

URL http://cisbp.ccbr.utoronto.ca/TFreport.php?searchTF=T125952_1.02

MOTIF M1396_1.02 estExt_fgenesh1_pg.C_Chr_13.00010057

letter-probability matrix: alength= 4 w= 9 nsites= 1 E= 0
  0.346040	  0.197661	  0.149389	  0.306910	
  0.481185	  0.019614	  0.393961	  0.105241	
  0.451307	  0.524344	  0.009135	  0.015213	
  0.006238	  0.982978	  0.002613	  0.008171	
  0.008011	  0.983153	  0.008421	  0.000415	
  0.002668	  0.060419	  0.001199	  0.935714	
  0.733974	  0.069302	  0.063974	  0.132751	
  0.363435	  0.169967	  0.309699	  0.156899	
  0.257101	  0.254543	  0.212612	  0.275743	

URL http://cisbp.ccbr.utoronto.ca/TFreport.php?searchTF=T125954_1.02

MOTIF M1397_1.02 estExt_fgenesh1_pg.C_Chr_16.00010090

letter-probability matrix: alength= 4 w= 8 nsites= 1 E= 0
  0.199383	  0.294484	  0.285781	  0.220352	
  0.265335	  0.327338	  0.232989	  0.174338	
  0.278432	  0.200172	  0.391183	  0.130213	
  0.334245	  0.103738	  0.265569	  0.296448	
  0.984956	  0.001791	  0.005066	  0.008187	
  0.093831	  0.018944	  0.014607	  0.872618	
  0.130107	  0.664050	  0.099321	  0.106523	
  0.243162	  0.226723	  0.205147	  0.324968	

URL http://cisbp.ccbr.utoronto.ca/TFreport.php?searchTF=T125955_1.02

MOTIF M1703_1.02 0700010421

letter-probability matrix: alength= 4 w= 13 nsites= 1 E= 0
  0.429522	  0.159620	  0.159620	  0.251238	
  0.157463	  0.288250	  0.069671	  0.484616	
  0.287822	  0.021355	  0.669467	  0.021355	
  0.109148	  0.021355	  0.762150	  0.107346	
  0.107346	  0.021355	  0.021355	  0.849943	
  0.088026	  0.827019	  0.000233	  0.084722	
  0.911508	  0.000233	  0.000233	  0.088026	
  0.999301	  0.000233	  0.000233	  0.000233	
  0.090613	  0.728161	  0.090613	  0.090613	
  0.265051	  0.180562	  0.373824	  0.180562	
  0.228878	  0.228878	  0.313367	  0.228878	
  0.228878	  0.228878	  0.228878	  0.313367	
  0.313367	  0.228878	  0.228878	  0.228878	

URL http://cisbp.ccbr.utoronto.ca/TFreport.php?searchTF=T155466_1.02

MOTIF M1704_1.02 fgenesh1_pg.C_Chr_11.0001000193

letter-probability matrix: alength= 4 w= 9 nsites= 1 E= 0
  0.241635	  0.259156	  0.232161	  0.267048	
  0.339988	  0.116619	  0.454369	  0.089024	
  0.090372	  0.018246	  0.791505	  0.099877	
  0.115683	  0.000069	  0.003424	  0.880823	
  0.157393	  0.749003	  0.041213	  0.052391	
  0.758233	  0.079122	  0.043423	  0.119222	
  0.650035	  0.029875	  0.180734	  0.139355	
  0.254248	  0.415014	  0.132729	  0.198009	
  0.231806	  0.229499	  0.328948	  0.209747	

URL http://cisbp.ccbr.utoronto.ca/TFreport.php?searchTF=T155501_1.02

MOTIF M2297_1.02 (e_gw1.01.00.699.1)_(Homo_sapiens)_(DBD_0.73)

letter-probability matrix: alength= 4 w= 15 nsites= 1 E= 0
  0.319149	  0.145315	  0.306021	  0.229516	
  0.331824	  0.068357	  0.259393	  0.340426	
  0.195111	  0.088728	  0.372114	  0.344047	
  0.172929	  0.639203	  0.035310	  0.152558	
  0.000000	  0.445903	  0.000000	  0.554097	
  0.731553	  0.115890	  0.033499	  0.119058	
  0.772295	  0.014486	  0.109099	  0.104120	
  0.953825	  0.000000	  0.039384	  0.006790	
  0.964690	  0.000000	  0.000905	  0.034405	
  0.966501	  0.000000	  0.001811	  0.031689	
  0.025351	  0.028067	  0.000000	  0.946582	
  0.985514	  0.000000	  0.014486	  0.000000	
  0.176098	  0.054323	  0.756451	  0.013128	
  0.441376	  0.378452	  0.066999	  0.113173	
  0.456768	  0.203712	  0.057039	  0.282481	

URL http://cisbp.ccbr.utoronto.ca/TFreport.php?searchTF=T112893_1.02

MOTIF M2372_1.02 (e_gw1.05.00.32.1)_(Arabidopsis_thaliana)_(DBD_0.95)

letter-probability matrix: alength= 4 w= 11 nsites= 1 E= 0
  0.140000	  0.450000	  0.230000	  0.180000	
  0.160000	  0.270000	  0.550000	  0.020000	
  0.000000	  0.919192	  0.040404	  0.040404	
  0.000000	  0.050000	  0.930000	  0.020000	
  0.040404	  0.939394	  0.000000	  0.020202	
  0.040404	  0.020202	  0.020202	  0.919192	
  0.080808	  0.000000	  0.858586	  0.060606	
  0.960000	  0.000000	  0.020000	  0.020000	
  0.040000	  0.040000	  0.920000	  0.000000	
  0.020000	  0.550000	  0.260000	  0.170000	
  0.151515	  0.323232	  0.242424	  0.282828	

URL http://cisbp.ccbr.utoronto.ca/TFreport.php?searchTF=T125896_1.02

MOTIF M4266_1.02 (estExt_gwp_GeneWisePlus.C_Chr_12.00010124)_(Saccharomyces_cerevisiae)_(DBD_0.78)

letter-probability matrix: alength= 4 w= 21 nsites= 1 E= 0
  0.277896	  0.250994	  0.386874	  0.084236	
  0.337701	  0.191203	  0.147499	  0.323596	
  0.253161	  0.345476	  0.088062	  0.313301	
  0.160289	  0.200315	  0.154575	  0.484821	
  0.545495	  0.139664	  0.154641	  0.160199	
  0.115326	  0.098646	  0.701617	  0.084410	
  0.287085	  0.198825	  0.266325	  0.247765	
  0.332186	  0.110816	  0.027332	  0.529666	
  0.907072	  0.007916	  0.025927	  0.059085	
  0.012689	  0.007855	  0.023849	  0.955608	
  0.981186	  0.002417	  0.004390	  0.012006	
  0.038291	  0.001865	  0.005177	  0.954667	
  0.970929	  0.002253	  0.006019	  0.020798	
  0.044741	  0.004462	  0.003313	  0.947483	
  0.883835	  0.010075	  0.024913	  0.081177	
  0.186324	  0.062165	  0.094376	  0.657135	
  0.264806	  0.122748	  0.129197	  0.483248	
  0.137280	  0.380802	  0.369687	  0.112231	
  0.266096	  0.228247	  0.383999	  0.121658	
  0.350006	  0.176397	  0.172576	  0.301021	
  0.248908	  0.193837	  0.270884	  0.286371	

URL http://cisbp.ccbr.utoronto.ca/TFreport.php?searchTF=T150947_1.02

