MEME version 4

ALPHABET= ACGT

strands: + -

Background letter frequencies (from uniform background):
A 0.25000 C 0.25000 G 0.25000 T 0.25000 

MOTIF M0021_1.02 (gwEuk.4.617.1)_(Arabidopsis_thaliana)_(DBD_0.83)

letter-probability matrix: alength= 4 w= 8 nsites= 1 E= 0
  0.253340	  0.238587	  0.213734	  0.294339	
  0.238515	  0.217986	  0.263600	  0.279900	
  0.216235	  0.071978	  0.581939	  0.129848	
  0.114251	  0.501900	  0.244301	  0.139547	
  0.009576	  0.664640	  0.002269	  0.323515	
  0.203540	  0.004463	  0.777326	  0.014671	
  0.148179	  0.326497	  0.281018	  0.244306	
  0.239004	  0.346014	  0.225085	  0.189897	

URL http://cisbp.ccbr.utoronto.ca/TFreport.php?searchTF=T003438_1.02

MOTIF M0076_1.02 (estExt_fgenesh1_pg.C_Chr_10369)_(Ostreococcus_tauri)_(DBD_1.00)

letter-probability matrix: alength= 4 w= 8 nsites= 1 E= 0
  0.184280	  0.604890	  0.131703	  0.079127	
  0.000196	  0.000196	  0.999412	  0.000196	
  0.000196	  0.921042	  0.078566	  0.000196	
  0.000196	  0.979820	  0.019788	  0.000196	
  0.000196	  0.000196	  0.999412	  0.000196	
  0.019788	  0.705525	  0.215713	  0.058973	
  0.000204	  0.999388	  0.000204	  0.000204	
  0.580219	  0.032539	  0.322487	  0.064755	

URL http://cisbp.ccbr.utoronto.ca/TFreport.php?searchTF=T002778_1.02

MOTIF M0253_1.02 (eugene.2000010215)_(Ostreococcus_tauri)_(DBD_0.74)

letter-probability matrix: alength= 4 w= 10 nsites= 1 E= 0
  0.263738	  0.161573	  0.401400	  0.173289	
  0.262187	  0.079763	  0.560628	  0.097423	
  0.119224	  0.765862	  0.038130	  0.076784	
  0.270244	  0.056223	  0.572107	  0.101426	
  0.014617	  0.634085	  0.006768	  0.344530	
  0.032065	  0.035794	  0.923136	  0.009005	
  0.024927	  0.085281	  0.013276	  0.876516	
  0.014931	  0.005020	  0.947149	  0.032899	
  0.076895	  0.299599	  0.268391	  0.355116	
  0.185050	  0.403681	  0.176025	  0.235244	

URL http://cisbp.ccbr.utoronto.ca/TFreport.php?searchTF=T019455_1.02

MOTIF M0361_1.02 (eugene.0100010414)_(Ostreococcus_tauri)_(DBD_0.78)

letter-probability matrix: alength= 4 w= 10 nsites= 1 E= 0
  0.342746	  0.201608	  0.252239	  0.203407	
  0.216861	  0.247552	  0.038403	  0.497184	
  0.153567	  0.162123	  0.342639	  0.341671	
  0.762244	  0.038627	  0.072515	  0.126614	
  0.097940	  0.662317	  0.021605	  0.218138	
  0.218138	  0.021605	  0.662317	  0.097940	
  0.126614	  0.072515	  0.038627	  0.762244	
  0.341671	  0.342639	  0.162123	  0.153567	
  0.497184	  0.038403	  0.247552	  0.216861	
  0.203407	  0.252239	  0.201608	  0.342746	

URL http://cisbp.ccbr.utoronto.ca/TFreport.php?searchTF=T029214_1.02

MOTIF M0362_1.02 (eugene.0300010281)_(Ostreococcus_tauri)_(DBD_0.75)

letter-probability matrix: alength= 4 w= 9 nsites= 1 E= 0
  0.427971	  0.122616	  0.415322	  0.034092	
  0.000231	  0.000966	  0.000723	  0.998079	
  0.056467	  0.000408	  0.857185	  0.085940	
  0.937351	  0.020761	  0.001721	  0.040167	
  0.002622	  0.892498	  0.000918	  0.103962	
  0.135931	  0.024832	  0.806050	  0.033187	
  0.122189	  0.184117	  0.063788	  0.629906	
  0.281576	  0.361551	  0.252246	  0.104627	
  0.370195	  0.123227	  0.226791	  0.279787	

URL http://cisbp.ccbr.utoronto.ca/TFreport.php?searchTF=T029216_1.02

MOTIF M0365_1.02 (gwEuk.4.656.1)_(Ostreococcus_tauri)_(DBD_0.77)

letter-probability matrix: alength= 4 w= 10 nsites= 1 E= 0
  0.145278	  0.256891	  0.125042	  0.472789	
  0.102481	  0.043802	  0.601653	  0.252063	
  0.338106	  0.641211	  0.009055	  0.011627	
  0.013066	  0.953401	  0.000084	  0.033449	
  0.988502	  0.000047	  0.000248	  0.011203	
  0.212802	  0.151466	  0.596072	  0.039661	
  0.185794	  0.389413	  0.277173	  0.147620	
  0.156924	  0.297603	  0.316006	  0.229467	
  0.177883	  0.244967	  0.169207	  0.407942	
  0.224563	  0.168033	  0.366558	  0.240846	

URL http://cisbp.ccbr.utoronto.ca/TFreport.php?searchTF=T029877_1.02

MOTIF M0768_1.02 (eugene.0700010347)_(Arabidopsis_thaliana)_(DBD_0.75)

letter-probability matrix: alength= 4 w= 11 nsites= 1 E= 0
  0.227406	  0.227406	  0.227406	  0.317783	
  0.161356	  0.515932	  0.161356	  0.161356	
  0.204487	  0.291263	  0.050777	  0.453474	
  0.925381	  0.000121	  0.074376	  0.000121	
  0.000121	  0.000121	  0.999637	  0.000121	
  0.999637	  0.000121	  0.000121	  0.000121	
  0.000121	  0.000121	  0.000121	  0.999637	
  0.000121	  0.999637	  0.000121	  0.000121	
  0.022715	  0.096970	  0.022715	  0.857599	
  0.293996	  0.088765	  0.451851	  0.165387	
  0.295861	  0.199344	  0.199344	  0.305451	

URL http://cisbp.ccbr.utoronto.ca/TFreport.php?searchTF=T085590_1.02

MOTIF M0770_1.02 (fgenesh1_pg.C_Chr_5000161)_(Arabidopsis_thaliana)_(DBD_0.72)

letter-probability matrix: alength= 4 w= 10 nsites= 1 E= 0
  0.328343	  0.169035	  0.219501	  0.283121	
  0.211913	  0.328631	  0.142583	  0.316873	
  0.439586	  0.186507	  0.226876	  0.147031	
  0.206769	  0.163146	  0.479655	  0.150430	
  0.739393	  0.025832	  0.034627	  0.200147	
  0.200147	  0.034627	  0.025832	  0.739393	
  0.150430	  0.479655	  0.163146	  0.206769	
  0.147031	  0.226876	  0.186507	  0.439586	
  0.316873	  0.142583	  0.328631	  0.211913	
  0.283121	  0.219501	  0.169035	  0.328343	

URL http://cisbp.ccbr.utoronto.ca/TFreport.php?searchTF=T085603_1.02

MOTIF M0807_1.02 (eugene.0300010114)_(Ostreococcus_tauri)_(DBD_0.94)

letter-probability matrix: alength= 4 w= 8 nsites= 1 E= 0
  0.295467	  0.283881	  0.163785	  0.256866	
  0.153126	  0.061637	  0.665982	  0.119255	
  0.801085	  0.029843	  0.071950	  0.097122	
  0.036187	  0.001490	  0.000618	  0.961705	
  0.175606	  0.644352	  0.124991	  0.055050	
  0.247032	  0.170633	  0.242140	  0.340194	
  0.275531	  0.223341	  0.249311	  0.251817	
  0.246648	  0.199929	  0.275328	  0.278095	

URL http://cisbp.ccbr.utoronto.ca/TFreport.php?searchTF=T085585_1.02

MOTIF M0808_1.02 (eugene.0700010063)_(Ostreococcus_tauri)_(DBD_0.86)

letter-probability matrix: alength= 4 w= 10 nsites= 1 E= 0
  0.320213	  0.200134	  0.298565	  0.181089	
  0.161417	  0.147524	  0.569063	  0.121996	
  0.880136	  0.003491	  0.005313	  0.111061	
  0.085837	  0.000789	  0.004274	  0.909100	
  0.090083	  0.728314	  0.107849	  0.073754	
  0.271999	  0.103110	  0.077153	  0.547738	
  0.206466	  0.295934	  0.235130	  0.262470	
  0.259653	  0.228000	  0.242098	  0.270249	
  0.280764	  0.227583	  0.229870	  0.261783	
  0.280545	  0.229691	  0.222902	  0.266862	

URL http://cisbp.ccbr.utoronto.ca/TFreport.php?searchTF=T085589_1.02

MOTIF M1390_1.02 (gwEuk.6.620.1)_(Ostreococcus_tauri)_(DBD_1.00)

letter-probability matrix: alength= 4 w= 13 nsites= 1 E= 0
  0.326515	  0.224495	  0.224495	  0.224495	
  0.196779	  0.196779	  0.196779	  0.409662	
  0.172352	  0.385234	  0.270061	  0.172352	
  0.192708	  0.503997	  0.098703	  0.204592	
  0.115821	  0.023136	  0.837908	  0.023136	
  0.000200	  0.000200	  0.999399	  0.000200	
  0.999399	  0.000200	  0.000200	  0.000200	
  0.000200	  0.000200	  0.000200	  0.999399	
  0.812022	  0.136567	  0.025705	  0.025705	
  0.655311	  0.053421	  0.145163	  0.146106	
  0.077848	  0.390814	  0.169590	  0.361748	
  0.151497	  0.246689	  0.265890	  0.335924	
  0.227064	  0.227064	  0.227064	  0.318807	

URL http://cisbp.ccbr.utoronto.ca/TFreport.php?searchTF=T124457_1.02

MOTIF M1394_1.02 (eugene.0300010089)_(Ostreococcus_tauri)_(DBD_0.98)

letter-probability matrix: alength= 4 w= 9 nsites= 1 E= 0
  0.296166	  0.221610	  0.170873	  0.311351	
  0.443491	  0.074789	  0.114971	  0.366749	
  0.558136	  0.026698	  0.258424	  0.156742	
  0.466160	  0.510060	  0.000338	  0.023442	
  0.031326	  0.967229	  0.000400	  0.001045	
  0.077813	  0.883869	  0.037876	  0.000442	
  0.006183	  0.287663	  0.026359	  0.679795	
  0.508974	  0.176337	  0.140106	  0.174583	
  0.273515	  0.210894	  0.334072	  0.181518	

URL http://cisbp.ccbr.utoronto.ca/TFreport.php?searchTF=T123232_1.02

MOTIF M1397_1.02 (gwEuk.1.479.1)_(Ostreococcus_tauri)_(DBD_0.96)

letter-probability matrix: alength= 4 w= 8 nsites= 1 E= 0
  0.199383	  0.294484	  0.285781	  0.220352	
  0.265335	  0.327338	  0.232989	  0.174338	
  0.278432	  0.200172	  0.391183	  0.130213	
  0.334245	  0.103738	  0.265569	  0.296448	
  0.984956	  0.001791	  0.005066	  0.008187	
  0.093831	  0.018944	  0.014607	  0.872618	
  0.130107	  0.664050	  0.099321	  0.106523	
  0.243162	  0.226723	  0.205147	  0.324968	

URL http://cisbp.ccbr.utoronto.ca/TFreport.php?searchTF=T124449_1.02

MOTIF M1704_1.02 (eugene.1100010253)_(Ostreococcus_tauri)_(DBD_0.71)

letter-probability matrix: alength= 4 w= 9 nsites= 1 E= 0
  0.241635	  0.259156	  0.232161	  0.267048	
  0.339988	  0.116619	  0.454369	  0.089024	
  0.090372	  0.018246	  0.791505	  0.099877	
  0.115683	  0.000069	  0.003424	  0.880823	
  0.157393	  0.749003	  0.041213	  0.052391	
  0.758233	  0.079122	  0.043423	  0.119222	
  0.650035	  0.029875	  0.180734	  0.139355	
  0.254248	  0.415014	  0.132729	  0.198009	
  0.231806	  0.229499	  0.328948	  0.209747	

URL http://cisbp.ccbr.utoronto.ca/TFreport.php?searchTF=T154975_1.02

MOTIF M1884_1.02 (eugene.0100010534)_(Homo_sapiens)_(DBD_0.75)

letter-probability matrix: alength= 4 w= 15 nsites= 1 E= 0
  0.326544	  0.100475	  0.257298	  0.315682	
  0.114732	  0.101154	  0.424304	  0.359810	
  0.078751	  0.800407	  0.021724	  0.099117	
  0.000000	  0.321113	  0.000000	  0.678887	
  0.863544	  0.046164	  0.009504	  0.080788	
  0.684318	  0.000000	  0.080788	  0.234895	
  0.938900	  0.000000	  0.026477	  0.034623	
  0.917855	  0.003394	  0.000000	  0.078751	
  0.943652	  0.000000	  0.000000	  0.056348	
  0.004073	  0.000000	  0.000000	  0.995927	
  0.999321	  0.000000	  0.000000	  0.000679	
  0.156823	  0.033265	  0.787508	  0.022403	
  0.398506	  0.429056	  0.076035	  0.096402	
  0.359810	  0.277665	  0.074678	  0.287848	
  0.234216	  0.304820	  0.137814	  0.323150	

URL http://cisbp.ccbr.utoronto.ca/TFreport.php?searchTF=T112298_1.02

MOTIF M2372_1.02 (eugene.0500010050)_(Arabidopsis_thaliana)_(DBD_0.93)

letter-probability matrix: alength= 4 w= 11 nsites= 1 E= 0
  0.140000	  0.450000	  0.230000	  0.180000	
  0.160000	  0.270000	  0.550000	  0.020000	
  0.000000	  0.919192	  0.040404	  0.040404	
  0.000000	  0.050000	  0.930000	  0.020000	
  0.040404	  0.939394	  0.000000	  0.020202	
  0.040404	  0.020202	  0.020202	  0.919192	
  0.080808	  0.000000	  0.858586	  0.060606	
  0.960000	  0.000000	  0.020000	  0.020000	
  0.040000	  0.040000	  0.920000	  0.000000	
  0.020000	  0.550000	  0.260000	  0.170000	
  0.151515	  0.323232	  0.242424	  0.282828	

URL http://cisbp.ccbr.utoronto.ca/TFreport.php?searchTF=T123235_1.02

MOTIF M4266_1.02 (eugene.1200010061)_(Saccharomyces_cerevisiae)_(DBD_0.78)

letter-probability matrix: alength= 4 w= 21 nsites= 1 E= 0
  0.277896	  0.250994	  0.386874	  0.084236	
  0.337701	  0.191203	  0.147499	  0.323596	
  0.253161	  0.345476	  0.088062	  0.313301	
  0.160289	  0.200315	  0.154575	  0.484821	
  0.545495	  0.139664	  0.154641	  0.160199	
  0.115326	  0.098646	  0.701617	  0.084410	
  0.287085	  0.198825	  0.266325	  0.247765	
  0.332186	  0.110816	  0.027332	  0.529666	
  0.907072	  0.007916	  0.025927	  0.059085	
  0.012689	  0.007855	  0.023849	  0.955608	
  0.981186	  0.002417	  0.004390	  0.012006	
  0.038291	  0.001865	  0.005177	  0.954667	
  0.970929	  0.002253	  0.006019	  0.020798	
  0.044741	  0.004462	  0.003313	  0.947483	
  0.883835	  0.010075	  0.024913	  0.081177	
  0.186324	  0.062165	  0.094376	  0.657135	
  0.264806	  0.122748	  0.129197	  0.483248	
  0.137280	  0.380802	  0.369687	  0.112231	
  0.266096	  0.228247	  0.383999	  0.121658	
  0.350006	  0.176397	  0.172576	  0.301021	
  0.248908	  0.193837	  0.270884	  0.286371	

URL http://cisbp.ccbr.utoronto.ca/TFreport.php?searchTF=T150858_1.02

