MEME version 4

ALPHABET= ACGT

strands: + -

Background letter frequencies (from uniform background):
A 0.25000 C 0.25000 G 0.25000 T 0.25000 

MOTIF M0021_1.02 (fgenesh1_pm.chr_4_

letter-probability matrix: alength= 4 w= 8 nsites= 1 E= 0
  0.253340	  0.238587	  0.213734	  0.294339	
  0.238515	  0.217986	  0.263600	  0.279900	
  0.216235	  0.071978	  0.581939	  0.129848	
  0.114251	  0.501900	  0.244301	  0.139547	
  0.009576	  0.664640	  0.002269	  0.323515	
  0.203540	  0.004463	  0.777326	  0.014671	
  0.148179	  0.326497	  0.281018	  0.244306	
  0.239004	  0.346014	  0.225085	  0.189897	

URL http://cisbp.ccbr.utoronto.ca/TFreport.php?searchTF=T002836_1.02

MOTIF M0076_1.02 (fgenesh1_pm.chr_1_

letter-probability matrix: alength= 4 w= 8 nsites= 1 E= 0
  0.184280	  0.604890	  0.131703	  0.079127	
  0.000196	  0.000196	  0.999412	  0.000196	
  0.000196	  0.921042	  0.078566	  0.000196	
  0.000196	  0.979820	  0.019788	  0.000196	
  0.000196	  0.000196	  0.999412	  0.000196	
  0.019788	  0.705525	  0.215713	  0.058973	
  0.000204	  0.999388	  0.000204	  0.000204	
  0.580219	  0.032539	  0.322487	  0.064755	

URL http://cisbp.ccbr.utoronto.ca/TFreport.php?searchTF=T002835_1.02

MOTIF M0253_1.02 (fgenesh1_pg.chr_20_

letter-probability matrix: alength= 4 w= 10 nsites= 1 E= 0
  0.263738	  0.161573	  0.401400	  0.173289	
  0.262187	  0.079763	  0.560628	  0.097423	
  0.119224	  0.765862	  0.038130	  0.076784	
  0.270244	  0.056223	  0.572107	  0.101426	
  0.014617	  0.634085	  0.006768	  0.344530	
  0.032065	  0.035794	  0.923136	  0.009005	
  0.024927	  0.085281	  0.013276	  0.876516	
  0.014931	  0.005020	  0.947149	  0.032899	
  0.076895	  0.299599	  0.268391	  0.355116	
  0.185050	  0.403681	  0.176025	  0.235244	

URL http://cisbp.ccbr.utoronto.ca/TFreport.php?searchTF=T019462_1.02

MOTIF M0361_1.02 (gw1.1.958.1)_(Ostreococcus_tauri)_(DBD_0.71)

letter-probability matrix: alength= 4 w= 10 nsites= 1 E= 0
  0.342746	  0.201608	  0.252239	  0.203407	
  0.216861	  0.247552	  0.038403	  0.497184	
  0.153567	  0.162123	  0.342639	  0.341671	
  0.762244	  0.038627	  0.072515	  0.126614	
  0.097940	  0.662317	  0.021605	  0.218138	
  0.218138	  0.021605	  0.662317	  0.097940	
  0.126614	  0.072515	  0.038627	  0.762244	
  0.341671	  0.342639	  0.162123	  0.153567	
  0.497184	  0.038403	  0.247552	  0.216861	
  0.203407	  0.252239	  0.201608	  0.342746	

URL http://cisbp.ccbr.utoronto.ca/TFreport.php?searchTF=T029805_1.02

MOTIF M0362_1.02 (e_gw1.3.487.1)_(Ostreococcus_tauri)_(DBD_0.72)

letter-probability matrix: alength= 4 w= 9 nsites= 1 E= 0
  0.427971	  0.122616	  0.415322	  0.034092	
  0.000231	  0.000966	  0.000723	  0.998079	
  0.056467	  0.000408	  0.857185	  0.085940	
  0.937351	  0.020761	  0.001721	  0.040167	
  0.002622	  0.892498	  0.000918	  0.103962	
  0.135931	  0.024832	  0.806050	  0.033187	
  0.122189	  0.184117	  0.063788	  0.629906	
  0.281576	  0.361551	  0.252246	  0.104627	
  0.370195	  0.123227	  0.226791	  0.279787	

URL http://cisbp.ccbr.utoronto.ca/TFreport.php?searchTF=T028717_1.02

MOTIF M0364_1.02 (e_gw1.14.312.1)_(Ostreococcus_tauri)_(DBD_0.59)

letter-probability matrix: alength= 4 w= 10 nsites= 1 E= 0
  0.251103	  0.218299	  0.238857	  0.291741	
  0.084127	  0.455927	  0.063582	  0.396364	
  0.115359	  0.020451	  0.786862	  0.077328	
  0.205804	  0.793873	  0.000080	  0.000243	
  0.059512	  0.921665	  0.000352	  0.018471	
  0.995943	  0.000117	  0.003400	  0.000540	
  0.034296	  0.902366	  0.062491	  0.000848	
  0.040497	  0.103671	  0.838173	  0.017659	
  0.008590	  0.056294	  0.000081	  0.935036	
  0.051786	  0.091571	  0.794022	  0.062622	

URL http://cisbp.ccbr.utoronto.ca/TFreport.php?searchTF=T028677_1.02

MOTIF M0764_1.02 (EuGene.0500010229)_(Arabidopsis_thaliana)_(DBD_0.72)

letter-probability matrix: alength= 4 w= 10 nsites= 1 E= 0
  0.185233	  0.270864	  0.213069	  0.330834	
  0.538591	  0.131493	  0.221176	  0.108740	
  0.241171	  0.086100	  0.575653	  0.097077	
  0.769778	  0.012630	  0.072683	  0.144909	
  0.196940	  0.000015	  0.028019	  0.775026	
  0.182470	  0.559243	  0.166765	  0.091522	
  0.184365	  0.132544	  0.150945	  0.532146	
  0.384326	  0.077594	  0.358343	  0.179736	
  0.307648	  0.135498	  0.283995	  0.272859	
  0.338169	  0.193165	  0.215626	  0.253040	

URL http://cisbp.ccbr.utoronto.ca/TFreport.php?searchTF=T085587_1.02

MOTIF M0770_1.02 (e_gw1.7.793.1)_(Arabidopsis_thaliana)_(DBD_0.75)

letter-probability matrix: alength= 4 w= 10 nsites= 1 E= 0
  0.328343	  0.169035	  0.219501	  0.283121	
  0.211913	  0.328631	  0.142583	  0.316873	
  0.439586	  0.186507	  0.226876	  0.147031	
  0.206769	  0.163146	  0.479655	  0.150430	
  0.739393	  0.025832	  0.034627	  0.200147	
  0.200147	  0.034627	  0.025832	  0.739393	
  0.150430	  0.479655	  0.163146	  0.206769	
  0.147031	  0.226876	  0.186507	  0.439586	
  0.316873	  0.142583	  0.328631	  0.211913	
  0.283121	  0.219501	  0.169035	  0.328343	

URL http://cisbp.ccbr.utoronto.ca/TFreport.php?searchTF=T085414_1.02

MOTIF M0807_1.02 (e_gw1.3.601.1)_(Ostreococcus_tauri)_(DBD_0.89)

letter-probability matrix: alength= 4 w= 8 nsites= 1 E= 0
  0.295467	  0.283881	  0.163785	  0.256866	
  0.153126	  0.061637	  0.665982	  0.119255	
  0.801085	  0.029843	  0.071950	  0.097122	
  0.036187	  0.001490	  0.000618	  0.961705	
  0.175606	  0.644352	  0.124991	  0.055050	
  0.247032	  0.170633	  0.242140	  0.340194	
  0.275531	  0.223341	  0.249311	  0.251817	
  0.246648	  0.199929	  0.275328	  0.278095	

URL http://cisbp.ccbr.utoronto.ca/TFreport.php?searchTF=T085404_1.02

MOTIF M1390_1.02 (gw1.6.1691.1)_(Ostreococcus_tauri)_(DBD_1.00)

letter-probability matrix: alength= 4 w= 13 nsites= 1 E= 0
  0.326515	  0.224495	  0.224495	  0.224495	
  0.196779	  0.196779	  0.196779	  0.409662	
  0.172352	  0.385234	  0.270061	  0.172352	
  0.192708	  0.503997	  0.098703	  0.204592	
  0.115821	  0.023136	  0.837908	  0.023136	
  0.000200	  0.000200	  0.999399	  0.000200	
  0.999399	  0.000200	  0.000200	  0.000200	
  0.000200	  0.000200	  0.000200	  0.999399	
  0.812022	  0.136567	  0.025705	  0.025705	
  0.655311	  0.053421	  0.145163	  0.146106	
  0.077848	  0.390814	  0.169590	  0.361748	
  0.151497	  0.246689	  0.265890	  0.335924	
  0.227064	  0.227064	  0.227064	  0.318807	

URL http://cisbp.ccbr.utoronto.ca/TFreport.php?searchTF=T124408_1.02

MOTIF M1394_1.02 (fgenesh1_pm.chr_3_

letter-probability matrix: alength= 4 w= 9 nsites= 1 E= 0
  0.296166	  0.221610	  0.170873	  0.311351	
  0.443491	  0.074789	  0.114971	  0.366749	
  0.558136	  0.026698	  0.258424	  0.156742	
  0.466160	  0.510060	  0.000338	  0.023442	
  0.031326	  0.967229	  0.000400	  0.001045	
  0.077813	  0.883869	  0.037876	  0.000442	
  0.006183	  0.287663	  0.026359	  0.679795	
  0.508974	  0.176337	  0.140106	  0.174583	
  0.273515	  0.210894	  0.334072	  0.181518	

URL http://cisbp.ccbr.utoronto.ca/TFreport.php?searchTF=T123395_1.02

MOTIF M1397_1.02 (e_gw1.1.649.1)_(Ostreococcus_tauri)_(DBD_0.94)

letter-probability matrix: alength= 4 w= 8 nsites= 1 E= 0
  0.199383	  0.294484	  0.285781	  0.220352	
  0.265335	  0.327338	  0.232989	  0.174338	
  0.278432	  0.200172	  0.391183	  0.130213	
  0.334245	  0.103738	  0.265569	  0.296448	
  0.984956	  0.001791	  0.005066	  0.008187	
  0.093831	  0.018944	  0.014607	  0.872618	
  0.130107	  0.664050	  0.099321	  0.106523	
  0.243162	  0.226723	  0.205147	  0.324968	

URL http://cisbp.ccbr.utoronto.ca/TFreport.php?searchTF=T122661_1.02

MOTIF M1693_1.02 (EuGene.0800010212)_(Arabidopsis_thaliana)_(DBD_0.39)

letter-probability matrix: alength= 4 w= 10 nsites= 1 E= 0
  0.361661	  0.152375	  0.219958	  0.266006	
  0.410189	  0.110302	  0.320687	  0.158823	
  0.084532	  0.040192	  0.777584	  0.097692	
  0.091819	  0.002718	  0.003887	  0.901575	
  0.120747	  0.809938	  0.024489	  0.044826	
  0.834287	  0.053380	  0.061627	  0.050707	
  0.782526	  0.000001	  0.165566	  0.051908	
  0.212981	  0.544886	  0.072356	  0.169777	
  0.178935	  0.162660	  0.438981	  0.219423	
  0.250035	  0.211680	  0.272429	  0.265856	

URL http://cisbp.ccbr.utoronto.ca/TFreport.php?searchTF=T154974_1.02

MOTIF M1703_1.02 (fgenesh1_pg.chr_7_

letter-probability matrix: alength= 4 w= 13 nsites= 1 E= 0
  0.429522	  0.159620	  0.159620	  0.251238	
  0.157463	  0.288250	  0.069671	  0.484616	
  0.287822	  0.021355	  0.669467	  0.021355	
  0.109148	  0.021355	  0.762150	  0.107346	
  0.107346	  0.021355	  0.021355	  0.849943	
  0.088026	  0.827019	  0.000233	  0.084722	
  0.911508	  0.000233	  0.000233	  0.088026	
  0.999301	  0.000233	  0.000233	  0.000233	
  0.090613	  0.728161	  0.090613	  0.090613	
  0.265051	  0.180562	  0.373824	  0.180562	
  0.228878	  0.228878	  0.313367	  0.228878	
  0.228878	  0.228878	  0.228878	  0.313367	
  0.313367	  0.228878	  0.228878	  0.228878	

URL http://cisbp.ccbr.utoronto.ca/TFreport.php?searchTF=T154977_1.02

MOTIF M2372_1.02 (e_gw1.5.42.1)_(Arabidopsis_thaliana)_(DBD_0.95)

letter-probability matrix: alength= 4 w= 11 nsites= 1 E= 0
  0.140000	  0.450000	  0.230000	  0.180000	
  0.160000	  0.270000	  0.550000	  0.020000	
  0.000000	  0.919192	  0.040404	  0.040404	
  0.000000	  0.050000	  0.930000	  0.020000	
  0.040404	  0.939394	  0.000000	  0.020202	
  0.040404	  0.020202	  0.020202	  0.919192	
  0.080808	  0.000000	  0.858586	  0.060606	
  0.960000	  0.000000	  0.020000	  0.020000	
  0.040000	  0.040000	  0.920000	  0.000000	
  0.020000	  0.550000	  0.260000	  0.170000	
  0.151515	  0.323232	  0.242424	  0.282828	

URL http://cisbp.ccbr.utoronto.ca/TFreport.php?searchTF=T122750_1.02

MOTIF M4266_1.02 (EuGene.0800010331)_(Saccharomyces_cerevisiae)_(DBD_0.78)

letter-probability matrix: alength= 4 w= 21 nsites= 1 E= 0
  0.277896	  0.250994	  0.386874	  0.084236	
  0.337701	  0.191203	  0.147499	  0.323596	
  0.253161	  0.345476	  0.088062	  0.313301	
  0.160289	  0.200315	  0.154575	  0.484821	
  0.545495	  0.139664	  0.154641	  0.160199	
  0.115326	  0.098646	  0.701617	  0.084410	
  0.287085	  0.198825	  0.266325	  0.247765	
  0.332186	  0.110816	  0.027332	  0.529666	
  0.907072	  0.007916	  0.025927	  0.059085	
  0.012689	  0.007855	  0.023849	  0.955608	
  0.981186	  0.002417	  0.004390	  0.012006	
  0.038291	  0.001865	  0.005177	  0.954667	
  0.970929	  0.002253	  0.006019	  0.020798	
  0.044741	  0.004462	  0.003313	  0.947483	
  0.883835	  0.010075	  0.024913	  0.081177	
  0.186324	  0.062165	  0.094376	  0.657135	
  0.264806	  0.122748	  0.129197	  0.483248	
  0.137280	  0.380802	  0.369687	  0.112231	
  0.266096	  0.228247	  0.383999	  0.121658	
  0.350006	  0.176397	  0.172576	  0.301021	
  0.248908	  0.193837	  0.270884	  0.286371	

URL http://cisbp.ccbr.utoronto.ca/TFreport.php?searchTF=T150857_1.02

MOTIF M4466_1.02 (gw1.1.1011.1)_(Homo_sapiens)_(DBD_0.75)

letter-probability matrix: alength= 4 w= 15 nsites= 1 E= 0
  0.310573	  0.154185	  0.306167	  0.229075	
  0.310573	  0.105727	  0.270925	  0.312775	
  0.160793	  0.101322	  0.385463	  0.352423	
  0.149780	  0.640969	  0.057269	  0.151982	
  0.000000	  0.506608	  0.000000	  0.493392	
  0.711454	  0.129956	  0.024229	  0.134361	
  0.704846	  0.019824	  0.114537	  0.160793	
  0.938326	  0.000000	  0.044053	  0.017621	
  0.905286	  0.004405	  0.002203	  0.088106	
  0.925110	  0.000000	  0.000000	  0.074890	
  0.033040	  0.000000	  0.000000	  0.966960	
  0.958150	  0.000000	  0.041850	  0.000000	
  0.209251	  0.052863	  0.702644	  0.035242	
  0.416300	  0.354626	  0.090308	  0.138767	
  0.387665	  0.262115	  0.070485	  0.279736	

URL http://cisbp.ccbr.utoronto.ca/TFreport.php?searchTF=T112491_1.02

