MEME version 4

ALPHABET= ACGT

strands: + -

Background letter frequencies (from uniform background):
A 0.25000 C 0.25000 G 0.25000 T 0.25000 

MOTIF M0117_1.02 GSPATP00004674001

letter-probability matrix: alength= 4 w= 8 nsites= 1 E= 0
  0.222641	  0.271934	  0.127174	  0.378251	
  0.145796	  0.178075	  0.187205	  0.488924	
  0.181051	  0.123814	  0.151227	  0.543908	
  0.561457	  0.104641	  0.208624	  0.125278	
  0.748021	  0.063271	  0.014991	  0.173718	
  0.098419	  0.110967	  0.002827	  0.787788	
  0.201424	  0.253512	  0.199420	  0.345645	
  0.306693	  0.176947	  0.238853	  0.277507	

URL http://cisbp.ccbr.utoronto.ca/TFreport.php?searchTF=T008277_1.02

MOTIF M0367_1.02 GSPATP00028385001

letter-probability matrix: alength= 4 w= 8 nsites= 1 E= 0
  0.114587	  0.144219	  0.088352	  0.652841	
  0.194335	  0.079011	  0.507543	  0.219112	
  0.586297	  0.100869	  0.113730	  0.199104	
  0.134016	  0.560012	  0.038782	  0.267190	
  0.204265	  0.098437	  0.572160	  0.125138	
  0.196882	  0.209057	  0.048068	  0.545993	
  0.393358	  0.229228	  0.215879	  0.161535	
  0.295263	  0.192071	  0.234597	  0.278069	

URL http://cisbp.ccbr.utoronto.ca/TFreport.php?searchTF=T030931_1.02

MOTIF M0600_1.02 GSPATP00010696001

letter-probability matrix: alength= 4 w= 8 nsites= 1 E= 0
  0.293512	  0.211013	  0.240308	  0.255167	
  0.417737	  0.084340	  0.231563	  0.266361	
  0.148569	  0.089215	  0.055205	  0.707012	
  0.099086	  0.060702	  0.031062	  0.809150	
  0.037078	  0.279509	  0.029460	  0.653952	
  0.329558	  0.132655	  0.418950	  0.118837	
  0.401839	  0.209778	  0.218340	  0.170043	
  0.349269	  0.218294	  0.222703	  0.209734	

URL http://cisbp.ccbr.utoronto.ca/TFreport.php?searchTF=T074215_1.02

MOTIF M0679_1.02 GSPATP00020286001

letter-probability matrix: alength= 4 w= 9 nsites= 1 E= 0
  0.266951	  0.239143	  0.363967	  0.129939	
  0.170249	  0.532328	  0.280692	  0.016731	
  0.009417	  0.331134	  0.647113	  0.012336	
  0.000079	  0.999041	  0.000013	  0.000867	
  0.014062	  0.000015	  0.985790	  0.000133	
  0.000012	  0.864773	  0.115870	  0.019346	
  0.084325	  0.552624	  0.240971	  0.122080	
  0.419828	  0.273102	  0.132933	  0.174137	
  0.341094	  0.208963	  0.156360	  0.293583	

URL http://cisbp.ccbr.utoronto.ca/TFreport.php?searchTF=T077236_1.02

MOTIF M1398_1.02 GSPATP00011874001

letter-probability matrix: alength= 4 w= 10 nsites= 1 E= 0
  0.244841	  0.142571	  0.258268	  0.354321	
  0.043410	  0.572569	  0.043410	  0.340610	
  0.823104	  0.000161	  0.176573	  0.000161	
  0.000161	  0.000161	  0.999516	  0.000161	
  0.000161	  0.000161	  0.000161	  0.999516	
  0.085940	  0.000161	  0.000161	  0.913738	
  0.000161	  0.913738	  0.000161	  0.085940	
  0.000161	  0.913876	  0.000161	  0.085802	
  0.193041	  0.245974	  0.107591	  0.453395	
  0.379747	  0.206751	  0.206751	  0.206751	

URL http://cisbp.ccbr.utoronto.ca/TFreport.php?searchTF=T126161_1.02

MOTIF M1399_1.02 GSPATP00018082001

letter-probability matrix: alength= 4 w= 10 nsites= 1 E= 0
  0.542971	  0.139359	  0.111839	  0.205831	
  0.563976	  0.044926	  0.203367	  0.187731	
  0.050223	  0.048253	  0.885780	  0.015744	
  0.936807	  0.002369	  0.023394	  0.037430	
  0.018129	  0.000949	  0.000949	  0.979973	
  0.592622	  0.155176	  0.040632	  0.211570	
  0.077312	  0.511756	  0.109711	  0.301222	
  0.310289	  0.210083	  0.295156	  0.184473	
  0.245274	  0.245274	  0.273794	  0.235657	
  0.251982	  0.259656	  0.204253	  0.284109	

URL http://cisbp.ccbr.utoronto.ca/TFreport.php?searchTF=T126227_1.02

