MEME version 4

ALPHABET= ACGT

strands: + -

Background letter frequencies (from uniform background):
A 0.25000 C 0.25000 G 0.25000 T 0.25000 

MOTIF M0086_1.02 (PABG_04648)_(Histoplasma_capsulatum)_(DBD_0.93)

letter-probability matrix: alength= 4 w= 10 nsites= 1 E= 0
  0.287386	  0.184982	  0.164060	  0.363572	
  0.268823	  0.245690	  0.172342	  0.313145	
  0.339997	  0.263260	  0.151658	  0.245086	
  0.153137	  0.201022	  0.101791	  0.544050	
  0.240409	  0.109919	  0.541436	  0.108237	
  0.108237	  0.541436	  0.109919	  0.240409	
  0.544050	  0.101791	  0.201022	  0.153137	
  0.245086	  0.151658	  0.263260	  0.339997	
  0.313145	  0.172342	  0.245690	  0.268823	
  0.363572	  0.164060	  0.184982	  0.287386	

URL http://cisbp.ccbr.utoronto.ca/TFreport.php?searchTF=T005192_1.02

MOTIF M0112_1.02 (PABG_04080)_(Neurospora_crassa)_(DBD_0.76)

letter-probability matrix: alength= 4 w= 8 nsites= 1 E= 0
  0.231893	  0.272129	  0.231893	  0.264086	
  0.199782	  0.275126	  0.241587	  0.283505	
  0.239406	  0.256765	  0.190216	  0.313613	
  0.169991	  0.163325	  0.418109	  0.248575	
  0.699238	  0.072966	  0.111051	  0.116745	
  0.096923	  0.120773	  0.014210	  0.768095	
  0.556969	  0.037808	  0.314980	  0.090243	
  0.186997	  0.278967	  0.206664	  0.327371	

URL http://cisbp.ccbr.utoronto.ca/TFreport.php?searchTF=T007059_1.02

MOTIF M0233_1.02 (PABG_03267)_(Neurospora_crassa)_(DBD_0.66)

letter-probability matrix: alength= 4 w= 10 nsites= 1 E= 0
  0.372697	  0.131267	  0.368992	  0.127044	
  0.132630	  0.120618	  0.150348	  0.596405	
  0.053806	  0.833998	  0.040004	  0.072192	
  0.860550	  0.014337	  0.062962	  0.062150	
  0.049765	  0.733895	  0.036448	  0.179892	
  0.179892	  0.036448	  0.733895	  0.049765	
  0.062150	  0.062962	  0.014337	  0.860550	
  0.072192	  0.040004	  0.833998	  0.053806	
  0.596405	  0.150348	  0.120618	  0.132630	
  0.127044	  0.368992	  0.131267	  0.372697	

URL http://cisbp.ccbr.utoronto.ca/TFreport.php?searchTF=T011738_1.02

MOTIF M0235_1.02 (PABG_00408)_(Neurospora_crassa)_(DBD_0.71)

letter-probability matrix: alength= 4 w= 8 nsites= 1 E= 0
  0.274385	  0.205312	  0.348812	  0.171491	
  0.190278	  0.136796	  0.336463	  0.336463	
  0.075030	  0.878218	  0.030505	  0.016247	
  0.751431	  0.000270	  0.135908	  0.112390	
  0.002837	  0.782682	  0.078471	  0.136010	
  0.236992	  0.000239	  0.711963	  0.050807	
  0.167264	  0.223536	  0.126415	  0.482785	
  0.153853	  0.085285	  0.605464	  0.155399	

URL http://cisbp.ccbr.utoronto.ca/TFreport.php?searchTF=T011736_1.02

MOTIF M0277_1.02 (PABG_01850)_(Aspergillus_nidulans)_(DBD_0.73)

letter-probability matrix: alength= 4 w= 10 nsites= 1 E= 0
  0.154221	  0.132739	  0.506936	  0.206105	
  0.384330	  0.442085	  0.102668	  0.070916	
  0.058696	  0.013228	  0.037054	  0.891022	
  0.007506	  0.030745	  0.385962	  0.575787	
  0.911092	  0.000094	  0.061846	  0.026968	
  0.063690	  0.586417	  0.169700	  0.180193	
  0.278427	  0.160639	  0.196204	  0.364730	
  0.518034	  0.154476	  0.059742	  0.267747	
  0.729176	  0.086653	  0.088404	  0.095767	
  0.258065	  0.140220	  0.224351	  0.377364	

URL http://cisbp.ccbr.utoronto.ca/TFreport.php?searchTF=T023018_1.02

MOTIF M0278_1.02 (PABG_06099)_(Aspergillus_nidulans)_(DBD_0.86)

letter-probability matrix: alength= 4 w= 9 nsites= 1 E= 0
  0.248440	  0.175072	  0.312686	  0.263802	
  0.348841	  0.201264	  0.236185	  0.213709	
  0.250961	  0.137730	  0.144792	  0.466518	
  0.192616	  0.159285	  0.330530	  0.317569	
  0.547798	  0.306711	  0.100074	  0.045418	
  0.083480	  0.792037	  0.004829	  0.119654	
  0.161924	  0.013834	  0.778312	  0.045930	
  0.238359	  0.306059	  0.081759	  0.373822	
  0.313093	  0.147894	  0.356559	  0.182454	

URL http://cisbp.ccbr.utoronto.ca/TFreport.php?searchTF=T023033_1.02

MOTIF M0279_1.02 (PABG_00183)_(Aspergillus_nidulans)_(DBD_0.59)

letter-probability matrix: alength= 4 w= 10 nsites= 1 E= 0
  0.246840	  0.196081	  0.257201	  0.299878	
  0.404547	  0.230507	  0.142781	  0.222165	
  0.184351	  0.378595	  0.128283	  0.308771	
  0.636412	  0.020156	  0.194119	  0.149314	
  0.177436	  0.522892	  0.092598	  0.207075	
  0.207075	  0.092598	  0.522892	  0.177436	
  0.149314	  0.194119	  0.020156	  0.636412	
  0.308771	  0.128283	  0.378595	  0.184351	
  0.222165	  0.142781	  0.230507	  0.404547	
  0.299878	  0.257201	  0.196081	  0.246840	

URL http://cisbp.ccbr.utoronto.ca/TFreport.php?searchTF=T023016_1.02

MOTIF M0330_1.02 (PABG_02318)_(Neurospora_crassa)_(DBD_0.80)

letter-probability matrix: alength= 4 w= 8 nsites= 1 E= 0
  0.690951	  0.077454	  0.154141	  0.077454	
  0.000525	  0.000525	  0.000525	  0.998424	
  0.053046	  0.000525	  0.053046	  0.893382	
  0.998424	  0.000525	  0.000525	  0.000525	
  0.000525	  0.945903	  0.053046	  0.000525	
  0.053046	  0.000525	  0.893382	  0.053046	
  0.000525	  0.053046	  0.000525	  0.945903	
  0.784188	  0.071937	  0.071937	  0.071937	

URL http://cisbp.ccbr.utoronto.ca/TFreport.php?searchTF=T023020_1.02

MOTIF M0331_1.02 (PABG_04569)_(Neurospora_crassa)_(DBD_0.57)

letter-probability matrix: alength= 4 w= 10 nsites= 1 E= 0
  0.138972	  0.117246	  0.552400	  0.191382	
  0.407664	  0.450538	  0.049921	  0.091876	
  0.018202	  0.000228	  0.064170	  0.917399	
  0.109798	  0.113142	  0.249297	  0.527762	
  0.898816	  0.005480	  0.085719	  0.009985	
  0.003372	  0.668907	  0.109469	  0.218251	
  0.178122	  0.123035	  0.455988	  0.242856	
  0.305077	  0.126541	  0.094686	  0.473696	
  0.502827	  0.177727	  0.146973	  0.172474	
  0.496385	  0.129976	  0.163588	  0.210051	

URL http://cisbp.ccbr.utoronto.ca/TFreport.php?searchTF=T023031_1.02

MOTIF M0334_1.02 (PABG_04201)_(Neurospora_crassa)_(DBD_0.59)

letter-probability matrix: alength= 4 w= 8 nsites= 1 E= 0
  0.115790	  0.106888	  0.483852	  0.293471	
  0.303746	  0.537105	  0.071250	  0.087899	
  0.128523	  0.032334	  0.037944	  0.801199	
  0.083192	  0.144194	  0.330682	  0.441932	
  0.921731	  0.000168	  0.035739	  0.042362	
  0.031981	  0.592974	  0.113881	  0.261164	
  0.229837	  0.193905	  0.319696	  0.256562	
  0.236428	  0.220444	  0.227158	  0.315969	

URL http://cisbp.ccbr.utoronto.ca/TFreport.php?searchTF=T023029_1.02

MOTIF M0341_1.02 (PABG_04174)_(Schizosaccharomyces_pombe)_(DBD_0.69)

letter-probability matrix: alength= 4 w= 10 nsites= 1 E= 0
  0.570600	  0.126453	  0.170367	  0.132581	
  0.195785	  0.086320	  0.008371	  0.709524	
  0.193607	  0.163160	  0.313589	  0.329644	
  0.494817	  0.042071	  0.276108	  0.187005	
  0.071217	  0.695225	  0.054727	  0.178831	
  0.178831	  0.054727	  0.695225	  0.071217	
  0.187005	  0.276108	  0.042071	  0.494817	
  0.329644	  0.313589	  0.163160	  0.193607	
  0.709524	  0.008371	  0.086320	  0.195785	
  0.132581	  0.170367	  0.126453	  0.570600	

URL http://cisbp.ccbr.utoronto.ca/TFreport.php?searchTF=T023028_1.02

MOTIF M0467_1.02 (PABG_02440)_(Neurospora_crassa)_(DBD_0.82)

letter-probability matrix: alength= 4 w= 8 nsites= 1 E= 0
  0.200133	  0.133644	  0.599069	  0.067154	
  0.000370	  0.000370	  0.998891	  0.000370	
  0.000370	  0.000370	  0.037352	  0.961908	
  0.000370	  0.000370	  0.998891	  0.000370	
  0.000370	  0.000370	  0.998891	  0.000370	
  0.000370	  0.998891	  0.000370	  0.000370	
  0.185281	  0.037352	  0.776997	  0.000370	
  0.578256	  0.158088	  0.105567	  0.158088	

URL http://cisbp.ccbr.utoronto.ca/TFreport.php?searchTF=T034346_1.02

MOTIF M0469_1.02 (PABG_02723)_(Neurospora_crassa)_(DBD_0.85)

letter-probability matrix: alength= 4 w= 10 nsites= 1 E= 0
  0.135111	  0.173485	  0.132435	  0.558969	
  0.036396	  0.008797	  0.948091	  0.006716	
  0.090702	  0.038382	  0.076522	  0.794394	
  0.000618	  0.001681	  0.991595	  0.006106	
  0.003099	  0.000230	  0.993412	  0.003258	
  0.008631	  0.977890	  0.002171	  0.011307	
  0.083917	  0.020902	  0.487765	  0.407416	
  0.128276	  0.306184	  0.274290	  0.291251	
  0.384309	  0.167578	  0.230776	  0.217337	
  0.242545	  0.177894	  0.351141	  0.228420	

URL http://cisbp.ccbr.utoronto.ca/TFreport.php?searchTF=T034350_1.02

MOTIF M0473_1.02 (PABG_03071)_(Neurospora_crassa)_(DBD_0.90)

letter-probability matrix: alength= 4 w= 10 nsites= 1 E= 0
  0.289992	  0.212694	  0.304860	  0.192453	
  0.226165	  0.376631	  0.131797	  0.265407	
  0.199332	  0.017725	  0.681959	  0.100985	
  0.075701	  0.801743	  0.000218	  0.122338	
  0.645987	  0.007697	  0.129125	  0.217192	
  0.158375	  0.581123	  0.012121	  0.248381	
  0.244520	  0.088173	  0.432376	  0.234932	
  0.170600	  0.075893	  0.538789	  0.214718	
  0.377946	  0.137655	  0.240989	  0.243411	
  0.151477	  0.459636	  0.144089	  0.244798	

URL http://cisbp.ccbr.utoronto.ca/TFreport.php?searchTF=T034352_1.02

MOTIF M0478_1.02 (PABG_00768)_(Neurospora_crassa)_(DBD_0.74)

letter-probability matrix: alength= 4 w= 8 nsites= 1 E= 0
  0.242991	  0.344820	  0.200943	  0.211246	
  0.195557	  0.000022	  0.703347	  0.101074	
  0.021540	  0.372380	  0.061554	  0.544526	
  0.000061	  0.000001	  0.999903	  0.000035	
  0.004818	  0.000871	  0.918184	  0.076127	
  0.061126	  0.018046	  0.856568	  0.064260	
  0.189179	  0.100755	  0.524632	  0.185433	
  0.232300	  0.138107	  0.375415	  0.254177	

URL http://cisbp.ccbr.utoronto.ca/TFreport.php?searchTF=T034340_1.02

MOTIF M0481_1.02 (PABG_06181)_(Neurospora_crassa)_(DBD_0.81)

letter-probability matrix: alength= 4 w= 10 nsites= 1 E= 0
  0.414477	  0.104274	  0.295013	  0.186237	
  0.082034	  0.149476	  0.131254	  0.637235	
  0.000453	  0.000134	  0.999386	  0.000028	
  0.320894	  0.627103	  0.051993	  0.000010	
  0.000001	  0.000716	  0.998236	  0.001047	
  0.000006	  0.000761	  0.999233	  0.000000	
  0.002353	  0.987809	  0.000008	  0.009830	
  0.026346	  0.003226	  0.196628	  0.773800	
  0.160037	  0.593124	  0.166568	  0.080271	
  0.572905	  0.134386	  0.142696	  0.150013	

URL http://cisbp.ccbr.utoronto.ca/TFreport.php?searchTF=T034363_1.02

MOTIF M0482_1.02 (PABG_02654)_(Neurospora_crassa)_(DBD_0.98)

letter-probability matrix: alength= 4 w= 10 nsites= 1 E= 0
  0.269622	  0.207893	  0.295014	  0.227471	
  0.221481	  0.230520	  0.308073	  0.239927	
  0.001518	  0.000218	  0.979590	  0.018674	
  0.174199	  0.441510	  0.029970	  0.354320	
  0.000399	  0.000217	  0.964849	  0.034535	
  0.001007	  0.065798	  0.885891	  0.047304	
  0.010090	  0.042164	  0.899247	  0.048500	
  0.083781	  0.065904	  0.733778	  0.116537	
  0.158734	  0.261708	  0.229805	  0.349754	
  0.323602	  0.206338	  0.239730	  0.230330	

URL http://cisbp.ccbr.utoronto.ca/TFreport.php?searchTF=T034349_1.02

MOTIF M0484_1.02 (PABG_07760)_(Neurospora_crassa)_(DBD_0.78)

letter-probability matrix: alength= 4 w= 9 nsites= 1 E= 0
  0.263824	  0.057701	  0.599012	  0.079462	
  0.306847	  0.094288	  0.136503	  0.462362	
  0.003417	  0.000402	  0.811461	  0.184719	
  0.000117	  0.000000	  0.999883	  0.000000	
  0.000079	  0.986535	  0.000000	  0.013386	
  0.095950	  0.004322	  0.443116	  0.456611	
  0.156563	  0.315279	  0.296918	  0.231240	
  0.534596	  0.081574	  0.087489	  0.296341	
  0.157278	  0.059028	  0.644202	  0.139493	

URL http://cisbp.ccbr.utoronto.ca/TFreport.php?searchTF=T034369_1.02

MOTIF M0792_1.02 (PABG_04266)_(Neurospora_crassa)_(DBD_0.97)

letter-probability matrix: alength= 4 w= 8 nsites= 1 E= 0
  0.246114	  0.263959	  0.251086	  0.238840	
  0.289615	  0.264688	  0.175661	  0.270036	
  0.101067	  0.108395	  0.696303	  0.094234	
  0.794489	  0.034733	  0.044598	  0.126179	
  0.025614	  0.062373	  0.046671	  0.865343	
  0.449630	  0.160521	  0.097361	  0.292488	
  0.295846	  0.232721	  0.265029	  0.206405	
  0.224078	  0.276441	  0.282025	  0.217456	

URL http://cisbp.ccbr.utoronto.ca/TFreport.php?searchTF=T084031_1.02

MOTIF M0865_1.02 (PABG_03356)_(Aspergillus_nidulans)_(DBD_0.89)

letter-probability matrix: alength= 4 w= 10 nsites= 1 E= 0
  0.376511	  0.151555	  0.198531	  0.273403	
  0.336602	  0.182893	  0.210377	  0.270129	
  0.125916	  0.319135	  0.149249	  0.405700	
  0.209623	  0.500351	  0.060662	  0.229364	
  0.609751	  0.078496	  0.148867	  0.162886	
  0.813390	  0.028537	  0.057467	  0.100606	
  0.025393	  0.042286	  0.012237	  0.920084	
  0.688924	  0.058858	  0.103041	  0.149177	
  0.409171	  0.116063	  0.108216	  0.366549	
  0.394100	  0.153946	  0.132503	  0.319451	

URL http://cisbp.ccbr.utoronto.ca/TFreport.php?searchTF=T089439_1.02

MOTIF M1114_1.02 (PABG_03432)_(Neurospora_crassa)_(DBD_0.95)

letter-probability matrix: alength= 4 w= 8 nsites= 1 E= 0
  0.209810	  0.248689	  0.243765	  0.297735	
  0.169404	  0.268348	  0.296570	  0.265678	
  0.128561	  0.266774	  0.173539	  0.431126	
  0.418284	  0.236550	  0.131126	  0.214040	
  0.620568	  0.129106	  0.226022	  0.024304	
  0.203970	  0.136725	  0.099283	  0.560021	
  0.279320	  0.235653	  0.176330	  0.308697	
  0.292088	  0.158706	  0.150966	  0.398240	

URL http://cisbp.ccbr.utoronto.ca/TFreport.php?searchTF=T089440_1.02

MOTIF M1214_1.02 (PABG_02746)_(Phaeosphaeria_nodorum)_(DBD_0.88)

letter-probability matrix: alength= 4 w= 9 nsites= 1 E= 0
  0.183057	  0.192443	  0.244642	  0.379858	
  0.089850	  0.307399	  0.064596	  0.538155	
  0.688220	  0.122011	  0.079369	  0.110400	
  0.818578	  0.107508	  0.072789	  0.001125	
  0.000245	  0.070414	  0.000078	  0.929263	
  0.397696	  0.161691	  0.077145	  0.363467	
  0.315946	  0.109461	  0.074111	  0.500481	
  0.450724	  0.183251	  0.232957	  0.133067	
  0.247417	  0.223872	  0.204604	  0.324107	

URL http://cisbp.ccbr.utoronto.ca/TFreport.php?searchTF=T089438_1.02

MOTIF M1248_1.02 (PABG_00020)_(Aspergillus_nidulans)_(DBD_0.97)

letter-probability matrix: alength= 4 w= 10 nsites= 1 E= 0
  0.354631	  0.215094	  0.219440	  0.210835	
  0.330282	  0.212714	  0.202340	  0.254665	
  0.214610	  0.210361	  0.307608	  0.267421	
  0.286586	  0.236995	  0.241782	  0.234637	
  0.124300	  0.022037	  0.071001	  0.782662	
  0.089295	  0.000287	  0.037410	  0.873008	
  0.077635	  0.814050	  0.043468	  0.064846	
  0.032211	  0.433685	  0.153288	  0.380816	
  0.614435	  0.084835	  0.185064	  0.115666	
  0.161120	  0.302520	  0.140071	  0.396290	

URL http://cisbp.ccbr.utoronto.ca/TFreport.php?searchTF=T105555_1.02

MOTIF M1297_1.02 (PABG_06502)_(Dictyostelium_discoideum)_(DBD_0.88)

letter-probability matrix: alength= 4 w= 10 nsites= 1 E= 0
  0.233777	  0.598464	  0.083460	  0.084299	
  0.030948	  0.562453	  0.044359	  0.362240	
  0.506429	  0.042836	  0.155615	  0.295120	
  0.524310	  0.062308	  0.043907	  0.369475	
  0.657133	  0.044163	  0.042009	  0.256695	
  0.290800	  0.112464	  0.066862	  0.529873	
  0.281986	  0.340992	  0.131875	  0.245147	
  0.228299	  0.247314	  0.296088	  0.228299	
  0.301159	  0.033037	  0.594451	  0.071353	
  0.207356	  0.056511	  0.520315	  0.215818	

URL http://cisbp.ccbr.utoronto.ca/TFreport.php?searchTF=T110976_1.02

MOTIF M1705_1.02 (PABG_00345)_(Botrytis_cinerea)_(DBD_0.85)

letter-probability matrix: alength= 4 w= 8 nsites= 1 E= 0
  0.191567	  0.356109	  0.215991	  0.236332	
  0.161870	  0.286230	  0.205777	  0.346123	
  0.002701	  0.957000	  0.039009	  0.001289	
  0.000422	  0.999438	  0.000104	  0.000036	
  0.013375	  0.000158	  0.985709	  0.000758	
  0.338398	  0.185716	  0.255755	  0.220131	
  0.254124	  0.218727	  0.278056	  0.249092	
  0.253865	  0.258993	  0.264225	  0.222917	

URL http://cisbp.ccbr.utoronto.ca/TFreport.php?searchTF=T158373_1.02

MOTIF M1708_1.02 (PABG_03262)_(Histoplasma_capsulatum)_(DBD_0.95)

letter-probability matrix: alength= 4 w= 12 nsites= 1 E= 0
  0.224602	  0.224602	  0.224602	  0.326193	
  0.287592	  0.305197	  0.203606	  0.203606	
  0.069397	  0.609890	  0.170988	  0.149726	
  0.044332	  0.398536	  0.145923	  0.411208	
  0.000092	  0.999724	  0.000092	  0.000092	
  0.000092	  0.999724	  0.000092	  0.000092	
  0.000092	  0.000092	  0.999724	  0.000092	
  0.907595	  0.000092	  0.092221	  0.000092	
  0.117619	  0.097900	  0.025490	  0.758992	
  0.046486	  0.575977	  0.138615	  0.238921	
  0.180695	  0.180695	  0.457914	  0.180695	
  0.205760	  0.205760	  0.382721	  0.205760	

URL http://cisbp.ccbr.utoronto.ca/TFreport.php?searchTF=T158399_1.02

MOTIF M1709_1.02 (PABG_06482)_(Histoplasma_capsulatum)_(DBD_1.00)

letter-probability matrix: alength= 4 w= 10 nsites= 1 E= 0
  0.210977	  0.265536	  0.252586	  0.270900	
  0.223875	  0.237718	  0.223875	  0.314532	
  0.351108	  0.077563	  0.183294	  0.388034	
  0.160399	  0.356975	  0.210117	  0.272508	
  0.001886	  0.996570	  0.000001	  0.001544	
  0.000100	  0.999832	  0.000051	  0.000017	
  0.018155	  0.000186	  0.981346	  0.000313	
  0.205945	  0.342958	  0.170308	  0.280790	
  0.272412	  0.232134	  0.246488	  0.248966	
  0.269485	  0.264149	  0.239012	  0.227355	

URL http://cisbp.ccbr.utoronto.ca/TFreport.php?searchTF=T158425_1.02

MOTIF M1712_1.02 (PABG_02017)_(Aspergillus_nidulans)_(DBD_0.93)

letter-probability matrix: alength= 4 w= 10 nsites= 1 E= 0
  0.284823	  0.260309	  0.204766	  0.250102	
  0.251404	  0.203784	  0.225216	  0.319597	
  0.186785	  0.221397	  0.200328	  0.391489	
  0.418903	  0.085425	  0.142258	  0.353414	
  0.275129	  0.225257	  0.336044	  0.163570	
  0.012550	  0.943597	  0.043803	  0.000050	
  0.000247	  0.982741	  0.016951	  0.000061	
  0.055640	  0.034775	  0.861695	  0.047890	
  0.426040	  0.183926	  0.226906	  0.163128	
  0.229449	  0.207614	  0.363464	  0.199473	

URL http://cisbp.ccbr.utoronto.ca/TFreport.php?searchTF=T158390_1.02

MOTIF M1720_1.02 (PABG_02664)_(Neurospora_crassa)_(DBD_0.82)

letter-probability matrix: alength= 4 w= 7 nsites= 1 E= 0
  0.203955	  0.184546	  0.423224	  0.188275	
  0.000292	  0.992488	  0.000533	  0.006687	
  0.090292	  0.000060	  0.909640	  0.000009	
  0.131709	  0.572835	  0.217152	  0.078304	
  0.243083	  0.240664	  0.255546	  0.260708	
  0.296444	  0.204764	  0.219611	  0.279181	
  0.290956	  0.217712	  0.235845	  0.255487	

URL http://cisbp.ccbr.utoronto.ca/TFreport.php?searchTF=T158394_1.02

MOTIF M1726_1.02 (PABG_07523)_(Neurospora_crassa)_(DBD_0.78)

letter-probability matrix: alength= 4 w= 10 nsites= 1 E= 0
  0.219060	  0.219060	  0.219060	  0.342819	
  0.043666	  0.148034	  0.043666	  0.764634	
  0.340157	  0.000122	  0.189712	  0.470010	
  0.592947	  0.189712	  0.217220	  0.000122	
  0.000122	  0.312616	  0.687140	  0.000122	
  0.000122	  0.999634	  0.000122	  0.000122	
  0.000122	  0.092567	  0.907189	  0.000122	
  0.000122	  0.907189	  0.092567	  0.000122	
  0.031062	  0.123507	  0.814370	  0.031062	
  0.206456	  0.291677	  0.295411	  0.206456	

URL http://cisbp.ccbr.utoronto.ca/TFreport.php?searchTF=T158430_1.02

MOTIF M1742_1.02 (PABG_00737)_(Neurospora_crassa)_(DBD_0.77)

letter-probability matrix: alength= 4 w= 9 nsites= 1 E= 0
  0.231793	  0.248599	  0.224942	  0.294666	
  0.053192	  0.187526	  0.155076	  0.604206	
  0.611409	  0.012500	  0.016212	  0.359878	
  0.580877	  0.133559	  0.215840	  0.069724	
  0.078072	  0.329516	  0.571135	  0.021277	
  0.006820	  0.992178	  0.000002	  0.001000	
  0.004370	  0.000385	  0.977344	  0.017901	
  0.789651	  0.055235	  0.111229	  0.043886	
  0.271328	  0.158116	  0.438486	  0.132070	

URL http://cisbp.ccbr.utoronto.ca/TFreport.php?searchTF=T158374_1.02

MOTIF M1745_1.02 (PABG_04198)_(Neurospora_crassa)_(DBD_0.79)

letter-probability matrix: alength= 4 w= 11 nsites= 1 E= 0
  0.267306	  0.384250	  0.174222	  0.174222	
  0.470233	  0.075473	  0.378822	  0.075473	
  0.023740	  0.023740	  0.023740	  0.928780	
  0.000136	  0.000136	  0.000136	  0.999593	
  0.000136	  0.999593	  0.000136	  0.000136	
  0.000136	  0.999593	  0.000136	  0.000136	
  0.000136	  0.000136	  0.999593	  0.000136	
  0.000136	  0.999593	  0.000136	  0.000136	
  0.258305	  0.075913	  0.589868	  0.075913	
  0.174663	  0.274628	  0.376046	  0.174663	
  0.320812	  0.226396	  0.226396	  0.226396	

URL http://cisbp.ccbr.utoronto.ca/TFreport.php?searchTF=T158404_1.02

MOTIF M1747_1.02 (PABG_02082)_(Neurospora_crassa)_(DBD_0.88)

letter-probability matrix: alength= 4 w= 11 nsites= 1 E= 0
  0.638147	  0.120618	  0.120618	  0.120618	
  0.653853	  0.047071	  0.047071	  0.252005	
  0.141783	  0.558929	  0.138039	  0.161249	
  0.000193	  0.000193	  0.000193	  0.999421	
  0.100582	  0.000193	  0.899032	  0.000193	
  0.000193	  0.999421	  0.000193	  0.000193	
  0.000193	  0.999421	  0.000193	  0.000193	
  0.000193	  0.000193	  0.999421	  0.000193	
  0.328086	  0.129575	  0.412763	  0.129575	
  0.296955	  0.296800	  0.203122	  0.203122	
  0.203122	  0.203122	  0.296800	  0.296955	

URL http://cisbp.ccbr.utoronto.ca/TFreport.php?searchTF=T158391_1.02

MOTIF M1749_1.02 (PABG_04235)_(Neurospora_crassa)_(DBD_0.97)

letter-probability matrix: alength= 4 w= 10 nsites= 1 E= 0
  0.193905	  0.256562	  0.229837	  0.319696	
  0.262957	  0.217455	  0.185303	  0.334284	
  0.188628	  0.270367	  0.242204	  0.298801	
  0.286552	  0.163681	  0.239348	  0.310418	
  0.105380	  0.177253	  0.220870	  0.496496	
  0.038875	  0.944224	  0.005873	  0.011027	
  0.000025	  0.881416	  0.118100	  0.000459	
  0.027096	  0.000343	  0.972013	  0.000548	
  0.314822	  0.135912	  0.344471	  0.204795	
  0.342729	  0.152466	  0.286271	  0.218534	

URL http://cisbp.ccbr.utoronto.ca/TFreport.php?searchTF=T158405_1.02

MOTIF M1752_1.02 (PABG_02378)_(Neurospora_crassa)_(DBD_0.82)

letter-probability matrix: alength= 4 w= 10 nsites= 1 E= 0
  0.302482	  0.226183	  0.217606	  0.253729	
  0.234598	  0.218779	  0.142865	  0.403758	
  0.284671	  0.186005	  0.267808	  0.261516	
  0.140444	  0.458502	  0.099232	  0.301821	
  0.071558	  0.653334	  0.152056	  0.123053	
  0.123053	  0.152056	  0.653334	  0.071558	
  0.301821	  0.099232	  0.458502	  0.140444	
  0.261516	  0.267808	  0.186005	  0.284671	
  0.403758	  0.142865	  0.218779	  0.234598	
  0.253729	  0.217606	  0.226183	  0.302482	

URL http://cisbp.ccbr.utoronto.ca/TFreport.php?searchTF=T158392_1.02

MOTIF M1761_1.02 (PABG_04832)_(Neurospora_crassa)_(DBD_0.76)

letter-probability matrix: alength= 4 w= 9 nsites= 1 E= 0
  0.292845	  0.198273	  0.143975	  0.364907	
  0.055039	  0.102313	  0.071381	  0.771267	
  0.705525	  0.008406	  0.046476	  0.239593	
  0.243123	  0.209258	  0.475120	  0.072499	
  0.043224	  0.739809	  0.193716	  0.023252	
  0.000616	  0.968673	  0.007000	  0.023711	
  0.000201	  0.000356	  0.998705	  0.000738	
  0.624525	  0.087094	  0.239126	  0.049254	
  0.212387	  0.160519	  0.477427	  0.149667	

URL http://cisbp.ccbr.utoronto.ca/TFreport.php?searchTF=T158410_1.02

MOTIF M1877_1.02 (PABG_03950)_(Pisum_sativum)_(DBD_0.52)

letter-probability matrix: alength= 4 w= 16 nsites= 1 E= 0
  0.214286	  0.357143	  0.285714	  0.142857	
  0.500000	  0.000000	  0.214286	  0.285714	
  0.642857	  0.071429	  0.071429	  0.214286	
  0.214286	  0.428571	  0.285714	  0.071429	
  0.785714	  0.000000	  0.214286	  0.000000	
  0.785714	  0.000000	  0.142857	  0.071429	
  0.785714	  0.000000	  0.142857	  0.071429	
  0.214286	  0.214286	  0.142857	  0.428571	
  0.285714	  0.071429	  0.571429	  0.071429	
  0.214286	  0.285714	  0.428571	  0.071429	
  0.571429	  0.357143	  0.071429	  0.000000	
  0.571429	  0.071429	  0.285714	  0.071429	
  0.642857	  0.000000	  0.142857	  0.214286	
  0.642857	  0.357143	  0.000000	  0.000000	
  0.785714	  0.000000	  0.214286	  0.000000	
  0.142857	  0.500000	  0.000000	  0.357143	

URL http://cisbp.ccbr.utoronto.ca/TFreport.php?searchTF=T008569_1.02

MOTIF M4265_1.02 (PABG_00715)_(Saccharomyces_cerevisiae)_(DBD_0.72)

letter-probability matrix: alength= 4 w= 9 nsites= 1 E= 0
  0.336788	  0.051813	  0.290155	  0.321244	
  0.751296	  0.036269	  0.000000	  0.212435	
  0.316062	  0.082902	  0.000000	  0.601036	
  1.000000	  0.000000	  0.000000	  0.000000	
  0.000000	  0.000000	  1.000000	  0.000000	
  0.000000	  0.000000	  1.000000	  0.000000	
  0.088083	  0.000000	  0.911917	  0.000000	
  0.020725	  0.005181	  0.974094	  0.000000	
  0.129534	  0.233161	  0.290155	  0.347150	

URL http://cisbp.ccbr.utoronto.ca/TFreport.php?searchTF=T034339_1.02

MOTIF M4266_1.02 (PABG_02181)_(Saccharomyces_cerevisiae)_(DBD_0.92)

letter-probability matrix: alength= 4 w= 21 nsites= 1 E= 0
  0.277896	  0.250994	  0.386874	  0.084236	
  0.337701	  0.191203	  0.147499	  0.323596	
  0.253161	  0.345476	  0.088062	  0.313301	
  0.160289	  0.200315	  0.154575	  0.484821	
  0.545495	  0.139664	  0.154641	  0.160199	
  0.115326	  0.098646	  0.701617	  0.084410	
  0.287085	  0.198825	  0.266325	  0.247765	
  0.332186	  0.110816	  0.027332	  0.529666	
  0.907072	  0.007916	  0.025927	  0.059085	
  0.012689	  0.007855	  0.023849	  0.955608	
  0.981186	  0.002417	  0.004390	  0.012006	
  0.038291	  0.001865	  0.005177	  0.954667	
  0.970929	  0.002253	  0.006019	  0.020798	
  0.044741	  0.004462	  0.003313	  0.947483	
  0.883835	  0.010075	  0.024913	  0.081177	
  0.186324	  0.062165	  0.094376	  0.657135	
  0.264806	  0.122748	  0.129197	  0.483248	
  0.137280	  0.380802	  0.369687	  0.112231	
  0.266096	  0.228247	  0.383999	  0.121658	
  0.350006	  0.176397	  0.172576	  0.301021	
  0.248908	  0.193837	  0.270884	  0.286371	

URL http://cisbp.ccbr.utoronto.ca/TFreport.php?searchTF=T150412_1.02

MOTIF M4320_1.02 (PABG_05322)_(Saccharomyces_cerevisiae)_(DBD_0.83)

letter-probability matrix: alength= 4 w= 6 nsites= 1 E= 0
  0.011904	  0.011904	  0.964289	  0.011904	
  0.964289	  0.011904	  0.011904	  0.011904	
  0.011904	  0.011904	  0.011904	  0.964289	
  0.964289	  0.011904	  0.011904	  0.011904	
  0.964289	  0.011904	  0.011904	  0.011904	
  0.011904	  0.011904	  0.964289	  0.011904	

URL http://cisbp.ccbr.utoronto.ca/TFreport.php?searchTF=T084033_1.02

MOTIF M4344_1.02 (PABG_06744)_(Saccharomyces_cerevisiae)_(DBD_0.44)

letter-probability matrix: alength= 4 w= 8 nsites= 1 E= 0
  0.115385	  0.269231	  0.423077	  0.192308	
  0.000000	  0.000000	  1.000000	  0.000000	
  0.000000	  0.000000	  0.000000	  1.000000	
  0.000000	  0.000000	  0.000000	  1.000000	
  0.307692	  0.000000	  0.692308	  0.000000	
  0.000000	  1.000000	  0.000000	  0.000000	
  0.019231	  0.480769	  0.019231	  0.480769	
  0.884615	  0.038462	  0.038462	  0.038462	

URL http://cisbp.ccbr.utoronto.ca/TFreport.php?searchTF=T138617_1.02

MOTIF M4405_1.02 (PABG_01574)_(Saccharomyces_cerevisiae)_(DBD_0.75)

letter-probability matrix: alength= 4 w= 10 nsites= 1 E= 0
  0.000000	  0.921569	  0.039216	  0.039216	
  0.000000	  0.039216	  0.000000	  0.960784	
  0.901961	  0.000000	  0.019608	  0.078431	
  0.420000	  0.000000	  0.000000	  0.580000	
  0.320000	  0.000000	  0.000000	  0.680000	
  0.400000	  0.000000	  0.000000	  0.600000	
  0.460000	  0.000000	  0.000000	  0.540000	
  0.000000	  0.019608	  0.000000	  0.980392	
  0.823529	  0.058824	  0.098039	  0.019608	
  0.196078	  0.137255	  0.529412	  0.137255	

URL http://cisbp.ccbr.utoronto.ca/TFreport.php?searchTF=T110975_1.02

