MEME version 4

ALPHABET= ACGT

strands: + -

Background letter frequencies (from uniform background):
A 0.25000 C 0.25000 G 0.25000 T 0.25000 

MOTIF M0359_1.02 estExt_Genewise1.C_2060077

letter-probability matrix: alength= 4 w= 12 nsites= 1 E= 0
  0.225796	  0.225796	  0.322612	  0.225796	
  0.278231	  0.305134	  0.208318	  0.208318	
  0.192260	  0.202200	  0.090785	  0.514756	
  0.046572	  0.360880	  0.470543	  0.122005	
  0.999801	  0.000066	  0.000066	  0.000066	
  0.000066	  0.999801	  0.000066	  0.000066	
  0.000066	  0.000066	  0.999801	  0.000066	
  0.000066	  0.000066	  0.000066	  0.999801	
  0.024270	  0.024270	  0.927189	  0.024270	
  0.041749	  0.041749	  0.529962	  0.386541	
  0.159282	  0.522155	  0.159282	  0.159282	
  0.389517	  0.203494	  0.203494	  0.203494	

URL http://cisbp.ccbr.utoronto.ca/TFreport.php?searchTF=T028328_1.02

MOTIF M0548_1.02 ZFA107

letter-probability matrix: alength= 4 w= 8 nsites= 1 E= 0
  0.119048	  0.119048	  0.309524	  0.452381	
  0.000000	  0.000000	  1.000000	  0.000000	
  0.984848	  0.015152	  0.000000	  0.000000	
  0.000000	  0.000000	  0.924242	  0.075758	
  0.000000	  0.000000	  1.000000	  0.000000	
  0.015152	  0.121212	  0.000000	  0.863636	
  0.241379	  0.000000	  0.396552	  0.362069	
  0.000000	  0.170732	  0.756098	  0.073171	

URL http://cisbp.ccbr.utoronto.ca/TFreport.php?searchTF=T061898_1.02

MOTIF M0549_1.02 ZFA10

letter-probability matrix: alength= 4 w= 8 nsites= 1 E= 0
  0.055556	  0.000000	  0.944444	  0.000000	
  0.269231	  0.384615	  0.230769	  0.115385	
  0.000000	  0.000000	  1.000000	  0.000000	
  0.000000	  0.000000	  1.000000	  0.000000	
  1.000000	  0.000000	  0.000000	  0.000000	
  0.066667	  0.000000	  0.933333	  0.000000	
  0.074074	  0.925926	  0.000000	  0.000000	
  0.000000	  0.000000	  1.000000	  0.000000	

URL http://cisbp.ccbr.utoronto.ca/TFreport.php?searchTF=T061899_1.02

MOTIF M0550_1.02 ZFA145

letter-probability matrix: alength= 4 w= 8 nsites= 1 E= 0
  0.047619	  0.357143	  0.130952	  0.464286	
  0.000000	  0.054054	  0.945946	  0.000000	
  0.009009	  0.000000	  0.990991	  0.000000	
  0.946429	  0.000000	  0.053571	  0.000000	
  0.878505	  0.000000	  0.046729	  0.074766	
  0.242424	  0.171717	  0.161616	  0.424242	
  0.170732	  0.000000	  0.804878	  0.024390	
  0.032787	  0.098361	  0.868852	  0.000000	

URL http://cisbp.ccbr.utoronto.ca/TFreport.php?searchTF=T061900_1.02

MOTIF M0551_1.02 ZFA152

letter-probability matrix: alength= 4 w= 8 nsites= 1 E= 0
  0.061404	  0.061404	  0.105263	  0.771930	
  0.000000	  0.000000	  1.000000	  0.000000	
  0.000000	  0.610063	  0.012579	  0.377358	
  0.000000	  0.000000	  0.981366	  0.018634	
  0.000000	  0.000000	  1.000000	  0.000000	
  0.000000	  0.088608	  0.000000	  0.911392	
  0.236220	  0.000000	  0.606299	  0.157480	
  0.116279	  0.337209	  0.418605	  0.127907	

URL http://cisbp.ccbr.utoronto.ca/TFreport.php?searchTF=T061901_1.02

MOTIF M0552_1.02 ZFA15

letter-probability matrix: alength= 4 w= 8 nsites= 1 E= 0
  0.109756	  0.109756	  0.743902	  0.036585	
  0.094340	  0.905660	  0.000000	  0.000000	
  0.727273	  0.049587	  0.057851	  0.165289	
  0.000000	  0.000000	  1.000000	  0.000000	
  0.016529	  0.950413	  0.024793	  0.008264	
  0.008264	  0.008264	  0.975207	  0.008264	
  0.009524	  0.057143	  0.857143	  0.076190	
  0.162162	  0.054054	  0.635135	  0.148649	

URL http://cisbp.ccbr.utoronto.ca/TFreport.php?searchTF=T061902_1.02

MOTIF M0553_1.02 ZFA160

letter-probability matrix: alength= 4 w= 9 nsites= 1 E= 0
  0.190476	  0.333333	  0.000000	  0.476190	
  0.000000	  0.314286	  0.028571	  0.657143	
  0.775000	  0.100000	  0.125000	  0.000000	
  0.000000	  0.023810	  0.000000	  0.976190	
  1.000000	  0.000000	  0.000000	  0.000000	
  0.000000	  0.000000	  1.000000	  0.000000	
  0.000000	  1.000000	  0.000000	  0.000000	
  0.405405	  0.000000	  0.594595	  0.000000	
  0.571429	  0.142857	  0.190476	  0.095238	

URL http://cisbp.ccbr.utoronto.ca/TFreport.php?searchTF=T061903_1.02

MOTIF M0554_1.02 ZFA169

letter-probability matrix: alength= 4 w= 8 nsites= 1 E= 0
  0.077778	  0.122222	  0.677778	  0.122222	
  0.120000	  0.032000	  0.160000	  0.688000	
  0.000000	  0.000000	  1.000000	  0.000000	
  0.013245	  0.596026	  0.039735	  0.350993	
  0.006623	  0.000000	  0.973510	  0.019868	
  0.006623	  0.000000	  0.986755	  0.006623	
  0.014286	  0.121429	  0.007143	  0.857143	
  0.271028	  0.018692	  0.542056	  0.168224	

URL http://cisbp.ccbr.utoronto.ca/TFreport.php?searchTF=T061904_1.02

MOTIF M0555_1.02 ZFA17

letter-probability matrix: alength= 4 w= 8 nsites= 1 E= 0
  0.111111	  0.000000	  0.888889	  0.000000	
  0.666667	  0.000000	  0.000000	  0.333333	
  0.000000	  0.000000	  1.000000	  0.000000	
  0.000000	  1.000000	  0.000000	  0.000000	
  0.000000	  0.000000	  1.000000	  0.000000	
  0.000000	  0.000000	  1.000000	  0.000000	
  0.083333	  0.000000	  0.916667	  0.000000	
  0.750000	  0.000000	  0.000000	  0.250000	

URL http://cisbp.ccbr.utoronto.ca/TFreport.php?searchTF=T061905_1.02

MOTIF M0556_1.02 ZFA188

letter-probability matrix: alength= 4 w= 8 nsites= 1 E= 0
  0.030769	  0.000000	  0.969231	  0.000000	
  0.732394	  0.000000	  0.267606	  0.000000	
  0.000000	  0.126761	  0.323944	  0.549296	
  0.028169	  0.112676	  0.056338	  0.802817	
  0.943662	  0.042254	  0.014085	  0.000000	
  0.704225	  0.295775	  0.000000	  0.000000	
  0.000000	  0.125000	  0.703125	  0.171875	
  0.047619	  0.666667	  0.000000	  0.285714	

URL http://cisbp.ccbr.utoronto.ca/TFreport.php?searchTF=T061906_1.02

MOTIF M0557_1.02 ZFA1

letter-probability matrix: alength= 4 w= 8 nsites= 1 E= 0
  0.200000	  0.000000	  0.800000	  0.000000	
  0.200000	  0.000000	  0.800000	  0.000000	
  0.000000	  0.000000	  0.000000	  1.000000	
  0.000000	  0.000000	  1.000000	  0.000000	
  0.000000	  0.600000	  0.200000	  0.200000	
  0.200000	  0.000000	  0.000000	  0.800000	
  0.200000	  0.200000	  0.600000	  0.000000	
  0.000000	  1.000000	  0.000000	  0.000000	

URL http://cisbp.ccbr.utoronto.ca/TFreport.php?searchTF=T061907_1.02

MOTIF M0558_1.02 ZFA24

letter-probability matrix: alength= 4 w= 8 nsites= 1 E= 0
  0.154930	  0.028169	  0.774648	  0.042254	
  0.125000	  0.010417	  0.854167	  0.010417	
  0.869159	  0.028037	  0.056075	  0.046729	
  0.045455	  0.000000	  0.954545	  0.000000	
  0.863636	  0.000000	  0.136364	  0.000000	
  0.854545	  0.000000	  0.145455	  0.000000	
  0.030612	  0.020408	  0.857143	  0.091837	
  0.582278	  0.113924	  0.177215	  0.126582	

URL http://cisbp.ccbr.utoronto.ca/TFreport.php?searchTF=T061908_1.02

MOTIF M0559_1.02 ZFA2

letter-probability matrix: alength= 4 w= 8 nsites= 1 E= 0
  0.352941	  0.000000	  0.235294	  0.411765	
  0.000000	  0.000000	  1.000000	  0.000000	
  0.000000	  0.000000	  0.966667	  0.033333	
  0.000000	  0.033333	  0.966667	  0.000000	
  0.000000	  0.633333	  0.000000	  0.366667	
  0.000000	  0.000000	  0.000000	  1.000000	
  0.033333	  0.033333	  0.933333	  0.000000	
  0.000000	  0.600000	  0.000000	  0.400000	

URL http://cisbp.ccbr.utoronto.ca/TFreport.php?searchTF=T061909_1.02

MOTIF M0560_1.02 ZFA3

letter-probability matrix: alength= 4 w= 8 nsites= 1 E= 0
  0.000000	  1.000000	  0.000000	  0.000000	
  0.500000	  0.000000	  0.500000	  0.000000	
  0.000000	  0.000000	  0.000000	  1.000000	
  0.000000	  0.000000	  1.000000	  0.000000	
  0.000000	  1.000000	  0.000000	  0.000000	
  1.000000	  0.000000	  0.000000	  0.000000	
  0.000000	  0.000000	  1.000000	  0.000000	
  0.000000	  1.000000	  0.000000	  0.000000	

URL http://cisbp.ccbr.utoronto.ca/TFreport.php?searchTF=T061910_1.02

MOTIF M0561_1.02 ZFA41

letter-probability matrix: alength= 4 w= 8 nsites= 1 E= 0
  0.136986	  0.095890	  0.493151	  0.273973	
  0.000000	  0.000000	  1.000000	  0.000000	
  0.982609	  0.008696	  0.008696	  0.000000	
  0.043478	  0.008696	  0.026087	  0.921739	
  0.008696	  0.017391	  0.973913	  0.000000	
  0.017391	  0.539130	  0.000000	  0.443478	
  0.216495	  0.041237	  0.164948	  0.577320	
  0.070423	  0.830986	  0.042254	  0.056338	

URL http://cisbp.ccbr.utoronto.ca/TFreport.php?searchTF=T061911_1.02

MOTIF M0562_1.02 ZFA45

letter-probability matrix: alength= 4 w= 8 nsites= 1 E= 0
  0.916667	  0.031250	  0.041667	  0.010417	
  0.033613	  0.042017	  0.050420	  0.873950	
  0.574627	  0.126866	  0.298507	  0.000000	
  0.000000	  0.014493	  0.036232	  0.949275	
  0.985507	  0.007246	  0.007246	  0.000000	
  0.007246	  0.000000	  0.978261	  0.014493	
  0.580357	  0.357143	  0.000000	  0.062500	
  0.362500	  0.037500	  0.162500	  0.437500	

URL http://cisbp.ccbr.utoronto.ca/TFreport.php?searchTF=T061912_1.02

MOTIF M0563_1.02 ZFA4

letter-probability matrix: alength= 4 w= 8 nsites= 1 E= 0
  0.000000	  0.000000	  0.000000	  1.000000	
  1.000000	  0.000000	  0.000000	  0.000000	
  0.000000	  0.000000	  1.000000	  0.000000	
  0.000000	  0.000000	  1.000000	  0.000000	
  0.000000	  0.000000	  1.000000	  0.000000	
  0.333333	  0.000000	  0.000000	  0.666667	
  0.666667	  0.000000	  0.000000	  0.333333	
  0.000000	  0.500000	  0.500000	  0.000000	

URL http://cisbp.ccbr.utoronto.ca/TFreport.php?searchTF=T061913_1.02

MOTIF M0564_1.02 ZFA57

letter-probability matrix: alength= 4 w= 9 nsites= 1 E= 0
  1.000000	  0.000000	  0.000000	  0.000000	
  0.000000	  0.000000	  1.000000	  0.000000	
  1.000000	  0.000000	  0.000000	  0.000000	
  0.000000	  0.000000	  1.000000	  0.000000	
  0.000000	  0.000000	  1.000000	  0.000000	
  1.000000	  0.000000	  0.000000	  0.000000	
  0.000000	  1.000000	  0.000000	  0.000000	
  0.000000	  0.000000	  1.000000	  0.000000	
  0.000000	  0.000000	  0.000000	  1.000000	

URL http://cisbp.ccbr.utoronto.ca/TFreport.php?searchTF=T061914_1.02

MOTIF M0565_1.02 ZFA5

letter-probability matrix: alength= 4 w= 8 nsites= 1 E= 0
  0.181818	  0.000000	  0.818182	  0.000000	
  0.600000	  0.066667	  0.000000	  0.333333	
  0.000000	  0.000000	  1.000000	  0.000000	
  0.000000	  1.000000	  0.000000	  0.000000	
  0.000000	  0.000000	  1.000000	  0.000000	
  0.000000	  0.000000	  1.000000	  0.000000	
  0.071429	  0.000000	  0.928571	  0.000000	
  0.600000	  0.000000	  0.000000	  0.400000	

URL http://cisbp.ccbr.utoronto.ca/TFreport.php?searchTF=T061915_1.02

MOTIF M0566_1.02 ZFA61

letter-probability matrix: alength= 4 w= 8 nsites= 1 E= 0
  1.000000	  0.000000	  0.000000	  0.000000	
  0.000000	  0.000000	  0.000000	  1.000000	
  0.000000	  0.000000	  1.000000	  0.000000	
  1.000000	  0.000000	  0.000000	  0.000000	
  0.000000	  0.000000	  0.000000	  1.000000	
  0.000000	  1.000000	  0.000000	  0.000000	
  1.000000	  0.000000	  0.000000	  0.000000	
  0.000000	  0.000000	  0.000000	  1.000000	

URL http://cisbp.ccbr.utoronto.ca/TFreport.php?searchTF=T061916_1.02

MOTIF M0567_1.02 ZFA75

letter-probability matrix: alength= 4 w= 9 nsites= 1 E= 0
  0.350000	  0.150000	  0.350000	  0.150000	
  0.180328	  0.098361	  0.459016	  0.262295	
  0.000000	  0.000000	  1.000000	  0.000000	
  1.000000	  0.000000	  0.000000	  0.000000	
  0.000000	  0.000000	  0.000000	  1.000000	
  0.137500	  0.075000	  0.787500	  0.000000	
  0.000000	  1.000000	  0.000000	  0.000000	
  0.016129	  0.790323	  0.193548	  0.000000	
  0.250000	  0.075000	  0.525000	  0.150000	

URL http://cisbp.ccbr.utoronto.ca/TFreport.php?searchTF=T061917_1.02

MOTIF M0568_1.02 ZFA7

letter-probability matrix: alength= 4 w= 8 nsites= 1 E= 0
  0.179487	  0.141026	  0.461538	  0.217949	
  0.020000	  0.000000	  0.980000	  0.000000	
  0.029126	  0.000000	  0.970874	  0.000000	
  0.941748	  0.000000	  0.058252	  0.000000	
  0.009709	  0.000000	  0.990291	  0.000000	
  0.000000	  0.009804	  0.990196	  0.000000	
  0.092105	  0.131579	  0.736842	  0.039474	
  0.166667	  0.444444	  0.240741	  0.148148	

URL http://cisbp.ccbr.utoronto.ca/TFreport.php?searchTF=T061918_1.02

MOTIF M0569_1.02 ZFA8

letter-probability matrix: alength= 4 w= 8 nsites= 1 E= 0
  0.261364	  0.011364	  0.715909	  0.011364	
  0.166667	  0.092593	  0.388889	  0.351852	
  0.000000	  0.000000	  0.983740	  0.016260	
  0.926829	  0.056911	  0.016260	  0.000000	
  0.008130	  0.000000	  0.040650	  0.951220	
  0.016260	  0.008130	  0.975610	  0.000000	
  0.019417	  0.708738	  0.019417	  0.252427	
  0.558824	  0.014706	  0.308824	  0.117647	

URL http://cisbp.ccbr.utoronto.ca/TFreport.php?searchTF=T061919_1.02

MOTIF M0570_1.02 ZFA93

letter-probability matrix: alength= 4 w= 8 nsites= 1 E= 0
  0.058824	  0.058824	  0.882353	  0.000000	
  1.000000	  0.000000	  0.000000	  0.000000	
  0.692308	  0.000000	  0.038462	  0.269231	
  0.000000	  0.000000	  1.000000	  0.000000	
  0.000000	  1.000000	  0.000000	  0.000000	
  0.000000	  0.000000	  1.000000	  0.000000	
  0.000000	  0.000000	  1.000000	  0.000000	
  0.157895	  0.210526	  0.052632	  0.578947	

URL http://cisbp.ccbr.utoronto.ca/TFreport.php?searchTF=T061920_1.02

MOTIF M0617_1.02 ENSMGAG00000004157

letter-probability matrix: alength= 4 w= 10 nsites= 1 E= 0
  0.305657	  0.233332	  0.213250	  0.247761	
  0.290611	  0.226328	  0.240323	  0.242738	
  0.276155	  0.181447	  0.327328	  0.215070	
  0.182625	  0.241636	  0.207978	  0.367761	
  0.268989	  0.014220	  0.716709	  0.000082	
  0.334160	  0.442137	  0.219559	  0.004144	
  0.182394	  0.000115	  0.817433	  0.000058	
  0.088191	  0.181183	  0.383564	  0.347063	
  0.291871	  0.166719	  0.335732	  0.205678	
  0.313634	  0.212348	  0.283788	  0.190229	

URL http://cisbp.ccbr.utoronto.ca/TFreport.php?searchTF=T074838_1.02

MOTIF M1156_1.02 Hmx3

letter-probability matrix: alength= 4 w= 9 nsites= 1 E= 0
  0.229533	  0.205624	  0.178761	  0.386082	
  0.232227	  0.177278	  0.108605	  0.481890	
  0.566605	  0.046047	  0.204315	  0.183032	
  0.810061	  0.045473	  0.063251	  0.081216	
  0.166118	  0.100756	  0.263143	  0.469984	
  0.104664	  0.320779	  0.050945	  0.523612	
  0.189773	  0.077156	  0.599340	  0.133731	
  0.214583	  0.286774	  0.251815	  0.246829	
  0.193770	  0.289071	  0.197685	  0.319473	

URL http://cisbp.ccbr.utoronto.ca/TFreport.php?searchTF=T100346_1.02

MOTIF M1157_1.02 Hoxb9

letter-probability matrix: alength= 4 w= 10 nsites= 1 E= 0
  0.234744	  0.168763	  0.168763	  0.427731	
  0.142094	  0.094301	  0.107392	  0.656214	
  0.105763	  0.089229	  0.061633	  0.743375	
  0.354051	  0.070066	  0.052955	  0.522927	
  0.740176	  0.078798	  0.082838	  0.098188	
  0.045681	  0.268187	  0.089272	  0.596861	
  0.136557	  0.109589	  0.386348	  0.367506	
  0.383728	  0.090011	  0.368681	  0.157580	
  0.134133	  0.411098	  0.210362	  0.244406	
  0.204244	  0.333391	  0.186665	  0.275700	

URL http://cisbp.ccbr.utoronto.ca/TFreport.php?searchTF=T100347_1.02

MOTIF M1158_1.02 Hoxd12

letter-probability matrix: alength= 4 w= 10 nsites= 1 E= 0
  0.255374	  0.219803	  0.293750	  0.231072	
  0.271940	  0.238789	  0.367080	  0.122190	
  0.140484	  0.280085	  0.108320	  0.471111	
  0.327127	  0.380067	  0.152986	  0.139819	
  0.427202	  0.121177	  0.375124	  0.076497	
  0.136804	  0.112006	  0.073593	  0.677597	
  0.490305	  0.127107	  0.085202	  0.297385	
  0.673050	  0.086645	  0.077620	  0.162686	
  0.570495	  0.127295	  0.108473	  0.193737	
  0.344765	  0.211212	  0.178192	  0.265831	

URL http://cisbp.ccbr.utoronto.ca/TFreport.php?searchTF=T100348_1.02

MOTIF M1160_1.02 Lhx6

letter-probability matrix: alength= 4 w= 9 nsites= 1 E= 0
  0.186745	  0.298791	  0.301794	  0.212670	
  0.119079	  0.395357	  0.052973	  0.432590	
  0.711434	  0.154051	  0.063898	  0.070618	
  0.887619	  0.060252	  0.030832	  0.021297	
  0.021799	  0.032197	  0.000365	  0.945640	
  0.034731	  0.486686	  0.072069	  0.406515	
  0.801549	  0.044995	  0.049232	  0.104224	
  0.308721	  0.171132	  0.321320	  0.198827	
  0.202041	  0.283858	  0.267327	  0.246774	

URL http://cisbp.ccbr.utoronto.ca/TFreport.php?searchTF=T100352_1.02

MOTIF M1163_1.02 Nkx6-3

letter-probability matrix: alength= 4 w= 9 nsites= 1 E= 0
  0.287806	  0.198798	  0.247717	  0.265679	
  0.306685	  0.119800	  0.155372	  0.418143	
  0.132401	  0.166640	  0.077156	  0.623803	
  0.569683	  0.060044	  0.193462	  0.176811	
  0.836303	  0.006482	  0.067289	  0.089926	
  0.091438	  0.019023	  0.056017	  0.833522	
  0.170676	  0.136971	  0.304834	  0.387520	
  0.473486	  0.077488	  0.323799	  0.125226	
  0.169558	  0.321564	  0.305881	  0.202998	

URL http://cisbp.ccbr.utoronto.ca/TFreport.php?searchTF=T100355_1.02

MOTIF M1165_1.02 Obox5

letter-probability matrix: alength= 4 w= 8 nsites= 1 E= 0
  0.273211	  0.235155	  0.174207	  0.317426	
  0.192793	  0.135859	  0.056352	  0.614996	
  0.547524	  0.097067	  0.135018	  0.220391	
  0.681739	  0.127058	  0.043582	  0.147621	
  0.149687	  0.028178	  0.088107	  0.734028	
  0.183142	  0.584211	  0.095609	  0.137039	
  0.139842	  0.437253	  0.144101	  0.278805	
  0.235418	  0.305320	  0.226187	  0.233075	

URL http://cisbp.ccbr.utoronto.ca/TFreport.php?searchTF=T100357_1.02

MOTIF M1383_1.02 1800010213

letter-probability matrix: alength= 4 w= 8 nsites= 1 E= 0
  0.125208	  0.125208	  0.624376	  0.125208	
  0.000312	  0.874220	  0.125156	  0.000312	
  0.000270	  0.999190	  0.000270	  0.000270	
  0.000270	  0.000270	  0.999190	  0.000270	
  0.000270	  0.999190	  0.000270	  0.000270	
  0.000270	  0.000270	  0.999190	  0.000270	
  0.000303	  0.121368	  0.878027	  0.000303	
  0.083611	  0.042013	  0.790765	  0.083611	

URL http://cisbp.ccbr.utoronto.ca/TFreport.php?searchTF=T121629_1.02

MOTIF M1569_1.02 estExt_fgenesh1_pg.C_1940033

letter-probability matrix: alength= 4 w= 9 nsites= 1 E= 0
  0.230907	  0.189050	  0.235571	  0.344472	
  0.230760	  0.235421	  0.145675	  0.388144	
  0.024182	  0.008295	  0.958716	  0.008807	
  0.000866	  0.006087	  0.004510	  0.988537	
  0.983954	  0.015053	  0.000780	  0.000213	
  0.001305	  0.998110	  0.000005	  0.000580	
  0.059763	  0.064741	  0.750237	  0.125260	
  0.182225	  0.055994	  0.611089	  0.150693	
  0.294724	  0.269357	  0.119826	  0.316094	

URL http://cisbp.ccbr.utoronto.ca/TFreport.php?searchTF=T140997_1.02

