MEME version 4

ALPHABET= ACGT

strands: + -

Background letter frequencies (from uniform background):
A 0.25000 C 0.25000 G 0.25000 T 0.25000 

MOTIF M0175_1.02 (PHUM607610)_(Mus_musculus)_(DBD_0.68)

letter-probability matrix: alength= 4 w= 9 nsites= 1 E= 0
  0.237177	  0.246857	  0.223365	  0.292601	
  0.263053	  0.221929	  0.327785	  0.187233	
  0.059666	  0.787422	  0.047407	  0.105506	
  0.799512	  0.000774	  0.059383	  0.140331	
  0.018558	  0.805027	  0.000347	  0.176069	
  0.048592	  0.094015	  0.857013	  0.000380	
  0.032567	  0.226622	  0.003298	  0.737513	
  0.075226	  0.001633	  0.788785	  0.134356	
  0.183543	  0.327814	  0.217554	  0.271089	

URL http://cisbp.ccbr.utoronto.ca/TFreport.php?searchTF=T017999_1.02

MOTIF M0194_1.02 (PHUM507440)_(Mus_musculus)_(DBD_0.96)

letter-probability matrix: alength= 4 w= 10 nsites= 1 E= 0
  0.361199	  0.183013	  0.272775	  0.183013	
  0.138914	  0.651658	  0.134874	  0.074555	
  0.000046	  0.999862	  0.000046	  0.000046	
  0.999862	  0.000046	  0.000046	  0.000046	
  0.000046	  0.000046	  0.000046	  0.999862	
  0.999862	  0.000046	  0.000046	  0.000046	
  0.000046	  0.000046	  0.000046	  0.999862	
  0.000046	  0.000046	  0.999862	  0.000046	
  0.067033	  0.298563	  0.220536	  0.413869	
  0.175491	  0.236272	  0.175491	  0.412746	

URL http://cisbp.ccbr.utoronto.ca/TFreport.php?searchTF=T017990_1.02

MOTIF M0214_1.02 (PHUM294350)_(Mus_musculus)_(DBD_0.94)

letter-probability matrix: alength= 4 w= 9 nsites= 1 E= 0
  0.745050	  0.002475	  0.250000	  0.002475	
  0.747512	  0.250000	  0.001244	  0.001244	
  0.001244	  0.996269	  0.001244	  0.001244	
  0.996269	  0.001244	  0.001244	  0.001244	
  0.001244	  0.001244	  0.374378	  0.623134	
  0.623134	  0.374378	  0.001244	  0.001244	
  0.001244	  0.001244	  0.001244	  0.996269	
  0.001244	  0.001244	  0.996269	  0.001244	
  0.002475	  0.002475	  0.497525	  0.497525	

URL http://cisbp.ccbr.utoronto.ca/TFreport.php?searchTF=T017970_1.02

MOTIF M0217_1.02 (PHUM601720)_(Mus_musculus)_(DBD_0.77)

letter-probability matrix: alength= 4 w= 10 nsites= 1 E= 0
  0.424799	  0.113479	  0.235478	  0.226244	
  0.169637	  0.592091	  0.171342	  0.066931	
  0.271365	  0.687777	  0.026936	  0.013922	
  0.665113	  0.034812	  0.186785	  0.113291	
  0.001368	  0.064301	  0.143105	  0.791225	
  0.793894	  0.140745	  0.056090	  0.009272	
  0.075714	  0.150952	  0.010559	  0.762775	
  0.011683	  0.000903	  0.869711	  0.117703	
  0.038634	  0.150525	  0.421629	  0.389213	
  0.091763	  0.270213	  0.234912	  0.403111	

URL http://cisbp.ccbr.utoronto.ca/TFreport.php?searchTF=T017997_1.02

MOTIF M0221_1.02 (PHUM220200)_(Mus_musculus)_(DBD_0.85)

letter-probability matrix: alength= 4 w= 9 nsites= 1 E= 0
  0.188660	  0.365019	  0.265058	  0.181263	
  0.161107	  0.707733	  0.075344	  0.055816	
  0.553702	  0.064497	  0.272224	  0.109577	
  0.016383	  0.817513	  0.076422	  0.089682	
  0.280383	  0.069142	  0.649469	  0.001006	
  0.058979	  0.006216	  0.030483	  0.904321	
  0.000165	  0.000010	  0.999805	  0.000020	
  0.194467	  0.254745	  0.333707	  0.217080	
  0.178079	  0.273753	  0.233277	  0.314891	

URL http://cisbp.ccbr.utoronto.ca/TFreport.php?searchTF=T017963_1.02

MOTIF M0313_1.02 (PHUM228740)_(Mus_musculus)_(DBD_0.67)

letter-probability matrix: alength= 4 w= 10 nsites= 1 E= 0
  0.231876	  0.201583	  0.288935	  0.277606	
  0.445882	  0.170725	  0.317366	  0.066026	
  0.064153	  0.042152	  0.047053	  0.846642	
  0.027177	  0.055277	  0.142931	  0.774614	
  0.304859	  0.000145	  0.492675	  0.202320	
  0.087581	  0.673554	  0.077678	  0.161187	
  0.302455	  0.164339	  0.376882	  0.156324	
  0.234880	  0.313900	  0.134166	  0.317055	
  0.391736	  0.281628	  0.160869	  0.165768	
  0.466130	  0.183913	  0.171480	  0.178478	

URL http://cisbp.ccbr.utoronto.ca/TFreport.php?searchTF=T027744_1.02

MOTIF M0323_1.02 (PHUM286720)_(Caenorhabditis_elegans)_(DBD_0.61)

letter-probability matrix: alength= 4 w= 13 nsites= 1 E= 0
  0.230644	  0.230644	  0.230644	  0.308069	
  0.230644	  0.230644	  0.308069	  0.230644	
  0.195361	  0.042431	  0.042431	  0.719777	
  0.105121	  0.022865	  0.128036	  0.743978	
  0.853680	  0.022865	  0.100590	  0.022865	
  0.000176	  0.673192	  0.000176	  0.326456	
  0.236202	  0.000176	  0.687605	  0.076018	
  0.076018	  0.420964	  0.077601	  0.425417	
  0.790056	  0.095374	  0.019532	  0.095037	
  0.780883	  0.097796	  0.019532	  0.101789	
  0.376765	  0.207745	  0.207745	  0.207745	
  0.227311	  0.227311	  0.227311	  0.318067	
  0.318067	  0.227311	  0.227311	  0.227311	

URL http://cisbp.ccbr.utoronto.ca/TFreport.php?searchTF=T027748_1.02

MOTIF M0412_1.02 (PHUM303860)_(Mus_musculus)_(DBD_0.86)

letter-probability matrix: alength= 4 w= 10 nsites= 1 E= 0
  0.211653	  0.604832	  0.125832	  0.057682	
  0.314154	  0.183072	  0.267704	  0.235070	
  0.058970	  0.740279	  0.079601	  0.121150	
  0.397146	  0.274322	  0.144648	  0.183884	
  0.284528	  0.162525	  0.493158	  0.059790	
  0.028073	  0.552700	  0.203327	  0.215900	
  0.398045	  0.024205	  0.457861	  0.119889	
  0.071035	  0.034924	  0.641094	  0.252946	
  0.023960	  0.006530	  0.894594	  0.074916	
  0.274248	  0.166340	  0.352141	  0.207272	

URL http://cisbp.ccbr.utoronto.ca/TFreport.php?searchTF=T061054_1.02

MOTIF M0443_1.02 (PHUM236000)_(Mus_musculus)_(DBD_0.85)

letter-probability matrix: alength= 4 w= 10 nsites= 1 E= 0
  0.260102	  0.124098	  0.223872	  0.391927	
  0.187213	  0.000148	  0.790168	  0.022471	
  0.000002	  0.000005	  0.999931	  0.000063	
  0.000374	  0.000026	  0.999566	  0.000034	
  0.076094	  0.621399	  0.000039	  0.302468	
  0.000325	  0.000031	  0.997699	  0.001945	
  0.060231	  0.086331	  0.346604	  0.506834	
  0.189328	  0.102872	  0.514647	  0.193153	
  0.167870	  0.130737	  0.470215	  0.231178	
  0.172456	  0.411638	  0.156045	  0.259860	

URL http://cisbp.ccbr.utoronto.ca/TFreport.php?searchTF=T061029_1.02

MOTIF M0493_1.02 (PHUM247910)_(Caenorhabditis_elegans)_(DBD_0.85)

letter-probability matrix: alength= 4 w= 8 nsites= 1 E= 0
  0.242861	  0.157196	  0.428469	  0.171473	
  0.777565	  0.090973	  0.030392	  0.101070	
  0.838146	  0.060683	  0.020295	  0.080876	
  0.989600	  0.000101	  0.000101	  0.010198	
  0.989600	  0.000101	  0.000101	  0.010198	
  0.918922	  0.030392	  0.010198	  0.040489	
  0.718555	  0.156289	  0.083403	  0.041753	
  0.569619	  0.127964	  0.104719	  0.197699	

URL http://cisbp.ccbr.utoronto.ca/TFreport.php?searchTF=T061037_1.02

MOTIF M0585_1.02 (PHUM322020)_(Bombyx_mori)_(DBD_0.90)

letter-probability matrix: alength= 4 w= 8 nsites= 1 E= 0
  0.323441	  0.204183	  0.227925	  0.244451	
  0.124915	  0.390580	  0.177263	  0.307242	
  0.183240	  0.469092	  0.121608	  0.226060	
  0.416853	  0.062348	  0.421042	  0.099757	
  0.885618	  0.004935	  0.057185	  0.052263	
  0.095238	  0.001659	  0.017398	  0.885704	
  0.230967	  0.597213	  0.047573	  0.124247	
  0.438839	  0.136201	  0.263521	  0.161440	

URL http://cisbp.ccbr.utoronto.ca/TFreport.php?searchTF=T073359_1.02

MOTIF M0641_1.02 (PHUM159230)_(Drosophila_melanogaster)_(DBD_1.00)

letter-probability matrix: alength= 4 w= 10 nsites= 1 E= 0
  0.264213	  0.114063	  0.073461	  0.548263	
  0.146979	  0.076730	  0.639248	  0.137043	
  0.091624	  0.122448	  0.030195	  0.755733	
  0.530776	  0.071833	  0.106096	  0.291296	
  0.340580	  0.064758	  0.186914	  0.407748	
  0.130860	  0.648156	  0.077799	  0.143184	
  0.378005	  0.205389	  0.180351	  0.236254	
  0.412383	  0.112387	  0.172768	  0.302461	
  0.281282	  0.131546	  0.159072	  0.428100	
  0.236410	  0.182284	  0.128453	  0.452853	

URL http://cisbp.ccbr.utoronto.ca/TFreport.php?searchTF=T075333_1.02

MOTIF M0710_1.02 (PHUM359110)_(Mus_musculus)_(DBD_0.92)

letter-probability matrix: alength= 4 w= 10 nsites= 1 E= 0
  0.273969	  0.224307	  0.302782	  0.198942	
  0.487672	  0.100448	  0.244604	  0.167276	
  0.092545	  0.704648	  0.163645	  0.039162	
  0.101165	  0.886031	  0.012143	  0.000661	
  0.000629	  0.000385	  0.998745	  0.000241	
  0.003523	  0.004524	  0.991646	  0.000307	
  0.973452	  0.007177	  0.011033	  0.008338	
  0.692543	  0.034137	  0.018548	  0.254772	
  0.273496	  0.101625	  0.596624	  0.028255	
  0.097991	  0.269045	  0.080229	  0.552735	

URL http://cisbp.ccbr.utoronto.ca/TFreport.php?searchTF=T078908_1.02

MOTIF M0718_1.02 (PHUM328000)_(Homo_sapiens)_(DBD_0.89)

letter-probability matrix: alength= 4 w= 10 nsites= 1 E= 0
  0.364427	  0.172143	  0.259388	  0.204042	
  0.192073	  0.241743	  0.201921	  0.364263	
  0.281319	  0.128958	  0.507496	  0.082227	
  0.241794	  0.114216	  0.116523	  0.527467	
  0.557937	  0.300139	  0.050615	  0.091309	
  0.662656	  0.166710	  0.045890	  0.124743	
  0.823562	  0.052649	  0.065604	  0.058186	
  0.058280	  0.682155	  0.018454	  0.241111	
  0.764554	  0.054017	  0.078988	  0.102442	
  0.403726	  0.208666	  0.159291	  0.228317	

URL http://cisbp.ccbr.utoronto.ca/TFreport.php?searchTF=T082911_1.02

MOTIF M0719_1.02 (PHUM532250)_(Homo_sapiens)_(DBD_0.98)

letter-probability matrix: alength= 4 w= 8 nsites= 1 E= 0
  0.374378	  0.001244	  0.623134	  0.001244	
  0.001106	  0.001106	  0.001106	  0.996681	
  0.996681	  0.001106	  0.001106	  0.001106	
  0.996681	  0.001106	  0.001106	  0.001106	
  0.996681	  0.001106	  0.001106	  0.001106	
  0.001106	  0.996681	  0.001106	  0.001106	
  0.996681	  0.001106	  0.001106	  0.001106	
  0.498344	  0.167219	  0.001656	  0.332781	

URL http://cisbp.ccbr.utoronto.ca/TFreport.php?searchTF=T082916_1.02

MOTIF M0728_1.02 (PHUM083480)_(Mus_musculus)_(DBD_0.60)

letter-probability matrix: alength= 4 w= 12 nsites= 1 E= 0
  0.394926	  0.201691	  0.201691	  0.201691	
  0.357836	  0.147163	  0.347838	  0.147163	
  0.159006	  0.172368	  0.068783	  0.599842	
  0.841382	  0.113021	  0.022798	  0.022798	
  0.999531	  0.000156	  0.000156	  0.000156	
  0.999531	  0.000156	  0.000156	  0.000156	
  0.000156	  0.999531	  0.000156	  0.000156	
  0.999531	  0.000156	  0.000156	  0.000156	
  0.854605	  0.048465	  0.048465	  0.048465	
  0.691020	  0.102993	  0.102993	  0.102993	
  0.181373	  0.360053	  0.181373	  0.277201	
  0.317926	  0.227358	  0.227358	  0.227358	

URL http://cisbp.ccbr.utoronto.ca/TFreport.php?searchTF=T082903_1.02

MOTIF M0730_1.02 (PHUM222020)_(Mus_musculus)_(DBD_0.44)

letter-probability matrix: alength= 4 w= 10 nsites= 1 E= 0
  0.272830	  0.216772	  0.234827	  0.275572	
  0.236181	  0.268969	  0.233831	  0.261020	
  0.376099	  0.120284	  0.459368	  0.044250	
  0.301361	  0.116549	  0.054506	  0.527584	
  0.541462	  0.362953	  0.011294	  0.084291	
  0.808871	  0.125919	  0.005133	  0.060078	
  0.912414	  0.013411	  0.041517	  0.032658	
  0.002774	  0.692453	  0.002830	  0.301944	
  0.832856	  0.046752	  0.050646	  0.069746	
  0.333275	  0.225646	  0.206225	  0.234855	

URL http://cisbp.ccbr.utoronto.ca/TFreport.php?searchTF=T082907_1.02

MOTIF M0737_1.02 (PHUM202670)_(Mus_musculus)_(DBD_0.88)

letter-probability matrix: alength= 4 w= 10 nsites= 1 E= 0
  0.329842	  0.082156	  0.060257	  0.527746	
  0.520070	  0.108198	  0.255689	  0.116043	
  0.283345	  0.081996	  0.128595	  0.506065	
  0.209230	  0.033229	  0.701648	  0.055893	
  0.071321	  0.155585	  0.032694	  0.740400	
  0.638753	  0.232646	  0.070072	  0.058529	
  0.729556	  0.133278	  0.066184	  0.070983	
  0.865457	  0.036352	  0.043959	  0.054231	
  0.059316	  0.519509	  0.058726	  0.362449	
  0.777489	  0.053307	  0.067092	  0.102112	

URL http://cisbp.ccbr.utoronto.ca/TFreport.php?searchTF=T082905_1.02

MOTIF M0817_1.02 (PHUM436840)_(Drosophila_melanogaster)_(DBD_0.69)

letter-probability matrix: alength= 4 w= 8 nsites= 1 E= 0
  0.729854	  0.111199	  0.158788	  0.000159	
  0.000118	  0.011877	  0.000118	  0.987888	
  0.235301	  0.023636	  0.740945	  0.000118	
  0.047154	  0.799741	  0.141228	  0.011877	
  0.070673	  0.000118	  0.752705	  0.176505	
  0.000118	  0.000118	  0.999647	  0.000118	
  0.000118	  0.000118	  0.999647	  0.000118	
  0.055699	  0.351776	  0.092709	  0.499815	

URL http://cisbp.ccbr.utoronto.ca/TFreport.php?searchTF=T086830_1.02

MOTIF M0839_1.02 (PHUM462610)_(Anopheles_gambiae)_(DBD_0.85)

letter-probability matrix: alength= 4 w= 10 nsites= 1 E= 0
  0.261771	  0.225308	  0.232170	  0.280751	
  0.223856	  0.240087	  0.181454	  0.354604	
  0.302711	  0.096813	  0.282246	  0.318231	
  0.801923	  0.050755	  0.112958	  0.034364	
  0.000105	  0.981683	  0.000051	  0.018161	
  0.641522	  0.118373	  0.136162	  0.103943	
  0.273446	  0.233015	  0.156195	  0.337344	
  0.179068	  0.227640	  0.436054	  0.157239	
  0.300476	  0.243561	  0.271882	  0.184080	
  0.249336	  0.249336	  0.244399	  0.256929	

URL http://cisbp.ccbr.utoronto.ca/TFreport.php?searchTF=T099870_1.02

MOTIF M0911_1.02 (PHUM035300)_(Mus_musculus)_(DBD_0.96)

letter-probability matrix: alength= 4 w= 10 nsites= 1 E= 0
  0.247073	  0.284202	  0.206373	  0.262352	
  0.149870	  0.075171	  0.040036	  0.734924	
  0.706549	  0.090958	  0.126519	  0.075974	
  0.851645	  0.008910	  0.044131	  0.095313	
  0.070692	  0.091682	  0.096383	  0.741243	
  0.120799	  0.217919	  0.226813	  0.434469	
  0.367812	  0.088905	  0.402450	  0.140833	
  0.215590	  0.296895	  0.274069	  0.213445	
  0.220651	  0.269503	  0.211999	  0.297847	
  0.238452	  0.238452	  0.243269	  0.279826	

URL http://cisbp.ccbr.utoronto.ca/TFreport.php?searchTF=T099809_1.02

MOTIF M0923_1.02 (PHUM467610)_(Mus_musculus)_(DBD_0.93)

letter-probability matrix: alength= 4 w= 8 nsites= 1 E= 0
  0.243151	  0.255618	  0.294031	  0.207200	
  0.204295	  0.330156	  0.208422	  0.257126	
  0.207505	  0.171598	  0.110516	  0.510381	
  0.662568	  0.072684	  0.144912	  0.119836	
  0.981458	  0.006747	  0.008577	  0.003219	
  0.124820	  0.161883	  0.088843	  0.624453	
  0.193139	  0.203041	  0.203041	  0.400779	
  0.311134	  0.192525	  0.295960	  0.200382	

URL http://cisbp.ccbr.utoronto.ca/TFreport.php?searchTF=T099871_1.02

MOTIF M0967_1.02 (PHUM308960)_(Mus_musculus)_(DBD_1.00)

letter-probability matrix: alength= 4 w= 8 nsites= 1 E= 0
  0.222888	  0.280526	  0.201677	  0.294909	
  0.135819	  0.056902	  0.017838	  0.789441	
  0.749166	  0.066617	  0.112052	  0.072165	
  0.950512	  0.000309	  0.023975	  0.025204	
  0.033254	  0.061201	  0.073271	  0.832275	
  0.170087	  0.110643	  0.160182	  0.559089	
  0.345558	  0.104080	  0.393532	  0.156830	
  0.274902	  0.209855	  0.329118	  0.186125	

URL http://cisbp.ccbr.utoronto.ca/TFreport.php?searchTF=T099846_1.02

MOTIF M1001_1.02 (PHUM569520)_(Mus_musculus)_(DBD_0.92)

letter-probability matrix: alength= 4 w= 10 nsites= 1 E= 0
  0.322331	  0.197469	  0.274673	  0.205527	
  0.194389	  0.314147	  0.287109	  0.204355	
  0.241423	  0.414283	  0.182463	  0.161831	
  0.070501	  0.283051	  0.022774	  0.623674	
  0.068469	  0.000243	  0.876887	  0.054401	
  0.095932	  0.187473	  0.000627	  0.715968	
  0.063044	  0.815526	  0.046704	  0.074726	
  0.494531	  0.137498	  0.193177	  0.174794	
  0.280233	  0.246071	  0.222654	  0.251042	
  0.271003	  0.235599	  0.219671	  0.273727	

URL http://cisbp.ccbr.utoronto.ca/TFreport.php?searchTF=T099881_1.02

MOTIF M1002_1.02 (PHUM434790)_(Mus_musculus)_(DBD_0.95)

letter-probability matrix: alength= 4 w= 9 nsites= 1 E= 0
  0.180487	  0.322358	  0.168285	  0.328870	
  0.103026	  0.115005	  0.065038	  0.716930	
  0.775551	  0.063661	  0.107080	  0.053709	
  0.897628	  0.006358	  0.000454	  0.095560	
  0.077016	  0.098890	  0.055925	  0.768169	
  0.180572	  0.058917	  0.288913	  0.471598	
  0.490098	  0.081013	  0.288474	  0.140415	
  0.197887	  0.298180	  0.280815	  0.223117	
  0.176121	  0.347641	  0.210855	  0.265382	

URL http://cisbp.ccbr.utoronto.ca/TFreport.php?searchTF=T099864_1.02

MOTIF M1016_1.02 (PHUM338410)_(Mus_musculus)_(DBD_0.98)

letter-probability matrix: alength= 4 w= 7 nsites= 1 E= 0
  0.247356	  0.242458	  0.265291	  0.244895	
  0.187686	  0.245862	  0.203318	  0.363134	
  0.206531	  0.145540	  0.437226	  0.210703	
  0.818609	  0.111900	  0.033704	  0.035788	
  0.126658	  0.170970	  0.099632	  0.602740	
  0.539508	  0.337193	  0.043409	  0.079890	
  0.146793	  0.419484	  0.179294	  0.254430	

URL http://cisbp.ccbr.utoronto.ca/TFreport.php?searchTF=T099848_1.02

MOTIF M1018_1.02 (PHUM604510)_(Mus_musculus)_(DBD_0.91)

letter-probability matrix: alength= 4 w= 7 nsites= 1 E= 0
  0.166165	  0.321495	  0.042224	  0.470117	
  0.399981	  0.230769	  0.126649	  0.242601	
  0.594697	  0.152635	  0.003519	  0.249149	
  0.073485	  0.207904	  0.000173	  0.718437	
  0.290140	  0.244781	  0.169078	  0.296001	
  0.318793	  0.229188	  0.201249	  0.250771	
  0.293737	  0.247815	  0.271153	  0.187295	

URL http://cisbp.ccbr.utoronto.ca/TFreport.php?searchTF=T099885_1.02

MOTIF M1028_1.02 (PHUM205160)_(Mus_musculus)_(DBD_0.95)

letter-probability matrix: alength= 4 w= 9 nsites= 1 E= 0
  0.184447	  0.364076	  0.184447	  0.267030	
  0.116544	  0.046445	  0.001308	  0.835703	
  0.822965	  0.097799	  0.078485	  0.000750	
  0.891592	  0.011056	  0.021179	  0.076173	
  0.116988	  0.045699	  0.100693	  0.736620	
  0.189372	  0.123188	  0.282510	  0.404930	
  0.430266	  0.105047	  0.303203	  0.161484	
  0.227412	  0.274998	  0.297901	  0.199689	
  0.184723	  0.307617	  0.234829	  0.272832	

URL http://cisbp.ccbr.utoronto.ca/TFreport.php?searchTF=T099826_1.02

MOTIF M1030_1.02 (PHUM439860)_(Mus_musculus)_(DBD_0.86)

letter-probability matrix: alength= 4 w= 9 nsites= 1 E= 0
  0.280170	  0.222604	  0.274622	  0.222604	
  0.240127	  0.324138	  0.305262	  0.130473	
  0.104035	  0.558205	  0.022081	  0.315679	
  0.565289	  0.175447	  0.053375	  0.205889	
  0.192749	  0.728793	  0.007549	  0.070908	
  0.064783	  0.023360	  0.013079	  0.898778	
  0.114462	  0.267800	  0.027667	  0.590071	
  0.375247	  0.182652	  0.286456	  0.155646	
  0.381415	  0.155072	  0.217868	  0.245645	

URL http://cisbp.ccbr.utoronto.ca/TFreport.php?searchTF=T099868_1.02

MOTIF M1073_1.02 (PHUM266790)_(Mus_musculus)_(DBD_0.91)

letter-probability matrix: alength= 4 w= 9 nsites= 1 E= 0
  0.180771	  0.316470	  0.149490	  0.353269	
  0.087724	  0.051635	  0.011521	  0.849119	
  0.903434	  0.012506	  0.065773	  0.018287	
  0.983264	  0.000463	  0.000459	  0.015814	
  0.010033	  0.092380	  0.055474	  0.842112	
  0.094530	  0.082180	  0.432210	  0.391080	
  0.500756	  0.052254	  0.345889	  0.101101	
  0.173376	  0.345662	  0.269201	  0.211761	
  0.208474	  0.298812	  0.208474	  0.284239	

URL http://cisbp.ccbr.utoronto.ca/TFreport.php?searchTF=T099842_1.02

MOTIF M1088_1.02 (PHUM031280)_(Drosophila_melanogaster)_(DBD_1.00)

letter-probability matrix: alength= 4 w= 10 nsites= 1 E= 0
  0.248652	  0.156039	  0.439269	  0.156039	
  0.235559	  0.409426	  0.243856	  0.111159	
  0.000140	  0.000140	  0.000140	  0.999581	
  0.999581	  0.000140	  0.000140	  0.000140	
  0.999581	  0.000140	  0.000140	  0.000140	
  0.000140	  0.000140	  0.000140	  0.999581	
  0.000140	  0.000140	  0.000140	  0.999581	
  0.999581	  0.000140	  0.000140	  0.000140	
  0.270161	  0.309740	  0.212726	  0.207374	
  0.227694	  0.227694	  0.227694	  0.316917	

URL http://cisbp.ccbr.utoronto.ca/TFreport.php?searchTF=T099807_1.02

MOTIF M1089_1.02 (PHUM569170)_(Drosophila_melanogaster)_(DBD_0.89)

letter-probability matrix: alength= 4 w= 10 nsites= 1 E= 0
  0.209338	  0.253142	  0.321807	  0.215713	
  0.269176	  0.231682	  0.207548	  0.291594	
  0.108996	  0.124128	  0.038142	  0.728735	
  0.818862	  0.018319	  0.138091	  0.024728	
  0.925508	  0.028799	  0.000527	  0.045166	
  0.090056	  0.159244	  0.124019	  0.626680	
  0.097497	  0.244649	  0.314135	  0.343719	
  0.322285	  0.084389	  0.452794	  0.140532	
  0.204560	  0.257459	  0.351027	  0.186954	
  0.179474	  0.298877	  0.181278	  0.340370	

URL http://cisbp.ccbr.utoronto.ca/TFreport.php?searchTF=T099880_1.02

MOTIF M1091_1.02 (PHUM236390)_(Drosophila_melanogaster)_(DBD_0.93)

letter-probability matrix: alength= 4 w= 9 nsites= 1 E= 0
  0.195086	  0.348431	  0.193145	  0.263338	
  0.106150	  0.078638	  0.022985	  0.792228	
  0.745347	  0.066944	  0.120765	  0.066944	
  0.803281	  0.077378	  0.027625	  0.091717	
  0.084325	  0.168120	  0.072579	  0.674976	
  0.130553	  0.189007	  0.314751	  0.365689	
  0.403315	  0.108823	  0.304819	  0.183043	
  0.228660	  0.290684	  0.273756	  0.206900	
  0.186386	  0.283672	  0.249092	  0.280850	

URL http://cisbp.ccbr.utoronto.ca/TFreport.php?searchTF=T099835_1.02

MOTIF M1092_1.02 (PHUM248980)_(Drosophila_melanogaster)_(DBD_0.98)

letter-probability matrix: alength= 4 w= 10 nsites= 1 E= 0
  0.216697	  0.313720	  0.239487	  0.230097	
  0.095574	  0.372375	  0.044252	  0.487798	
  0.513306	  0.185096	  0.192650	  0.108948	
  0.650499	  0.143702	  0.075773	  0.130027	
  0.056092	  0.142164	  0.007822	  0.793922	
  0.205435	  0.280095	  0.158401	  0.356070	
  0.340270	  0.184886	  0.184886	  0.289959	
  0.267116	  0.272512	  0.264458	  0.195915	
  0.194734	  0.260248	  0.302365	  0.242653	
  0.228970	  0.279665	  0.238314	  0.253051	

URL http://cisbp.ccbr.utoronto.ca/TFreport.php?searchTF=T099836_1.02

MOTIF M1093_1.02 (PHUM515180)_(Drosophila_melanogaster)_(DBD_0.98)

letter-probability matrix: alength= 4 w= 9 nsites= 1 E= 0
  0.144762	  0.222536	  0.161594	  0.471108	
  0.154684	  0.080752	  0.561934	  0.202630	
  0.881466	  0.062903	  0.033838	  0.021793	
  0.038868	  0.179502	  0.060958	  0.720672	
  0.692055	  0.307866	  0.000069	  0.000010	
  0.074677	  0.546305	  0.076186	  0.302832	
  0.143399	  0.405708	  0.241202	  0.209691	
  0.216642	  0.316792	  0.182773	  0.283793	
  0.200709	  0.305472	  0.185278	  0.308542	

URL http://cisbp.ccbr.utoronto.ca/TFreport.php?searchTF=T099874_1.02

MOTIF M1096_1.02 (PHUM534210)_(Drosophila_melanogaster)_(DBD_0.79)

letter-probability matrix: alength= 4 w= 8 nsites= 1 E= 0
  0.207448	  0.325343	  0.141866	  0.325343	
  0.070500	  0.046787	  0.081909	  0.800803	
  0.823901	  0.041432	  0.064978	  0.069690	
  0.800902	  0.045410	  0.085263	  0.068425	
  0.078337	  0.041722	  0.098595	  0.781347	
  0.084961	  0.693803	  0.089317	  0.131919	
  0.101356	  0.577459	  0.132772	  0.188413	
  0.148880	  0.348326	  0.299807	  0.202987	

URL http://cisbp.ccbr.utoronto.ca/TFreport.php?searchTF=T099876_1.02

MOTIF M1097_1.02 (PHUM019530)_(Drosophila_melanogaster)_(DBD_0.95)

letter-probability matrix: alength= 4 w= 10 nsites= 1 E= 0
  0.292329	  0.229079	  0.288644	  0.189949	
  0.136427	  0.336877	  0.156525	  0.370171	
  0.034513	  0.118059	  0.009674	  0.837754	
  0.801571	  0.072692	  0.093201	  0.032536	
  0.970781	  0.007894	  0.008025	  0.013300	
  0.013300	  0.008025	  0.007894	  0.970781	
  0.032536	  0.093201	  0.072692	  0.801571	
  0.837754	  0.009674	  0.118059	  0.034513	
  0.370171	  0.156525	  0.336877	  0.136427	
  0.189949	  0.288644	  0.229079	  0.292329	

URL http://cisbp.ccbr.utoronto.ca/TFreport.php?searchTF=T099804_1.02

MOTIF M1103_1.02 (PHUM230130)_(Drosophila_melanogaster)_(DBD_0.88)

letter-probability matrix: alength= 4 w= 8 nsites= 1 E= 0
  0.227314	  0.499546	  0.181942	  0.091198	
  0.000344	  0.103650	  0.000344	  0.895661	
  0.999092	  0.000303	  0.000303	  0.000303	
  0.999092	  0.000303	  0.000303	  0.000303	
  0.000303	  0.000303	  0.000303	  0.999092	
  0.000303	  0.000303	  0.000303	  0.999092	
  0.934601	  0.000322	  0.064755	  0.000322	
  0.760932	  0.048004	  0.048004	  0.143061	

URL http://cisbp.ccbr.utoronto.ca/TFreport.php?searchTF=T099832_1.02

MOTIF M1104_1.02 (PHUM606500)_(Drosophila_melanogaster)_(DBD_0.86)

letter-probability matrix: alength= 4 w= 8 nsites= 1 E= 0
  0.172390	  0.270362	  0.216970	  0.340277	
  0.175398	  0.147977	  0.175398	  0.501227	
  0.437799	  0.142845	  0.145731	  0.273625	
  0.559761	  0.114150	  0.154086	  0.172003	
  0.276316	  0.165927	  0.137215	  0.420543	
  0.209315	  0.226748	  0.174835	  0.389102	
  0.299659	  0.080854	  0.524604	  0.094883	
  0.166927	  0.313424	  0.241666	  0.277982	

URL http://cisbp.ccbr.utoronto.ca/TFreport.php?searchTF=T099886_1.02

MOTIF M1106_1.02 (PHUM365830)_(Drosophila_melanogaster)_(DBD_0.95)

letter-probability matrix: alength= 4 w= 8 nsites= 1 E= 0
  0.699401	  0.033622	  0.033622	  0.233356	
  0.152259	  0.065378	  0.043658	  0.738705	
  0.053712	  0.018023	  0.000178	  0.928087	
  0.821021	  0.000178	  0.000178	  0.178622	
  0.963776	  0.000178	  0.000178	  0.035867	
  0.071556	  0.000178	  0.000178	  0.928087	
  0.109193	  0.000182	  0.036519	  0.854106	
  0.871811	  0.000213	  0.085247	  0.042730	

URL http://cisbp.ccbr.utoronto.ca/TFreport.php?searchTF=T099857_1.02

MOTIF M1125_1.02 (PHUM433380)_(Mus_musculus)_(DBD_0.98)

letter-probability matrix: alength= 4 w= 10 nsites= 1 E= 0
  0.232947	  0.273366	  0.293187	  0.200499	
  0.212847	  0.340554	  0.181376	  0.265223	
  0.136717	  0.049300	  0.011335	  0.802648	
  0.797526	  0.087489	  0.088368	  0.026616	
  0.889584	  0.000658	  0.045639	  0.064120	
  0.150641	  0.058844	  0.122107	  0.668408	
  0.186789	  0.142591	  0.242253	  0.428367	
  0.315574	  0.091322	  0.456867	  0.136237	
  0.212950	  0.281760	  0.314523	  0.190768	
  0.193573	  0.288776	  0.231748	  0.285903	

URL http://cisbp.ccbr.utoronto.ca/TFreport.php?searchTF=T099862_1.02

MOTIF M1223_1.02 (PHUM217100)_(Mus_musculus)_(DBD_0.91)

letter-probability matrix: alength= 4 w= 8 nsites= 1 E= 0
  0.027268	  0.108261	  0.000270	  0.864201	
  0.022934	  0.022934	  0.000227	  0.953906	
  0.999362	  0.000213	  0.000213	  0.000213	
  0.999376	  0.000208	  0.000208	  0.000208	
  0.000208	  0.000208	  0.000208	  0.999376	
  0.000208	  0.041840	  0.104288	  0.853664	
  0.526025	  0.184280	  0.184280	  0.105415	
  0.148299	  0.037352	  0.740015	  0.074334	

URL http://cisbp.ccbr.utoronto.ca/TFreport.php?searchTF=T099829_1.02

MOTIF M1224_1.02 (PHUM217120)_(Xenopus_tropicalis)_(DBD_0.76)

letter-probability matrix: alength= 4 w= 10 nsites= 1 E= 0
  0.272857	  0.307645	  0.242002	  0.177496	
  0.343370	  0.188445	  0.307602	  0.160583	
  0.106457	  0.244139	  0.018133	  0.631272	
  0.111726	  0.137833	  0.710554	  0.039887	
  0.337449	  0.317797	  0.249988	  0.094766	
  0.231039	  0.279384	  0.226464	  0.263114	
  0.132973	  0.419954	  0.092772	  0.354301	
  0.314916	  0.273775	  0.245257	  0.166053	
  0.265582	  0.317959	  0.276420	  0.140039	
  0.246136	  0.277518	  0.253632	  0.222713	

URL http://cisbp.ccbr.utoronto.ca/TFreport.php?searchTF=T136080_1.02

MOTIF M1227_1.02 (PHUM348630)_(Apis_mellifera)_(DBD_0.96)

letter-probability matrix: alength= 4 w= 10 nsites= 1 E= 0
  0.277333	  0.281553	  0.180470	  0.260645	
  0.016939	  0.083041	  0.016939	  0.883082	
  0.805100	  0.000057	  0.067582	  0.127261	
  0.588448	  0.067582	  0.000057	  0.343912	
  0.129773	  0.000057	  0.110616	  0.759553	
  0.298366	  0.110616	  0.000057	  0.590960	
  0.999828	  0.000057	  0.000057	  0.000057	
  0.173348	  0.093172	  0.194256	  0.539224	
  0.378265	  0.162703	  0.296330	  0.162703	
  0.233119	  0.300643	  0.233119	  0.233119	

URL http://cisbp.ccbr.utoronto.ca/TFreport.php?searchTF=T105288_1.02

MOTIF M1418_1.02 (PHUM368740)_(Homo_sapiens)_(DBD_0.70)

letter-probability matrix: alength= 4 w= 8 nsites= 1 E= 0
  0.009615	  0.009615	  0.009615	  0.971154	
  0.009615	  0.009615	  0.971154	  0.009615	
  0.009615	  0.009615	  0.971154	  0.009615	
  0.009615	  0.009615	  0.009615	  0.971154	
  0.971154	  0.009615	  0.009615	  0.009615	
  0.009615	  0.971154	  0.009615	  0.009615	
  0.009615	  0.971154	  0.009615	  0.009615	
  0.971154	  0.009615	  0.009615	  0.009615	

URL http://cisbp.ccbr.utoronto.ca/TFreport.php?searchTF=T130519_1.02

MOTIF M1423_1.02 (PHUM470190)_(Anopheles_gambiae)_(DBD_0.94)

letter-probability matrix: alength= 4 w= 9 nsites= 1 E= 0
  0.268421	  0.231032	  0.250274	  0.250274	
  0.233375	  0.233375	  0.287910	  0.245340	
  0.057487	  0.255077	  0.000962	  0.686473	
  0.168946	  0.001803	  0.803982	  0.025269	
  0.514234	  0.273877	  0.124298	  0.087591	
  0.210810	  0.441844	  0.029694	  0.317652	
  0.194071	  0.726489	  0.000537	  0.078903	
  0.087004	  0.294700	  0.132417	  0.485878	
  0.237598	  0.270584	  0.287316	  0.204503	

URL http://cisbp.ccbr.utoronto.ca/TFreport.php?searchTF=T134521_1.02

MOTIF M1469_1.02 (PHUM053030)_(Drosophila_melanogaster)_(DBD_0.97)

letter-probability matrix: alength= 4 w= 8 nsites= 1 E= 0
  0.221383	  0.221383	  0.290064	  0.267170	
  0.000059	  0.100627	  0.000059	  0.899255	
  0.000054	  0.005429	  0.994464	  0.000054	
  0.994464	  0.000054	  0.005429	  0.000054	
  0.005429	  0.994464	  0.000054	  0.000054	
  0.000054	  0.999839	  0.000054	  0.000054	
  0.000077	  0.407644	  0.000077	  0.592202	
  0.202148	  0.361655	  0.244683	  0.191514	

URL http://cisbp.ccbr.utoronto.ca/TFreport.php?searchTF=T134509_1.02

MOTIF M1470_1.02 (PHUM475850)_(Drosophila_melanogaster)_(DBD_1.00)

letter-probability matrix: alength= 4 w= 8 nsites= 1 E= 0
  0.374896	  0.104288	  0.291632	  0.229184	
  0.000154	  0.138530	  0.000154	  0.861162	
  0.000143	  0.000143	  0.999572	  0.000143	
  0.985294	  0.000143	  0.014420	  0.000143	
  0.000143	  0.999572	  0.000143	  0.000143	
  0.000143	  0.999572	  0.000143	  0.000143	
  0.000154	  0.307657	  0.000154	  0.692036	
  0.000244	  0.317008	  0.000244	  0.682505	

URL http://cisbp.ccbr.utoronto.ca/TFreport.php?searchTF=T134522_1.02

MOTIF M1471_1.02 (PHUM331460)_(Drosophila_melanogaster)_(DBD_0.82)

letter-probability matrix: alength= 4 w= 12 nsites= 1 E= 0
  0.317705	  0.227432	  0.227432	  0.227432	
  0.317705	  0.227432	  0.227432	  0.227432	
  0.402784	  0.230661	  0.140388	  0.226166	
  0.049370	  0.144869	  0.049370	  0.756390	
  0.000202	  0.000202	  0.000202	  0.999393	
  0.000202	  0.000202	  0.999393	  0.000202	
  0.999393	  0.000202	  0.000202	  0.000202	
  0.000202	  0.999393	  0.000202	  0.000202	
  0.022771	  0.541218	  0.329688	  0.106323	
  0.022771	  0.022771	  0.194141	  0.760318	
  0.109814	  0.581401	  0.109814	  0.198971	
  0.397504	  0.200832	  0.200832	  0.200832	

URL http://cisbp.ccbr.utoronto.ca/TFreport.php?searchTF=T134515_1.02

MOTIF M1519_1.02 (PHUM363570)_(Gallus_gallus)_(DBD_0.63)

letter-probability matrix: alength= 4 w= 10 nsites= 1 E= 0
  0.371475	  0.209508	  0.209508	  0.209508	
  0.176057	  0.087532	  0.087532	  0.648879	
  0.000121	  0.000121	  0.000121	  0.999637	
  0.000121	  0.000121	  0.000121	  0.999637	
  0.088646	  0.083984	  0.000121	  0.827249	
  0.000121	  0.914778	  0.000121	  0.084980	
  0.000121	  0.826253	  0.084980	  0.088646	
  0.830915	  0.083984	  0.000121	  0.084980	
  0.124475	  0.287055	  0.040613	  0.547857	
  0.267517	  0.162589	  0.248110	  0.321785	

URL http://cisbp.ccbr.utoronto.ca/TFreport.php?searchTF=T138514_1.02

MOTIF M1528_1.02 (PHUM236330)_(Mus_musculus)_(DBD_0.72)

letter-probability matrix: alength= 4 w= 10 nsites= 1 E= 0
  0.197054	  0.369991	  0.263349	  0.169606	
  0.065864	  0.656936	  0.168610	  0.108591	
  0.308958	  0.265923	  0.156524	  0.268595	
  0.134548	  0.150193	  0.135900	  0.579359	
  0.429537	  0.091168	  0.451560	  0.027735	
  0.273736	  0.064210	  0.621518	  0.040535	
  0.195662	  0.476462	  0.050219	  0.277657	
  0.505373	  0.035350	  0.195449	  0.263828	
  0.811192	  0.082972	  0.062085	  0.043751	
  0.023718	  0.876757	  0.027556	  0.071969	

URL http://cisbp.ccbr.utoronto.ca/TFreport.php?searchTF=T139023_1.02

MOTIF M1529_1.02 (PHUM035280)_(Mus_musculus)_(DBD_0.52)

letter-probability matrix: alength= 4 w= 10 nsites= 1 E= 0
  0.257402	  0.340577	  0.281643	  0.120378	
  0.111648	  0.611157	  0.169924	  0.107270	
  0.313889	  0.292669	  0.165512	  0.227931	
  0.060619	  0.279947	  0.036401	  0.623033	
  0.543155	  0.088890	  0.307168	  0.060788	
  0.182278	  0.051704	  0.717326	  0.048693	
  0.151291	  0.560711	  0.020475	  0.267523	
  0.642237	  0.022759	  0.185853	  0.149151	
  0.908416	  0.039319	  0.033505	  0.018760	
  0.011861	  0.928182	  0.000621	  0.059337	

URL http://cisbp.ccbr.utoronto.ca/TFreport.php?searchTF=T139020_1.02

MOTIF M1535_1.02 PHUM046580

letter-probability matrix: alength= 4 w= 10 nsites= 1 E= 0
  0.086987	  0.605320	  0.156923	  0.150770	
  0.270498	  0.273216	  0.169062	  0.287224	
  0.105470	  0.121319	  0.075070	  0.698142	
  0.471756	  0.088807	  0.414247	  0.025190	
  0.198660	  0.056917	  0.707398	  0.037025	
  0.171687	  0.536824	  0.035363	  0.256126	
  0.565485	  0.022594	  0.205960	  0.205960	
  0.898645	  0.039287	  0.042559	  0.019509	
  0.006153	  0.941002	  0.000547	  0.052297	
  0.205341	  0.328545	  0.335182	  0.130931	

URL http://cisbp.ccbr.utoronto.ca/TFreport.php?searchTF=T139021_1.02

MOTIF M1599_1.02 (PHUM136100)_(Mus_musculus)_(DBD_0.94)

letter-probability matrix: alength= 4 w= 9 nsites= 1 E= 0
  0.610507	  0.080181	  0.080181	  0.229130	
  0.027959	  0.087421	  0.055188	  0.829432	
  0.077434	  0.030859	  0.020893	  0.870814	
  0.237747	  0.206688	  0.478765	  0.076800	
  0.240465	  0.078459	  0.077678	  0.603397	
  0.222149	  0.224382	  0.205070	  0.348399	
  0.230661	  0.273404	  0.181445	  0.314490	
  0.236240	  0.248352	  0.218077	  0.297331	
  0.240132	  0.254981	  0.252444	  0.252444	

URL http://cisbp.ccbr.utoronto.ca/TFreport.php?searchTF=T146078_1.02

MOTIF M1623_1.02 (PHUM322730)_(Nasonia_vitripennis)_(DBD_0.75)

letter-probability matrix: alength= 4 w= 8 nsites= 1 E= 0
  0.040335	  0.080272	  0.000399	  0.878994	
  0.200057	  0.485445	  0.314212	  0.000285	
  0.977131	  0.000222	  0.022425	  0.000222	
  0.000217	  0.999348	  0.000217	  0.000217	
  0.999334	  0.000222	  0.000222	  0.000222	
  0.000222	  0.999334	  0.000222	  0.000222	
  0.000250	  0.924326	  0.000250	  0.075175	
  0.062734	  0.062734	  0.000312	  0.874220	

URL http://cisbp.ccbr.utoronto.ca/TFreport.php?searchTF=T150112_1.02

MOTIF M1628_1.02 (PHUM607490)_(Mus_musculus)_(DBD_0.78)

letter-probability matrix: alength= 4 w= 11 nsites= 1 E= 0
  0.538889	  0.153704	  0.153704	  0.153704	
  0.235964	  0.059136	  0.571481	  0.133420	
  0.019402	  0.019402	  0.941795	  0.019402	
  0.000143	  0.000143	  0.000143	  0.999572	
  0.000143	  0.000143	  0.999572	  0.000143	
  0.000143	  0.000143	  0.000143	  0.999572	
  0.000143	  0.000143	  0.796563	  0.203152	
  0.999572	  0.000143	  0.000143	  0.000143	
  0.710684	  0.096439	  0.096439	  0.096439	
  0.268043	  0.191007	  0.274907	  0.266044	
  0.307777	  0.230741	  0.230741	  0.230741	

URL http://cisbp.ccbr.utoronto.ca/TFreport.php?searchTF=T150114_1.02

MOTIF M1631_1.02 (PHUM147760)_(Mus_musculus)_(DBD_0.67)

letter-probability matrix: alength= 4 w= 10 nsites= 1 E= 0
  0.353916	  0.145338	  0.298586	  0.202160	
  0.672425	  0.040081	  0.179628	  0.107866	
  0.197985	  0.109748	  0.606795	  0.085472	
  0.020276	  0.028773	  0.924656	  0.026296	
  0.003890	  0.062703	  0.000398	  0.933009	
  0.011365	  0.014304	  0.973157	  0.001174	
  0.090981	  0.133040	  0.018005	  0.757974	
  0.038779	  0.216564	  0.449388	  0.295269	
  0.873100	  0.020533	  0.080002	  0.026365	
  0.522605	  0.163829	  0.139606	  0.173960	

URL http://cisbp.ccbr.utoronto.ca/TFreport.php?searchTF=T150108_1.02

MOTIF M1837_1.02 (PHUM333320)_(Mus_musculus)_(DBD_0.75)

letter-probability matrix: alength= 4 w= 11 nsites= 1 E= 0
  0.526500	  0.144500	  0.079000	  0.250000	
  0.662500	  0.040500	  0.231500	  0.065500	
  0.669500	  0.125500	  0.200000	  0.005000	
  0.046500	  0.924000	  0.021000	  0.008500	
  0.006500	  0.993500	  0.000000	  0.000000	
  0.858000	  0.035000	  0.063500	  0.043500	
  0.026500	  0.936000	  0.037500	  0.000000	
  0.968000	  0.003500	  0.000000	  0.028500	
  0.328000	  0.074500	  0.536000	  0.061500	
  0.407000	  0.233500	  0.242500	  0.117000	
  0.260500	  0.348000	  0.248000	  0.143500	

URL http://cisbp.ccbr.utoronto.ca/TFreport.php?searchTF=T139434_1.02

MOTIF M1850_1.02 (PHUM164330)_(Drosophila_melanogaster)_(DBD_0.93)

letter-probability matrix: alength= 4 w= 10 nsites= 1 E= 0
  0.157895	  0.421053	  0.263158	  0.157895	
  0.078947	  0.578947	  0.210526	  0.131579	
  0.131579	  0.078947	  0.657895	  0.131579	
  0.000000	  0.078947	  0.000000	  0.921053	
  0.026316	  0.026316	  0.947368	  0.000000	
  1.000000	  0.000000	  0.000000	  0.000000	
  0.000000	  1.000000	  0.000000	  0.000000	
  0.000000	  1.000000	  0.000000	  0.000000	
  0.026316	  0.947368	  0.000000	  0.026316	
  0.000000	  0.973684	  0.026316	  0.000000	

URL http://cisbp.ccbr.utoronto.ca/TFreport.php?searchTF=T134511_1.02

MOTIF M1854_1.02 (PHUM534140)_(Drosophila_melanogaster)_(DBD_0.81)

letter-probability matrix: alength= 4 w= 12 nsites= 1 E= 0
  0.000000	  0.384615	  0.461538	  0.153846	
  0.000000	  0.000000	  0.923077	  0.076923	
  0.000000	  0.076923	  0.846154	  0.076923	
  0.000000	  0.000000	  0.769231	  0.230769	
  0.076923	  0.076923	  0.230769	  0.615385	
  0.076923	  0.000000	  0.153846	  0.769231	
  0.076923	  0.000000	  0.000000	  0.923077	
  0.000000	  0.000000	  0.000000	  1.000000	
  0.000000	  0.230769	  0.000000	  0.769231	
  0.076923	  0.692308	  0.000000	  0.230769	
  0.076923	  0.692308	  0.076923	  0.153846	
  0.230769	  0.384615	  0.384615	  0.000000	

URL http://cisbp.ccbr.utoronto.ca/TFreport.php?searchTF=T138517_1.02

MOTIF M1858_1.02 (PHUM157660)_(Drosophila_melanogaster)_(DBD_0.95)

letter-probability matrix: alength= 4 w= 7 nsites= 1 E= 0
  0.117647	  0.705882	  0.117647	  0.058824	
  0.294118	  0.705882	  0.000000	  0.000000	
  0.000000	  0.000000	  1.000000	  0.000000	
  0.000000	  0.000000	  1.000000	  0.000000	
  1.000000	  0.000000	  0.000000	  0.000000	
  1.000000	  0.000000	  0.000000	  0.000000	
  0.294118	  0.058824	  0.588235	  0.058824	

URL http://cisbp.ccbr.utoronto.ca/TFreport.php?searchTF=T078906_1.02

MOTIF M1890_1.02 (PHUM011400)_(Homo_sapiens)_(DBD_0.93)

letter-probability matrix: alength= 4 w= 18 nsites= 1 E= 0
  0.536953	  0.172787	  0.112112	  0.178148	
  0.135379	  0.112568	  0.522354	  0.229699	
  0.404653	  0.257299	  0.247263	  0.090785	
  0.137203	  0.339074	  0.453695	  0.070027	
  0.208257	  0.267336	  0.035698	  0.488709	
  0.021898	  0.095119	  0.546077	  0.336907	
  0.027030	  0.842153	  0.054859	  0.075958	
  0.001825	  0.113253	  0.027600	  0.857322	
  0.025319	  0.116104	  0.819001	  0.039576	
  0.975707	  0.000228	  0.017108	  0.006957	
  0.000570	  0.005931	  0.000912	  0.992587	
  0.001141	  0.000570	  0.000570	  0.997719	
  0.003307	  0.001141	  0.994526	  0.001026	
  0.001369	  0.007984	  0.990306	  0.000342	
  0.042997	  0.305315	  0.001711	  0.649977	
  0.052464	  0.449703	  0.213618	  0.284215	
  0.175297	  0.476277	  0.253992	  0.094434	
  0.485972	  0.129562	  0.308736	  0.075730	

URL http://cisbp.ccbr.utoronto.ca/TFreport.php?searchTF=T070558_1.02

MOTIF M1906_1.02 (PHUM363930)_(Homo_sapiens)_(DBD_0.88)

letter-probability matrix: alength= 4 w= 11 nsites= 1 E= 0
  0.272384	  0.084039	  0.568926	  0.074651	
  0.151477	  0.000000	  0.727845	  0.120678	
  0.235287	  0.000000	  0.764713	  0.000000	
  0.000000	  0.000000	  1.000000	  0.000000	
  0.000000	  0.000000	  1.000000	  0.000000	
  0.314976	  0.529425	  0.000000	  0.155599	
  0.008358	  0.000000	  0.991642	  0.000000	
  0.000000	  0.000000	  1.000000	  0.000000	
  0.221204	  0.000000	  0.767460	  0.011335	
  0.214907	  0.073506	  0.711587	  0.000000	
  0.208381	  0.489008	  0.204488	  0.098122	

URL http://cisbp.ccbr.utoronto.ca/TFreport.php?searchTF=T061068_1.02

MOTIF M1912_1.02 (PHUM462870)_(Drosophila_melanogaster)_(DBD_0.88)

letter-probability matrix: alength= 4 w= 16 nsites= 1 E= 0
  0.100000	  0.300000	  0.300000	  0.300000	
  0.000000	  0.400000	  0.000000	  0.600000	
  0.000000	  0.000000	  1.000000	  0.000000	
  0.000000	  0.000000	  0.000000	  1.000000	
  0.000000	  0.000000	  1.000000	  0.000000	
  0.300000	  0.000000	  0.700000	  0.000000	
  0.000000	  0.000000	  1.000000	  0.000000	
  1.000000	  0.000000	  0.000000	  0.000000	
  1.000000	  0.000000	  0.000000	  0.000000	
  0.500000	  0.500000	  0.000000	  0.000000	
  0.100000	  0.700000	  0.100000	  0.100000	
  0.100000	  0.200000	  0.400000	  0.300000	
  0.400000	  0.200000	  0.200000	  0.200000	
  0.300000	  0.100000	  0.400000	  0.200000	
  0.400000	  0.300000	  0.200000	  0.100000	
  0.200000	  0.100000	  0.200000	  0.500000	

