MEME version 4

ALPHABET= ACGT

strands: + -

Background letter frequencies (from uniform background):
A 0.25000 C 0.25000 G 0.25000 T 0.25000 

MOTIF M0264_1.02 (CPRF1_PETCR)_(Arabidopsis_thaliana)_(DBD_0.70)

letter-probability matrix: alength= 4 w= 10 nsites= 1 E= 0
  0.199909	  0.319853	  0.108621	  0.371617	
  0.102298	  0.269858	  0.329605	  0.298239	
  0.727684	  0.087345	  0.103531	  0.081440	
  0.042557	  0.652527	  0.169161	  0.135755	
  0.074387	  0.175789	  0.658053	  0.091770	
  0.047848	  0.043294	  0.012782	  0.896076	
  0.072855	  0.000402	  0.887552	  0.039192	
  0.001078	  0.059454	  0.541965	  0.397503	
  0.330076	  0.407207	  0.142497	  0.120220	
  0.325537	  0.283008	  0.185949	  0.205506	

URL http://cisbp.ccbr.utoronto.ca/TFreport.php?searchTF=T028324_1.02

MOTIF M0268_1.02 (CPRF3_PETCR)_(Arabidopsis_thaliana)_(DBD_0.66)

letter-probability matrix: alength= 4 w= 10 nsites= 1 E= 0
  0.194982	  0.331261	  0.073179	  0.400578	
  0.062566	  0.319327	  0.401905	  0.216203	
  0.863019	  0.035889	  0.054078	  0.047014	
  0.016012	  0.783149	  0.111422	  0.089418	
  0.057917	  0.135505	  0.756729	  0.049849	
  0.020596	  0.026183	  0.004505	  0.948716	
  0.045651	  0.000000	  0.954344	  0.000005	
  0.000119	  0.051604	  0.610088	  0.338188	
  0.279665	  0.535709	  0.102883	  0.081744	
  0.362040	  0.293464	  0.151677	  0.192819	

URL http://cisbp.ccbr.utoronto.ca/TFreport.php?searchTF=T028326_1.02

MOTIF M0272_1.02 (CPRF2_PETCR)_(Arabidopsis_thaliana)_(DBD_0.76)

letter-probability matrix: alength= 4 w= 12 nsites= 1 E= 0
  0.229166	  0.229166	  0.229166	  0.312503	
  0.203331	  0.203331	  0.390006	  0.203331	
  0.187672	  0.436984	  0.187672	  0.187672	
  0.166258	  0.148140	  0.020941	  0.664661	
  0.000044	  0.356147	  0.643764	  0.000044	
  0.999867	  0.000044	  0.000044	  0.000044	
  0.000044	  0.999867	  0.000044	  0.000044	
  0.000044	  0.000044	  0.999867	  0.000044	
  0.020879	  0.020879	  0.020879	  0.937363	
  0.046713	  0.123190	  0.783383	  0.046713	
  0.138849	  0.062373	  0.597600	  0.201178	
  0.229103	  0.312691	  0.229103	  0.229103	

URL http://cisbp.ccbr.utoronto.ca/TFreport.php?searchTF=T028325_1.02

MOTIF M1167_1.02 PRH

letter-probability matrix: alength= 4 w= 8 nsites= 1 E= 0
  0.992574	  0.002475	  0.002475	  0.002475	
  0.001420	  0.001420	  0.001420	  0.995739	
  0.995739	  0.001420	  0.001420	  0.001420	
  0.001420	  0.001420	  0.001420	  0.995739	
  0.995739	  0.001420	  0.001420	  0.001420	
  0.143466	  0.001420	  0.001420	  0.853693	
  0.498344	  0.001656	  0.001656	  0.498344	
  0.795635	  0.001984	  0.001984	  0.200397	

URL http://cisbp.ccbr.utoronto.ca/TFreport.php?searchTF=T100359_1.02

MOTIF M1682_1.02 (Q40828_PETCR)_(Arabidopsis_thaliana)_(DBD_0.90)

letter-probability matrix: alength= 4 w= 10 nsites= 1 E= 0
  0.309150	  0.197122	  0.248098	  0.245630	
  0.368402	  0.096464	  0.463671	  0.071463	
  0.003955	  0.008456	  0.948536	  0.039053	
  0.008776	  0.002864	  0.003943	  0.984417	
  0.030316	  0.964575	  0.002439	  0.002669	
  0.806758	  0.103858	  0.026391	  0.062993	
  0.746255	  0.034990	  0.153710	  0.065044	
  0.253017	  0.525030	  0.088540	  0.133414	
  0.188811	  0.237638	  0.395736	  0.177816	
  0.214240	  0.292101	  0.275090	  0.218568	

URL http://cisbp.ccbr.utoronto.ca/TFreport.php?searchTF=T154703_1.02

