MEME version 4

ALPHABET= ACGT

strands: + -

Background letter frequencies (from uniform background):
A 0.25000 C 0.25000 G 0.25000 T 0.25000 

MOTIF M1840_1.02 (AG1)_(Arabidopsis_thaliana)_(DBD_0.98)

letter-probability matrix: alength= 4 w= 18 nsites= 1 E= 0
  0.318182	  0.303030	  0.090909	  0.287879	
  0.136364	  0.045455	  0.045455	  0.772727	
  0.151515	  0.000000	  0.015152	  0.833333	
  0.439394	  0.121212	  0.121212	  0.318182	
  0.000000	  1.000000	  0.000000	  0.000000	
  0.000000	  0.984848	  0.000000	  0.015152	
  0.469697	  0.045455	  0.090909	  0.393939	
  0.712121	  0.030303	  0.000000	  0.257576	
  0.787879	  0.000000	  0.015152	  0.196970	
  0.378788	  0.000000	  0.015152	  0.606061	
  0.257576	  0.227273	  0.166667	  0.348485	
  0.287879	  0.121212	  0.303030	  0.287879	
  0.106061	  0.000000	  0.863636	  0.030303	
  0.030303	  0.000000	  0.818182	  0.151515	
  0.333333	  0.257576	  0.075758	  0.333333	
  0.681818	  0.060606	  0.075758	  0.181818	
  0.606061	  0.090909	  0.136364	  0.166667	
  0.227273	  0.151515	  0.242424	  0.378788	

URL http://cisbp.ccbr.utoronto.ca/TFreport.php?searchTF=T112011_1.02

MOTIF M1886_1.02 myb.Ph3

letter-probability matrix: alength= 4 w= 9 nsites= 1 E= 0
  0.585714	  0.000000	  0.014286	  0.400000	
  0.700000	  0.014286	  0.242857	  0.042857	
  0.700000	  0.000000	  0.114286	  0.185714	
  0.071429	  0.757143	  0.028571	  0.142857	
  0.242857	  0.228571	  0.385714	  0.142857	
  0.014286	  0.042857	  0.885714	  0.057143	
  0.071429	  0.028571	  0.000000	  0.900000	
  0.042857	  0.028571	  0.014286	  0.914286	
  0.657143	  0.028571	  0.042857	  0.271429	

URL http://cisbp.ccbr.utoronto.ca/TFreport.php?searchTF=T121632_1.02

MOTIF M1909_1.02 (FBP29)_(Antirrhinum_majus)_(DBD_0.90)

letter-probability matrix: alength= 4 w= 14 nsites= 1 E= 0
  0.333333	  0.266667	  0.166667	  0.233333	
  0.133333	  0.100000	  0.066667	  0.700000	
  0.000000	  0.000000	  0.166667	  0.833333	
  0.333333	  0.033333	  0.166667	  0.466667	
  0.000000	  0.933333	  0.033333	  0.033333	
  0.000000	  0.500000	  0.033333	  0.466667	
  0.700000	  0.033333	  0.000000	  0.266667	
  0.166667	  0.000000	  0.033333	  0.800000	
  0.433333	  0.000000	  0.000000	  0.566667	
  0.233333	  0.000000	  0.000000	  0.766667	
  0.366667	  0.033333	  0.066667	  0.533333	
  0.066667	  0.133333	  0.000000	  0.800000	
  0.266667	  0.000000	  0.733333	  0.000000	
  0.133333	  0.033333	  0.466667	  0.366667	

URL http://cisbp.ccbr.utoronto.ca/TFreport.php?searchTF=T112033_1.02

MOTIF M2347_1.02 (FBP28)_(Arabidopsis_thaliana)_(DBD_0.92)

letter-probability matrix: alength= 4 w= 21 nsites= 1 E= 0
  0.492556	  0.182382	  0.168734	  0.156328	
  0.482630	  0.121588	  0.297767	  0.098015	
  0.746898	  0.000000	  0.235732	  0.017370	
  0.621588	  0.079404	  0.258065	  0.040943	
  0.849876	  0.000000	  0.150124	  0.000000	
  0.500000	  0.000000	  0.354839	  0.145161	
  0.796526	  0.142680	  0.000000	  0.060794	
  0.477667	  0.096774	  0.425558	  0.000000	
  0.764268	  0.012407	  0.223325	  0.000000	
  0.513648	  0.166253	  0.320099	  0.000000	
  0.744417	  0.070720	  0.111663	  0.073201	
  0.550868	  0.122829	  0.326303	  0.000000	
  0.913151	  0.007444	  0.000000	  0.079404	
  0.560794	  0.152605	  0.189826	  0.096774	
  0.715881	  0.028536	  0.255583	  0.000000	
  0.508685	  0.117866	  0.276675	  0.096774	
  0.524814	  0.147643	  0.155087	  0.172457	
  0.540943	  0.054591	  0.404467	  0.000000	
  0.750620	  0.000000	  0.208437	  0.040943	
  0.571960	  0.167494	  0.260546	  0.000000	
  0.598015	  0.142680	  0.259305	  0.000000	

URL http://cisbp.ccbr.utoronto.ca/TFreport.php?searchTF=T112034_1.02

MOTIF M2349_1.02 (FBP1)_(Arabidopsis_thaliana)_(DBD_0.73)

letter-probability matrix: alength= 4 w= 15 nsites= 1 E= 0
  0.316151	  0.123711	  0.068729	  0.491409	
  0.288660	  0.113402	  0.134021	  0.463918	
  0.164948	  0.828179	  0.000000	  0.006873	
  0.000000	  0.797251	  0.003436	  0.199313	
  0.635739	  0.209622	  0.037801	  0.116838	
  0.745704	  0.075601	  0.037801	  0.140893	
  0.972509	  0.000000	  0.000000	  0.027491	
  0.824742	  0.003436	  0.000000	  0.171821	
  0.536082	  0.034364	  0.357388	  0.072165	
  0.326460	  0.000000	  0.103093	  0.570447	
  0.336770	  0.006873	  0.656357	  0.000000	
  0.024055	  0.000000	  0.975945	  0.000000	
  0.628866	  0.192440	  0.017182	  0.161512	
  0.793814	  0.061856	  0.030928	  0.113402	
  0.835052	  0.030928	  0.065292	  0.068729	

URL http://cisbp.ccbr.utoronto.ca/TFreport.php?searchTF=T112015_1.02

MOTIF M2352_1.02 (PMADS2)_(Arabidopsis_thaliana)_(DBD_0.75)

letter-probability matrix: alength= 4 w= 14 nsites= 1 E= 0
  0.080645	  0.356631	  0.103943	  0.458781	
  0.028674	  0.107527	  0.046595	  0.817204	
  0.057348	  0.043011	  0.012545	  0.887097	
  0.091398	  0.012545	  0.096774	  0.799283	
  0.000000	  0.976703	  0.010753	  0.012545	
  0.000000	  0.586022	  0.000000	  0.413978	
  0.292115	  0.123656	  0.025090	  0.559140	
  0.008961	  0.437276	  0.014337	  0.539427	
  0.086022	  0.021505	  0.000000	  0.892473	
  0.003584	  0.007168	  0.001792	  0.987455	
  0.026882	  0.148746	  0.021505	  0.802867	
  0.098566	  0.120072	  0.141577	  0.639785	
  0.112903	  0.078853	  0.706093	  0.102151	
  0.034050	  0.086022	  0.600358	  0.279570	

URL http://cisbp.ccbr.utoronto.ca/TFreport.php?searchTF=T112018_1.02

MOTIF M2356_1.02 (FBP2)_(Arabidopsis_thaliana)_(DBD_1.00)

letter-probability matrix: alength= 4 w= 11 nsites= 1 E= 0
  0.193333	  0.760000	  0.046667	  0.000000	
  0.020000	  0.920000	  0.000000	  0.060000	
  0.760000	  0.146667	  0.020000	  0.073333	
  0.780000	  0.160000	  0.000000	  0.060000	
  1.000000	  0.000000	  0.000000	  0.000000	
  0.840000	  0.033333	  0.000000	  0.126667	
  0.700000	  0.033333	  0.186667	  0.080000	
  0.486667	  0.000000	  0.000000	  0.513333	
  0.340000	  0.006667	  0.646667	  0.006667	
  0.100000	  0.033333	  0.740000	  0.126667	
  0.400000	  0.193333	  0.246667	  0.160000	

URL http://cisbp.ccbr.utoronto.ca/TFreport.php?searchTF=T112009_1.02

MOTIF M2378_1.02 (FBP22)_(Arabidopsis_thaliana)_(DBD_0.82)

letter-probability matrix: alength= 4 w= 18 nsites= 1 E= 0
  0.323077	  0.169231	  0.230769	  0.276923	
  0.184615	  0.092308	  0.138462	  0.584615	
  0.061538	  0.015385	  0.138462	  0.784615	
  0.323077	  0.076923	  0.338462	  0.261538	
  0.000000	  1.000000	  0.000000	  0.000000	
  0.015385	  0.969231	  0.015385	  0.000000	
  0.461538	  0.092308	  0.107692	  0.338462	
  0.476923	  0.061538	  0.123077	  0.338462	
  0.646154	  0.015385	  0.015385	  0.323077	
  0.400000	  0.046154	  0.030769	  0.523077	
  0.215385	  0.215385	  0.138462	  0.430769	
  0.230769	  0.123077	  0.430769	  0.215385	
  0.107692	  0.000000	  0.861538	  0.030769	
  0.061538	  0.000000	  0.861538	  0.076923	
  0.400000	  0.092308	  0.076923	  0.430769	
  0.738462	  0.153846	  0.061538	  0.046154	
  0.600000	  0.138462	  0.123077	  0.138462	
  0.276923	  0.230769	  0.292308	  0.200000	

URL http://cisbp.ccbr.utoronto.ca/TFreport.php?searchTF=T112036_1.02

