MEME version 4

ALPHABET= ACGT

strands: + -

Background letter frequencies (from uniform background):
A 0.25000 C 0.25000 G 0.25000 T 0.25000 

MOTIF M0086_1.02 (EAT77793.2)_(Histoplasma_capsulatum)_(DBD_0.97)

letter-probability matrix: alength= 4 w= 10 nsites= 1 E= 0
  0.287386	  0.184982	  0.164060	  0.363572	
  0.268823	  0.245690	  0.172342	  0.313145	
  0.339997	  0.263260	  0.151658	  0.245086	
  0.153137	  0.201022	  0.101791	  0.544050	
  0.240409	  0.109919	  0.541436	  0.108237	
  0.108237	  0.541436	  0.109919	  0.240409	
  0.544050	  0.101791	  0.201022	  0.153137	
  0.245086	  0.151658	  0.263260	  0.339997	
  0.313145	  0.172342	  0.245690	  0.268823	
  0.363572	  0.164060	  0.184982	  0.287386	

URL http://cisbp.ccbr.utoronto.ca/TFreport.php?searchTF=T006859_1.02

MOTIF M0088_1.02 (EAT81786.2)_(Aspergillus_nidulans)_(DBD_0.82)

letter-probability matrix: alength= 4 w= 7 nsites= 1 E= 0
  0.244709	  0.273163	  0.217037	  0.265090	
  0.259296	  0.165335	  0.343083	  0.232286	
  0.677036	  0.034389	  0.124926	  0.163649	
  0.005898	  0.967321	  0.013525	  0.013257	
  0.149512	  0.010149	  0.818420	  0.021919	
  0.010007	  0.874189	  0.003265	  0.112539	
  0.015323	  0.032764	  0.943248	  0.008665	

URL http://cisbp.ccbr.utoronto.ca/TFreport.php?searchTF=T006860_1.02

MOTIF M0112_1.02 (EAT81699.2)_(Neurospora_crassa)_(DBD_0.66)

letter-probability matrix: alength= 4 w= 8 nsites= 1 E= 0
  0.231893	  0.272129	  0.231893	  0.264086	
  0.199782	  0.275126	  0.241587	  0.283505	
  0.239406	  0.256765	  0.190216	  0.313613	
  0.169991	  0.163325	  0.418109	  0.248575	
  0.699238	  0.072966	  0.111051	  0.116745	
  0.096923	  0.120773	  0.014210	  0.768095	
  0.556969	  0.037808	  0.314980	  0.090243	
  0.186997	  0.278967	  0.206664	  0.327371	

URL http://cisbp.ccbr.utoronto.ca/TFreport.php?searchTF=T008162_1.02

MOTIF M0119_1.02 (EAT80600.2)_(Arabidopsis_thaliana)_(DBD_0.42)

letter-probability matrix: alength= 4 w= 10 nsites= 1 E= 0
  0.248110	  0.152843	  0.248240	  0.350807	
  0.831954	  0.024260	  0.024260	  0.119527	
  0.292968	  0.000230	  0.000230	  0.706571	
  0.701933	  0.000230	  0.000230	  0.297606	
  0.000230	  0.000230	  0.000230	  0.999309	
  0.802506	  0.000230	  0.000230	  0.197033	
  0.686996	  0.000230	  0.000230	  0.312544	
  0.297562	  0.000230	  0.000230	  0.701978	
  0.213125	  0.097387	  0.097387	  0.592100	
  0.322088	  0.225971	  0.225971	  0.225971	

URL http://cisbp.ccbr.utoronto.ca/TFreport.php?searchTF=T008869_1.02

MOTIF M0130_1.02 (EAT77588.2)_(Mus_musculus)_(DBD_0.62)

letter-probability matrix: alength= 4 w= 10 nsites= 1 E= 0
  0.215163	  0.323274	  0.194792	  0.266771	
  0.289485	  0.100082	  0.393882	  0.216552	
  0.286614	  0.288427	  0.170297	  0.254662	
  0.404746	  0.159463	  0.167260	  0.268531	
  0.420520	  0.151365	  0.157426	  0.270689	
  0.270689	  0.157426	  0.151365	  0.420520	
  0.268531	  0.167260	  0.159463	  0.404746	
  0.254662	  0.170297	  0.288427	  0.286614	
  0.216552	  0.393882	  0.100082	  0.289485	
  0.266771	  0.194792	  0.323274	  0.215163	

URL http://cisbp.ccbr.utoronto.ca/TFreport.php?searchTF=T008868_1.02

MOTIF M0232_1.02 (EAT81821.2)_(Neurospora_crassa)_(DBD_0.67)

letter-probability matrix: alength= 4 w= 10 nsites= 1 E= 0
  0.388135	  0.112825	  0.260346	  0.238694	
  0.249054	  0.172339	  0.128937	  0.449670	
  0.199250	  0.410304	  0.162487	  0.227958	
  0.479655	  0.034839	  0.286042	  0.199464	
  0.129912	  0.429844	  0.141336	  0.298908	
  0.298908	  0.141336	  0.429844	  0.129912	
  0.199464	  0.286042	  0.034839	  0.479655	
  0.227958	  0.162487	  0.410304	  0.199250	
  0.449670	  0.128937	  0.172339	  0.249054	
  0.238694	  0.260346	  0.112825	  0.388135	

URL http://cisbp.ccbr.utoronto.ca/TFreport.php?searchTF=T020566_1.02

MOTIF M0233_1.02 (EAT77600.2)_(Neurospora_crassa)_(DBD_0.74)

letter-probability matrix: alength= 4 w= 10 nsites= 1 E= 0
  0.372697	  0.131267	  0.368992	  0.127044	
  0.132630	  0.120618	  0.150348	  0.596405	
  0.053806	  0.833998	  0.040004	  0.072192	
  0.860550	  0.014337	  0.062962	  0.062150	
  0.049765	  0.733895	  0.036448	  0.179892	
  0.179892	  0.036448	  0.733895	  0.049765	
  0.062150	  0.062962	  0.014337	  0.860550	
  0.072192	  0.040004	  0.833998	  0.053806	
  0.596405	  0.150348	  0.120618	  0.132630	
  0.127044	  0.368992	  0.131267	  0.372697	

URL http://cisbp.ccbr.utoronto.ca/TFreport.php?searchTF=T020563_1.02

MOTIF M0235_1.02 (EAT85461.2)_(Neurospora_crassa)_(DBD_0.88)

letter-probability matrix: alength= 4 w= 8 nsites= 1 E= 0
  0.274385	  0.205312	  0.348812	  0.171491	
  0.190278	  0.136796	  0.336463	  0.336463	
  0.075030	  0.878218	  0.030505	  0.016247	
  0.751431	  0.000270	  0.135908	  0.112390	
  0.002837	  0.782682	  0.078471	  0.136010	
  0.236992	  0.000239	  0.711963	  0.050807	
  0.167264	  0.223536	  0.126415	  0.482785	
  0.153853	  0.085285	  0.605464	  0.155399	

URL http://cisbp.ccbr.utoronto.ca/TFreport.php?searchTF=T020569_1.02

MOTIF M0278_1.02 (EAT90638.1)_(Aspergillus_nidulans)_(DBD_0.73)

letter-probability matrix: alength= 4 w= 9 nsites= 1 E= 0
  0.248440	  0.175072	  0.312686	  0.263802	
  0.348841	  0.201264	  0.236185	  0.213709	
  0.250961	  0.137730	  0.144792	  0.466518	
  0.192616	  0.159285	  0.330530	  0.317569	
  0.547798	  0.306711	  0.100074	  0.045418	
  0.083480	  0.792037	  0.004829	  0.119654	
  0.161924	  0.013834	  0.778312	  0.045930	
  0.238359	  0.306059	  0.081759	  0.373822	
  0.313093	  0.147894	  0.356559	  0.182454	

URL http://cisbp.ccbr.utoronto.ca/TFreport.php?searchTF=T030183_1.02

MOTIF M0280_1.02 (EAT84312.2)_(Aspergillus_nidulans)_(DBD_0.74)

letter-probability matrix: alength= 4 w= 10 nsites= 1 E= 0
  0.145649	  0.150084	  0.513473	  0.190794	
  0.418917	  0.431675	  0.089808	  0.059601	
  0.005884	  0.000005	  0.066837	  0.927274	
  0.023022	  0.048253	  0.291916	  0.636808	
  0.986170	  0.000006	  0.013788	  0.000036	
  0.019732	  0.609267	  0.192916	  0.178084	
  0.220193	  0.096015	  0.341896	  0.341896	
  0.331651	  0.171414	  0.040209	  0.456726	
  0.667716	  0.100873	  0.129524	  0.101887	
  0.435821	  0.122392	  0.214269	  0.227518	

URL http://cisbp.ccbr.utoronto.ca/TFreport.php?searchTF=T030174_1.02

MOTIF M0330_1.02 (EAT80922.2)_(Neurospora_crassa)_(DBD_0.84)

letter-probability matrix: alength= 4 w= 8 nsites= 1 E= 0
  0.690951	  0.077454	  0.154141	  0.077454	
  0.000525	  0.000525	  0.000525	  0.998424	
  0.053046	  0.000525	  0.053046	  0.893382	
  0.998424	  0.000525	  0.000525	  0.000525	
  0.000525	  0.945903	  0.053046	  0.000525	
  0.053046	  0.000525	  0.893382	  0.053046	
  0.000525	  0.053046	  0.000525	  0.945903	
  0.784188	  0.071937	  0.071937	  0.071937	

URL http://cisbp.ccbr.utoronto.ca/TFreport.php?searchTF=T030169_1.02

MOTIF M0331_1.02 (EAT91661.1)_(Neurospora_crassa)_(DBD_0.73)

letter-probability matrix: alength= 4 w= 10 nsites= 1 E= 0
  0.138972	  0.117246	  0.552400	  0.191382	
  0.407664	  0.450538	  0.049921	  0.091876	
  0.018202	  0.000228	  0.064170	  0.917399	
  0.109798	  0.113142	  0.249297	  0.527762	
  0.898816	  0.005480	  0.085719	  0.009985	
  0.003372	  0.668907	  0.109469	  0.218251	
  0.178122	  0.123035	  0.455988	  0.242856	
  0.305077	  0.126541	  0.094686	  0.473696	
  0.502827	  0.177727	  0.146973	  0.172474	
  0.496385	  0.129976	  0.163588	  0.210051	

URL http://cisbp.ccbr.utoronto.ca/TFreport.php?searchTF=T030185_1.02

MOTIF M0341_1.02 (EAT87355.2)_(Schizosaccharomyces_pombe)_(DBD_0.70)

letter-probability matrix: alength= 4 w= 10 nsites= 1 E= 0
  0.570600	  0.126453	  0.170367	  0.132581	
  0.195785	  0.086320	  0.008371	  0.709524	
  0.193607	  0.163160	  0.313589	  0.329644	
  0.494817	  0.042071	  0.276108	  0.187005	
  0.071217	  0.695225	  0.054727	  0.178831	
  0.178831	  0.054727	  0.695225	  0.071217	
  0.187005	  0.276108	  0.042071	  0.494817	
  0.329644	  0.313589	  0.163160	  0.193607	
  0.709524	  0.008371	  0.086320	  0.195785	
  0.132581	  0.170367	  0.126453	  0.570600	

URL http://cisbp.ccbr.utoronto.ca/TFreport.php?searchTF=T030180_1.02

MOTIF M0467_1.02 (EAT87821.1)_(Neurospora_crassa)_(DBD_0.80)

letter-probability matrix: alength= 4 w= 8 nsites= 1 E= 0
  0.200133	  0.133644	  0.599069	  0.067154	
  0.000370	  0.000370	  0.998891	  0.000370	
  0.000370	  0.000370	  0.037352	  0.961908	
  0.000370	  0.000370	  0.998891	  0.000370	
  0.000370	  0.000370	  0.998891	  0.000370	
  0.000370	  0.998891	  0.000370	  0.000370	
  0.185281	  0.037352	  0.776997	  0.000370	
  0.578256	  0.158088	  0.105567	  0.158088	

URL http://cisbp.ccbr.utoronto.ca/TFreport.php?searchTF=T066715_1.02

MOTIF M0478_1.02 (EAT79876.2)_(Neurospora_crassa)_(DBD_0.80)

letter-probability matrix: alength= 4 w= 8 nsites= 1 E= 0
  0.242991	  0.344820	  0.200943	  0.211246	
  0.195557	  0.000022	  0.703347	  0.101074	
  0.021540	  0.372380	  0.061554	  0.544526	
  0.000061	  0.000001	  0.999903	  0.000035	
  0.004818	  0.000871	  0.918184	  0.076127	
  0.061126	  0.018046	  0.856568	  0.064260	
  0.189179	  0.100755	  0.524632	  0.185433	
  0.232300	  0.138107	  0.375415	  0.254177	

URL http://cisbp.ccbr.utoronto.ca/TFreport.php?searchTF=T066687_1.02

MOTIF M0483_1.02 (EAT82906.2)_(Neurospora_crassa)_(DBD_0.75)

letter-probability matrix: alength= 4 w= 10 nsites= 1 E= 0
  0.309407	  0.173236	  0.322034	  0.195323	
  0.212288	  0.170365	  0.398594	  0.218753	
  0.182019	  0.056493	  0.688221	  0.073267	
  0.205430	  0.081868	  0.250913	  0.461789	
  0.005887	  0.032875	  0.927699	  0.033539	
  0.000760	  0.000020	  0.997902	  0.001317	
  0.000226	  0.805566	  0.018021	  0.176187	
  0.115535	  0.065995	  0.310932	  0.507539	
  0.149767	  0.109846	  0.644891	  0.095496	
  0.194711	  0.078376	  0.602759	  0.124153	

URL http://cisbp.ccbr.utoronto.ca/TFreport.php?searchTF=T066692_1.02

MOTIF M0484_1.02 (EAT87393.2)_(Neurospora_crassa)_(DBD_0.78)

letter-probability matrix: alength= 4 w= 9 nsites= 1 E= 0
  0.263824	  0.057701	  0.599012	  0.079462	
  0.306847	  0.094288	  0.136503	  0.462362	
  0.003417	  0.000402	  0.811461	  0.184719	
  0.000117	  0.000000	  0.999883	  0.000000	
  0.000079	  0.986535	  0.000000	  0.013386	
  0.095950	  0.004322	  0.443116	  0.456611	
  0.156563	  0.315279	  0.296918	  0.231240	
  0.534596	  0.081574	  0.087489	  0.296341	
  0.157278	  0.059028	  0.644202	  0.139493	

URL http://cisbp.ccbr.utoronto.ca/TFreport.php?searchTF=T066714_1.02

MOTIF M0486_1.02 (EAT77474.2)_(Neurospora_crassa)_(DBD_0.72)

letter-probability matrix: alength= 4 w= 10 nsites= 1 E= 0
  0.205413	  0.261131	  0.227016	  0.306440	
  0.399144	  0.225726	  0.088175	  0.286954	
  0.999703	  0.000032	  0.000053	  0.000212	
  0.001910	  0.001333	  0.979689	  0.017069	
  0.017715	  0.020997	  0.948033	  0.013255	
  0.047779	  0.801580	  0.014106	  0.136535	
  0.448288	  0.211756	  0.140532	  0.199424	
  0.246607	  0.199896	  0.269831	  0.283666	
  0.233805	  0.300212	  0.220190	  0.245793	
  0.264966	  0.237366	  0.219116	  0.278551	

URL http://cisbp.ccbr.utoronto.ca/TFreport.php?searchTF=T066680_1.02

MOTIF M0577_1.02 (EAT80855.2)_(Neurospora_crassa)_(DBD_0.71)

letter-probability matrix: alength= 4 w= 8 nsites= 1 E= 0
  0.077454	  0.230828	  0.000767	  0.690951	
  0.166851	  0.000554	  0.832040	  0.000554	
  0.000525	  0.000525	  0.000525	  0.998424	
  0.000525	  0.998424	  0.000525	  0.000525	
  0.998424	  0.000525	  0.000525	  0.000525	
  0.000525	  0.998424	  0.000525	  0.000525	
  0.945903	  0.000525	  0.053046	  0.000525	
  0.077454	  0.614264	  0.077454	  0.230828	

URL http://cisbp.ccbr.utoronto.ca/TFreport.php?searchTF=T071450_1.02

MOTIF M0743_1.02 (EAT80926.2)_(Neurospora_crassa)_(DBD_0.57)

letter-probability matrix: alength= 4 w= 12 nsites= 1 E= 0
  0.325852	  0.224716	  0.224716	  0.224716	
  0.224716	  0.224716	  0.224716	  0.325852	
  0.320320	  0.126731	  0.230111	  0.322838	
  0.150068	  0.054508	  0.740916	  0.054508	
  0.110630	  0.000255	  0.000255	  0.888861	
  0.802598	  0.101332	  0.000255	  0.095815	
  0.999235	  0.000255	  0.000255	  0.000255	
  0.898099	  0.000255	  0.000255	  0.101392	
  0.025539	  0.521340	  0.025539	  0.427581	
  0.923383	  0.025539	  0.025539	  0.025539	
  0.438479	  0.218912	  0.123524	  0.219085	
  0.412759	  0.195747	  0.195747	  0.195747	

URL http://cisbp.ccbr.utoronto.ca/TFreport.php?searchTF=T083337_1.02

MOTIF M0744_1.02 (EAT83509.2)_(Neurospora_crassa)_(DBD_0.64)

letter-probability matrix: alength= 4 w= 8 nsites= 1 E= 0
  0.570513	  0.071937	  0.356838	  0.000712	
  0.059272	  0.000587	  0.000587	  0.939554	
  0.939554	  0.059272	  0.000587	  0.000587	
  0.998239	  0.000587	  0.000587	  0.000587	
  0.998239	  0.000587	  0.000587	  0.000587	
  0.000587	  0.880869	  0.000587	  0.117958	
  0.998239	  0.000587	  0.000587	  0.000587	
  0.499004	  0.200199	  0.000996	  0.299801	

URL http://cisbp.ccbr.utoronto.ca/TFreport.php?searchTF=T083338_1.02

MOTIF M0791_1.02 (EAT78433.2)_(Neurospora_crassa)_(DBD_1.00)

letter-probability matrix: alength= 4 w= 9 nsites= 1 E= 0
  0.238290	  0.282447	  0.248015	  0.231248	
  0.249185	  0.272652	  0.259355	  0.218808	
  0.236587	  0.439798	  0.109543	  0.214073	
  0.059758	  0.068055	  0.757717	  0.114470	
  0.902683	  0.000129	  0.000123	  0.097064	
  0.048477	  0.051992	  0.000705	  0.898826	
  0.141843	  0.359503	  0.271706	  0.226948	
  0.208434	  0.289925	  0.254582	  0.247058	
  0.248381	  0.255945	  0.266390	  0.229284	

URL http://cisbp.ccbr.utoronto.ca/TFreport.php?searchTF=T085908_1.02

MOTIF M0792_1.02 (EAT84866.1)_(Neurospora_crassa)_(DBD_0.94)

letter-probability matrix: alength= 4 w= 8 nsites= 1 E= 0
  0.246114	  0.263959	  0.251086	  0.238840	
  0.289615	  0.264688	  0.175661	  0.270036	
  0.101067	  0.108395	  0.696303	  0.094234	
  0.794489	  0.034733	  0.044598	  0.126179	
  0.025614	  0.062373	  0.046671	  0.865343	
  0.449630	  0.160521	  0.097361	  0.292488	
  0.295846	  0.232721	  0.265029	  0.206405	
  0.224078	  0.276441	  0.282025	  0.217456	

URL http://cisbp.ccbr.utoronto.ca/TFreport.php?searchTF=T085913_1.02

MOTIF M0868_1.02 (EAT81936.1)_(Aspergillus_terreus)_(DBD_0.79)

letter-probability matrix: alength= 4 w= 10 nsites= 1 E= 0
  0.120334	  0.181321	  0.137039	  0.561307	
  0.393227	  0.030398	  0.023912	  0.552463	
  0.666060	  0.048491	  0.068127	  0.217322	
  0.968998	  0.000057	  0.030455	  0.000490	
  0.058899	  0.026731	  0.182332	  0.732037	
  0.088383	  0.034181	  0.190886	  0.686549	
  0.445525	  0.049366	  0.450003	  0.055106	
  0.363920	  0.205806	  0.277809	  0.152465	
  0.269688	  0.199790	  0.173689	  0.356833	
  0.294363	  0.220261	  0.205370	  0.280006	

URL http://cisbp.ccbr.utoronto.ca/TFreport.php?searchTF=T102483_1.02

MOTIF M1114_1.02 (EAT76606.1)_(Neurospora_crassa)_(DBD_0.89)

letter-probability matrix: alength= 4 w= 8 nsites= 1 E= 0
  0.209810	  0.248689	  0.243765	  0.297735	
  0.169404	  0.268348	  0.296570	  0.265678	
  0.128561	  0.266774	  0.173539	  0.431126	
  0.418284	  0.236550	  0.131126	  0.214040	
  0.620568	  0.129106	  0.226022	  0.024304	
  0.203970	  0.136725	  0.099283	  0.560021	
  0.279320	  0.235653	  0.176330	  0.308697	
  0.292088	  0.158706	  0.150966	  0.398240	

URL http://cisbp.ccbr.utoronto.ca/TFreport.php?searchTF=T102480_1.02

MOTIF M1212_1.02 EAT80686.1

letter-probability matrix: alength= 4 w= 11 nsites= 1 E= 0
  0.404262	  0.198579	  0.198579	  0.198579	
  0.210358	  0.445165	  0.227255	  0.117223	
  0.023570	  0.023570	  0.023570	  0.929290	
  0.814469	  0.000159	  0.092078	  0.093294	
  0.999523	  0.000159	  0.000159	  0.000159	
  0.000159	  0.000159	  0.000159	  0.999523	
  0.093294	  0.906388	  0.000159	  0.000159	
  0.999523	  0.000159	  0.000159	  0.000159	
  0.444433	  0.051580	  0.051580	  0.452408	
  0.225863	  0.132936	  0.132936	  0.508264	
  0.226589	  0.226589	  0.226589	  0.320233	

URL http://cisbp.ccbr.utoronto.ca/TFreport.php?searchTF=T102481_1.02

MOTIF M1213_1.02 EAT84071.1

letter-probability matrix: alength= 4 w= 8 nsites= 1 E= 0
  0.001984	  0.597222	  0.001984	  0.398810	
  0.663907	  0.167219	  0.001656	  0.167219	
  0.995033	  0.001656	  0.001656	  0.001656	
  0.995739	  0.001420	  0.001420	  0.001420	
  0.001420	  0.001420	  0.001420	  0.995739	
  0.001420	  0.995739	  0.001420	  0.001420	
  0.995739	  0.001420	  0.001420	  0.001420	
  0.995033	  0.001656	  0.001656	  0.001656	

URL http://cisbp.ccbr.utoronto.ca/TFreport.php?searchTF=T102486_1.02

MOTIF M1214_1.02 SNOG_08237

letter-probability matrix: alength= 4 w= 9 nsites= 1 E= 0
  0.183057	  0.192443	  0.244642	  0.379858	
  0.089850	  0.307399	  0.064596	  0.538155	
  0.688220	  0.122011	  0.079369	  0.110400	
  0.818578	  0.107508	  0.072789	  0.001125	
  0.000245	  0.070414	  0.000078	  0.929263	
  0.397696	  0.161691	  0.077145	  0.363467	
  0.315946	  0.109461	  0.074111	  0.500481	
  0.450724	  0.183251	  0.232957	  0.133067	
  0.247417	  0.223872	  0.204604	  0.324107	

URL http://cisbp.ccbr.utoronto.ca/TFreport.php?searchTF=T102502_1.02

MOTIF M1248_1.02 (EAT83230.2)_(Aspergillus_nidulans)_(DBD_0.85)

letter-probability matrix: alength= 4 w= 10 nsites= 1 E= 0
  0.354631	  0.215094	  0.219440	  0.210835	
  0.330282	  0.212714	  0.202340	  0.254665	
  0.214610	  0.210361	  0.307608	  0.267421	
  0.286586	  0.236995	  0.241782	  0.234637	
  0.124300	  0.022037	  0.071001	  0.782662	
  0.089295	  0.000287	  0.037410	  0.873008	
  0.077635	  0.814050	  0.043468	  0.064846	
  0.032211	  0.433685	  0.153288	  0.380816	
  0.614435	  0.084835	  0.185064	  0.115666	
  0.161120	  0.302520	  0.140071	  0.396290	

URL http://cisbp.ccbr.utoronto.ca/TFreport.php?searchTF=T106966_1.02

MOTIF M1709_1.02 (EAT85148.1)_(Histoplasma_capsulatum)_(DBD_0.82)

letter-probability matrix: alength= 4 w= 10 nsites= 1 E= 0
  0.210977	  0.265536	  0.252586	  0.270900	
  0.223875	  0.237718	  0.223875	  0.314532	
  0.351108	  0.077563	  0.183294	  0.388034	
  0.160399	  0.356975	  0.210117	  0.272508	
  0.001886	  0.996570	  0.000001	  0.001544	
  0.000100	  0.999832	  0.000051	  0.000017	
  0.018155	  0.000186	  0.981346	  0.000313	
  0.205945	  0.342958	  0.170308	  0.280790	
  0.272412	  0.232134	  0.246488	  0.248966	
  0.269485	  0.264149	  0.239012	  0.227355	

URL http://cisbp.ccbr.utoronto.ca/TFreport.php?searchTF=T164631_1.02

MOTIF M1711_1.02 (EAT77854.2)_(Aspergillus_nidulans)_(DBD_0.85)

letter-probability matrix: alength= 4 w= 9 nsites= 1 E= 0
  0.261177	  0.236323	  0.263802	  0.238698	
  0.189377	  0.215668	  0.263418	  0.331537	
  0.364783	  0.095517	  0.080584	  0.459116	
  0.082747	  0.173433	  0.132395	  0.611424	
  0.016944	  0.972542	  0.000134	  0.010380	
  0.000127	  0.981032	  0.018702	  0.000139	
  0.002022	  0.000514	  0.996408	  0.001056	
  0.350011	  0.099282	  0.364295	  0.186413	
  0.242322	  0.194468	  0.330388	  0.232821	

URL http://cisbp.ccbr.utoronto.ca/TFreport.php?searchTF=T164589_1.02

MOTIF M1720_1.02 (EAT81838.2)_(Neurospora_crassa)_(DBD_0.87)

letter-probability matrix: alength= 4 w= 7 nsites= 1 E= 0
  0.203955	  0.184546	  0.423224	  0.188275	
  0.000292	  0.992488	  0.000533	  0.006687	
  0.090292	  0.000060	  0.909640	  0.000009	
  0.131709	  0.572835	  0.217152	  0.078304	
  0.243083	  0.240664	  0.255546	  0.260708	
  0.296444	  0.204764	  0.219611	  0.279181	
  0.290956	  0.217712	  0.235845	  0.255487	

URL http://cisbp.ccbr.utoronto.ca/TFreport.php?searchTF=T164614_1.02

MOTIF M1734_1.02 (EAT90682.1)_(Neurospora_crassa)_(DBD_0.77)

letter-probability matrix: alength= 4 w= 8 nsites= 1 E= 0
  0.324200	  0.145673	  0.242587	  0.287540	
  0.495789	  0.056045	  0.178779	  0.269387	
  0.128603	  0.277753	  0.028695	  0.564948	
  0.542726	  0.280509	  0.112911	  0.063854	
  0.053493	  0.862262	  0.018908	  0.065337	
  0.054837	  0.044897	  0.815966	  0.084299	
  0.507501	  0.120241	  0.252017	  0.120241	
  0.262801	  0.165902	  0.380465	  0.190832	

URL http://cisbp.ccbr.utoronto.ca/TFreport.php?searchTF=T164657_1.02

MOTIF M1735_1.02 (EAT80149.2)_(Neurospora_crassa)_(DBD_0.85)

letter-probability matrix: alength= 4 w= 10 nsites= 1 E= 0
  0.274890	  0.238978	  0.205690	  0.280443	
  0.281944	  0.226265	  0.226265	  0.265525	
  0.265719	  0.215387	  0.213244	  0.305649	
  0.266965	  0.168531	  0.106391	  0.458114	
  0.095408	  0.419122	  0.090755	  0.394715	
  0.107235	  0.716960	  0.074815	  0.100990	
  0.000913	  0.942656	  0.056188	  0.000244	
  0.004346	  0.000048	  0.952688	  0.042918	
  0.476776	  0.152482	  0.190004	  0.180738	
  0.263307	  0.215577	  0.235879	  0.285237	

URL http://cisbp.ccbr.utoronto.ca/TFreport.php?searchTF=T164603_1.02

MOTIF M1742_1.02 (EAT79110.2)_(Neurospora_crassa)_(DBD_0.77)

letter-probability matrix: alength= 4 w= 9 nsites= 1 E= 0
  0.231793	  0.248599	  0.224942	  0.294666	
  0.053192	  0.187526	  0.155076	  0.604206	
  0.611409	  0.012500	  0.016212	  0.359878	
  0.580877	  0.133559	  0.215840	  0.069724	
  0.078072	  0.329516	  0.571135	  0.021277	
  0.006820	  0.992178	  0.000002	  0.001000	
  0.004370	  0.000385	  0.977344	  0.017901	
  0.789651	  0.055235	  0.111229	  0.043886	
  0.271328	  0.158116	  0.438486	  0.132070	

URL http://cisbp.ccbr.utoronto.ca/TFreport.php?searchTF=T164594_1.02

MOTIF M1745_1.02 (EAT85810.2)_(Neurospora_crassa)_(DBD_0.80)

letter-probability matrix: alength= 4 w= 11 nsites= 1 E= 0
  0.267306	  0.384250	  0.174222	  0.174222	
  0.470233	  0.075473	  0.378822	  0.075473	
  0.023740	  0.023740	  0.023740	  0.928780	
  0.000136	  0.000136	  0.000136	  0.999593	
  0.000136	  0.999593	  0.000136	  0.000136	
  0.000136	  0.999593	  0.000136	  0.000136	
  0.000136	  0.000136	  0.999593	  0.000136	
  0.000136	  0.999593	  0.000136	  0.000136	
  0.258305	  0.075913	  0.589868	  0.075913	
  0.174663	  0.274628	  0.376046	  0.174663	
  0.320812	  0.226396	  0.226396	  0.226396	

URL http://cisbp.ccbr.utoronto.ca/TFreport.php?searchTF=T164637_1.02

MOTIF M1747_1.02 (EAT90909.1)_(Neurospora_crassa)_(DBD_0.97)

letter-probability matrix: alength= 4 w= 11 nsites= 1 E= 0
  0.638147	  0.120618	  0.120618	  0.120618	
  0.653853	  0.047071	  0.047071	  0.252005	
  0.141783	  0.558929	  0.138039	  0.161249	
  0.000193	  0.000193	  0.000193	  0.999421	
  0.100582	  0.000193	  0.899032	  0.000193	
  0.000193	  0.999421	  0.000193	  0.000193	
  0.000193	  0.999421	  0.000193	  0.000193	
  0.000193	  0.000193	  0.999421	  0.000193	
  0.328086	  0.129575	  0.412763	  0.129575	
  0.296955	  0.296800	  0.203122	  0.203122	
  0.203122	  0.203122	  0.296800	  0.296955	

URL http://cisbp.ccbr.utoronto.ca/TFreport.php?searchTF=T164659_1.02

MOTIF M1749_1.02 (EAT82165.2)_(Neurospora_crassa)_(DBD_0.93)

letter-probability matrix: alength= 4 w= 10 nsites= 1 E= 0
  0.193905	  0.256562	  0.229837	  0.319696	
  0.262957	  0.217455	  0.185303	  0.334284	
  0.188628	  0.270367	  0.242204	  0.298801	
  0.286552	  0.163681	  0.239348	  0.310418	
  0.105380	  0.177253	  0.220870	  0.496496	
  0.038875	  0.944224	  0.005873	  0.011027	
  0.000025	  0.881416	  0.118100	  0.000459	
  0.027096	  0.000343	  0.972013	  0.000548	
  0.314822	  0.135912	  0.344471	  0.204795	
  0.342729	  0.152466	  0.286271	  0.218534	

URL http://cisbp.ccbr.utoronto.ca/TFreport.php?searchTF=T164615_1.02

MOTIF M1754_1.02 (EAT83908.1)_(Neurospora_crassa)_(DBD_0.90)

letter-probability matrix: alength= 4 w= 9 nsites= 1 E= 0
  0.302925	  0.226668	  0.199036	  0.271371	
  0.286863	  0.214649	  0.141035	  0.357453	
  0.277806	  0.146485	  0.157106	  0.418603	
  0.126365	  0.251936	  0.143908	  0.477791	
  0.567564	  0.002463	  0.109001	  0.320972	
  0.227816	  0.234754	  0.264685	  0.272745	
  0.162122	  0.512012	  0.146694	  0.179172	
  0.179260	  0.554928	  0.127592	  0.138219	
  0.229591	  0.133794	  0.422546	  0.214069	

URL http://cisbp.ccbr.utoronto.ca/TFreport.php?searchTF=T164626_1.02

MOTIF M2118_1.02 (EAT77445.1)_(Saccharomyces_cerevisiae)_(DBD_0.76)

letter-probability matrix: alength= 4 w= 5 nsites= 1 E= 0
  0.000000	  0.000000	  0.000000	  1.000000	
  0.000000	  0.000000	  0.010160	  0.989840	
  0.005578	  0.000000	  0.994422	  0.000000	
  0.000000	  0.000000	  0.998223	  0.001777	
  0.158006	  0.378979	  0.030665	  0.432350	

URL http://cisbp.ccbr.utoronto.ca/TFreport.php?searchTF=T070717_1.02

MOTIF M4266_1.02 (EAT85966.2)_(Saccharomyces_cerevisiae)_(DBD_0.91)

letter-probability matrix: alength= 4 w= 21 nsites= 1 E= 0
  0.277896	  0.250994	  0.386874	  0.084236	
  0.337701	  0.191203	  0.147499	  0.323596	
  0.253161	  0.345476	  0.088062	  0.313301	
  0.160289	  0.200315	  0.154575	  0.484821	
  0.545495	  0.139664	  0.154641	  0.160199	
  0.115326	  0.098646	  0.701617	  0.084410	
  0.287085	  0.198825	  0.266325	  0.247765	
  0.332186	  0.110816	  0.027332	  0.529666	
  0.907072	  0.007916	  0.025927	  0.059085	
  0.012689	  0.007855	  0.023849	  0.955608	
  0.981186	  0.002417	  0.004390	  0.012006	
  0.038291	  0.001865	  0.005177	  0.954667	
  0.970929	  0.002253	  0.006019	  0.020798	
  0.044741	  0.004462	  0.003313	  0.947483	
  0.883835	  0.010075	  0.024913	  0.081177	
  0.186324	  0.062165	  0.094376	  0.657135	
  0.264806	  0.122748	  0.129197	  0.483248	
  0.137280	  0.380802	  0.369687	  0.112231	
  0.266096	  0.228247	  0.383999	  0.121658	
  0.350006	  0.176397	  0.172576	  0.301021	
  0.248908	  0.193837	  0.270884	  0.286371	

URL http://cisbp.ccbr.utoronto.ca/TFreport.php?searchTF=T150899_1.02

MOTIF M4276_1.02 (EAT79066.1)_(Saccharomyces_cerevisiae)_(DBD_0.79)

letter-probability matrix: alength= 4 w= 7 nsites= 1 E= 0
  0.071259	  0.298663	  0.583022	  0.047056	
  0.007434	  0.498571	  0.033741	  0.460255	
  0.000000	  0.000000	  1.000000	  0.000000	
  0.000000	  0.000000	  1.000000	  0.000000	
  0.000000	  0.000000	  1.000000	  0.000000	
  0.008921	  0.011618	  0.969378	  0.010083	
  0.179476	  0.146057	  0.353710	  0.320756	

URL http://cisbp.ccbr.utoronto.ca/TFreport.php?searchTF=T066683_1.02

MOTIF M4320_1.02 (EAT79216.2)_(Saccharomyces_cerevisiae)_(DBD_0.83)

letter-probability matrix: alength= 4 w= 6 nsites= 1 E= 0
  0.011904	  0.011904	  0.964289	  0.011904	
  0.964289	  0.011904	  0.011904	  0.011904	
  0.011904	  0.011904	  0.011904	  0.964289	
  0.964289	  0.011904	  0.011904	  0.011904	
  0.964289	  0.011904	  0.011904	  0.011904	
  0.011904	  0.011904	  0.964289	  0.011904	

URL http://cisbp.ccbr.utoronto.ca/TFreport.php?searchTF=T085910_1.02

MOTIF M4323_1.02 (EAT82020.2)_(Saccharomyces_cerevisiae)_(DBD_0.70)

letter-probability matrix: alength= 4 w= 9 nsites= 1 E= 0
  0.300000	  0.100000	  0.100000	  0.500000	
  0.050000	  0.050000	  0.850000	  0.050000	
  0.237500	  0.537500	  0.037500	  0.187500	
  0.000000	  0.000000	  1.000000	  0.000000	
  0.000000	  0.000000	  1.000000	  0.000000	
  0.000000	  0.000000	  1.000000	  0.000000	
  0.000000	  0.000000	  1.000000	  0.000000	
  0.462500	  0.112500	  0.112500	  0.312500	
  0.550000	  0.150000	  0.150000	  0.150000	

URL http://cisbp.ccbr.utoronto.ca/TFreport.php?searchTF=T066690_1.02

MOTIF M4343_1.02 (EAT77299.2)_(Saccharomyces_cerevisiae)_(DBD_0.45)

letter-probability matrix: alength= 4 w= 16 nsites= 1 E= 0
  0.088000	  0.066000	  0.637000	  0.209000	
  0.062000	  0.064000	  0.851000	  0.023000	
  0.030000	  0.113000	  0.052000	  0.805000	
  0.239000	  0.048000	  0.062000	  0.651000	
  0.200200	  0.127127	  0.624625	  0.048048	
  0.007007	  0.752753	  0.012012	  0.228228	
  0.038000	  0.702000	  0.054000	  0.206000	
  0.646000	  0.055000	  0.207000	  0.092000	
  0.027000	  0.190000	  0.060000	  0.723000	
  0.223000	  0.029000	  0.718000	  0.030000	
  0.215000	  0.199000	  0.535000	  0.051000	
  0.084000	  0.660000	  0.022000	  0.234000	
  0.616617	  0.109109	  0.240240	  0.034034	
  0.871000	  0.013000	  0.102000	  0.014000	
  0.083000	  0.749000	  0.109000	  0.059000	
  0.078000	  0.181000	  0.694000	  0.047000	

URL http://cisbp.ccbr.utoronto.ca/TFreport.php?searchTF=T139141_1.02

