MEME version 4

ALPHABET= ACGT

strands: + -

Background letter frequencies (from uniform background):
A 0.25000 C 0.25000 G 0.25000 T 0.25000 

MOTIF M0004_1.02 (gw1.121.77.1)_(Cannabis_sativa)_(DBD_0.75)

letter-probability matrix: alength= 4 w= 8 nsites= 1 E= 0
  0.150033	  0.716511	  0.075058	  0.058397	
  0.025535	  0.012799	  0.948867	  0.012799	
  0.018926	  0.874057	  0.106954	  0.000063	
  0.018926	  0.974660	  0.006351	  0.000063	
  0.000063	  0.006351	  0.993524	  0.000063	
  0.058873	  0.627352	  0.137284	  0.176490	
  0.157922	  0.774278	  0.007592	  0.060207	
  0.488783	  0.066748	  0.299978	  0.144491	

URL http://cisbp.ccbr.utoronto.ca/TFreport.php?searchTF=T003356_1.02

MOTIF M0006_1.02 (gw1.21.122.1)_(Arabidopsis_thaliana)_(DBD_0.79)

letter-probability matrix: alength= 4 w= 10 nsites= 1 E= 0
  0.248762	  0.390137	  0.266799	  0.094302	
  0.136992	  0.720483	  0.132943	  0.009582	
  0.384131	  0.000678	  0.614608	  0.000583	
  0.001029	  0.795182	  0.186526	  0.017263	
  0.001119	  0.955576	  0.000685	  0.042620	
  0.201865	  0.009185	  0.711658	  0.077293	
  0.164166	  0.679174	  0.079113	  0.077547	
  0.348470	  0.351972	  0.155019	  0.144539	
  0.253096	  0.163003	  0.425715	  0.158186	
  0.184070	  0.238726	  0.171626	  0.405579	

URL http://cisbp.ccbr.utoronto.ca/TFreport.php?searchTF=T003379_1.02

MOTIF M0011_1.02 (gw1.90.191.1)_(Arabidopsis_thaliana)_(DBD_0.90)

letter-probability matrix: alength= 4 w= 8 nsites= 1 E= 0
  0.080136	  0.759592	  0.080136	  0.080136	
  0.014420	  0.000143	  0.985294	  0.000143	
  0.000143	  0.885351	  0.114363	  0.000143	
  0.000143	  0.985294	  0.014420	  0.000143	
  0.014420	  0.000143	  0.985294	  0.000143	
  0.057253	  0.642633	  0.185751	  0.114363	
  0.079473	  0.904346	  0.000159	  0.016022	
  0.581087	  0.023467	  0.279043	  0.116403	

URL http://cisbp.ccbr.utoronto.ca/TFreport.php?searchTF=T003435_1.02

MOTIF M0015_1.02 (gw1.120.55.1)_(Arabidopsis_thaliana)_(DBD_0.81)

letter-probability matrix: alength= 4 w= 9 nsites= 1 E= 0
  0.205690	  0.280443	  0.274890	  0.238978	
  0.219631	  0.420713	  0.181626	  0.178030	
  0.608067	  0.000074	  0.391617	  0.000242	
  0.020599	  0.948846	  0.026716	  0.003839	
  0.032289	  0.911179	  0.019390	  0.037142	
  0.064847	  0.000159	  0.855790	  0.079204	
  0.352874	  0.312971	  0.122255	  0.211899	
  0.215543	  0.381137	  0.150379	  0.252942	
  0.319425	  0.236636	  0.163453	  0.280486	

URL http://cisbp.ccbr.utoronto.ca/TFreport.php?searchTF=T003355_1.02

MOTIF M0016_1.02 (e_gw1.187.17.1)_(Arabidopsis_thaliana)_(DBD_0.96)

letter-probability matrix: alength= 4 w= 10 nsites= 1 E= 0
  0.180753	  0.553982	  0.128655	  0.136610	
  0.584029	  0.000181	  0.415695	  0.000095	
  0.000969	  0.933312	  0.065283	  0.000435	
  0.001168	  0.968011	  0.000091	  0.030730	
  0.093485	  0.006806	  0.786663	  0.113047	
  0.496772	  0.241805	  0.080490	  0.180934	
  0.098722	  0.822470	  0.000369	  0.078438	
  0.270589	  0.550376	  0.052489	  0.126546	
  0.468198	  0.141019	  0.160596	  0.230187	
  0.268544	  0.245430	  0.189239	  0.296787	

URL http://cisbp.ccbr.utoronto.ca/TFreport.php?searchTF=T002682_1.02

MOTIF M0018_1.02 (e_gw1.31.217.1)_(Arabidopsis_thaliana)_(DBD_0.88)

letter-probability matrix: alength= 4 w= 10 nsites= 1 E= 0
  0.188766	  0.239969	  0.391705	  0.179560	
  0.100217	  0.435867	  0.346311	  0.117606	
  0.222731	  0.605446	  0.117444	  0.054378	
  0.014535	  0.000604	  0.912866	  0.071994	
  0.000191	  0.997296	  0.002004	  0.000509	
  0.042405	  0.950755	  0.003659	  0.003181	
  0.036094	  0.027553	  0.903365	  0.032987	
  0.170746	  0.518106	  0.100502	  0.210646	
  0.235827	  0.660568	  0.036712	  0.066893	
  0.477760	  0.132835	  0.239633	  0.149771	

URL http://cisbp.ccbr.utoronto.ca/TFreport.php?searchTF=T002702_1.02

MOTIF M0020_1.02 (e_gw1.60.113.1)_(Arabidopsis_thaliana)_(DBD_0.79)

letter-probability matrix: alength= 4 w= 8 nsites= 1 E= 0
  0.217420	  0.478063	  0.282580	  0.021937	
  0.000161	  0.048517	  0.951161	  0.000161	
  0.016280	  0.951161	  0.032398	  0.000161	
  0.000161	  0.983398	  0.016280	  0.000161	
  0.000161	  0.016280	  0.983398	  0.000161	
  0.096873	  0.644907	  0.145229	  0.112992	
  0.000169	  0.999492	  0.000169	  0.000169	
  0.461322	  0.102715	  0.282018	  0.153945	

URL http://cisbp.ccbr.utoronto.ca/TFreport.php?searchTF=T002715_1.02

MOTIF M0022_1.02 (e_gw1.5.258.1)_(Arabidopsis_thaliana)_(DBD_0.79)

letter-probability matrix: alength= 4 w= 8 nsites= 1 E= 0
  0.168576	  0.516734	  0.224730	  0.089960	
  0.064801	  0.726482	  0.115147	  0.093570	
  0.023863	  0.017912	  0.952214	  0.006010	
  0.011961	  0.898655	  0.083373	  0.006010	
  0.011961	  0.976018	  0.011961	  0.000060	
  0.006010	  0.006010	  0.987920	  0.000060	
  0.056298	  0.662397	  0.131280	  0.150025	
  0.123116	  0.799831	  0.038527	  0.038527	

URL http://cisbp.ccbr.utoronto.ca/TFreport.php?searchTF=T002713_1.02

MOTIF M0028_1.02 (gw1.2.361.1)_(Arabidopsis_thaliana)_(DBD_0.89)

letter-probability matrix: alength= 4 w= 9 nsites= 1 E= 0
  0.216684	  0.323255	  0.262026	  0.198035	
  0.297134	  0.470682	  0.113770	  0.118414	
  0.053650	  0.000097	  0.946225	  0.000029	
  0.057636	  0.832265	  0.047663	  0.062437	
  0.127082	  0.784331	  0.032617	  0.055971	
  0.205930	  0.092530	  0.618648	  0.082892	
  0.241989	  0.346850	  0.132807	  0.278354	
  0.128129	  0.680641	  0.066889	  0.124342	
  0.307220	  0.319757	  0.140831	  0.232192	

URL http://cisbp.ccbr.utoronto.ca/TFreport.php?searchTF=T003385_1.02

MOTIF M0031_1.02 (e_gw1.41.124.1)_(Arabidopsis_thaliana)_(DBD_0.73)

letter-probability matrix: alength= 4 w= 10 nsites= 1 E= 0
  0.224885	  0.220841	  0.245693	  0.308582	
  0.511252	  0.138173	  0.167552	  0.183023	
  0.128737	  0.210702	  0.138685	  0.521876	
  0.031903	  0.003021	  0.958031	  0.007044	
  0.027416	  0.011067	  0.002015	  0.959502	
  0.010655	  0.959277	  0.000000	  0.030067	
  0.067918	  0.003708	  0.888378	  0.039997	
  0.090185	  0.000093	  0.893602	  0.016120	
  0.015665	  0.533365	  0.014506	  0.436464	
  0.371160	  0.207897	  0.266626	  0.154317	

URL http://cisbp.ccbr.utoronto.ca/TFreport.php?searchTF=T002710_1.02

MOTIF M0037_1.02 (e_gw1.19.142.1)_(Arabidopsis_thaliana)_(DBD_0.76)

letter-probability matrix: alength= 4 w= 10 nsites= 1 E= 0
  0.193276	  0.300101	  0.279812	  0.226811	
  0.289447	  0.467767	  0.166996	  0.075790	
  0.033966	  0.013268	  0.939499	  0.013268	
  0.032073	  0.905066	  0.035802	  0.027059	
  0.097055	  0.850038	  0.020600	  0.032307	
  0.042649	  0.010412	  0.927966	  0.018973	
  0.129323	  0.591296	  0.130623	  0.148757	
  0.034651	  0.902636	  0.024418	  0.038295	
  0.383810	  0.175941	  0.239882	  0.200367	
  0.232502	  0.254398	  0.223385	  0.289715	

URL http://cisbp.ccbr.utoronto.ca/TFreport.php?searchTF=T002683_1.02

MOTIF M0038_1.02 (gw1.25.154.1)_(Arabidopsis_thaliana)_(DBD_0.81)

letter-probability matrix: alength= 4 w= 10 nsites= 1 E= 0
  0.255196	  0.255196	  0.213158	  0.276450	
  0.231180	  0.274019	  0.265921	  0.228880	
  0.289755	  0.320229	  0.237231	  0.152786	
  0.132149	  0.080152	  0.723375	  0.064324	
  0.094393	  0.690536	  0.140818	  0.074252	
  0.172828	  0.700853	  0.042195	  0.084124	
  0.159515	  0.023858	  0.774438	  0.042188	
  0.177694	  0.464083	  0.145484	  0.212739	
  0.121072	  0.682924	  0.089692	  0.106313	
  0.342519	  0.222812	  0.220595	  0.214075	

URL http://cisbp.ccbr.utoronto.ca/TFreport.php?searchTF=T003388_1.02

MOTIF M0039_1.02 (e_gw1.357.22.1)_(Arabidopsis_thaliana)_(DBD_0.81)

letter-probability matrix: alength= 4 w= 10 nsites= 1 E= 0
  0.273481	  0.273481	  0.200584	  0.252455	
  0.230650	  0.273390	  0.265310	  0.230650	
  0.278187	  0.368077	  0.188348	  0.165388	
  0.144544	  0.058183	  0.745151	  0.052122	
  0.115569	  0.613920	  0.175891	  0.094620	
  0.185945	  0.668777	  0.071913	  0.073365	
  0.213466	  0.119519	  0.586093	  0.080921	
  0.197200	  0.352207	  0.207311	  0.243282	
  0.166531	  0.604972	  0.105128	  0.123369	
  0.320417	  0.292839	  0.174099	  0.212645	

URL http://cisbp.ccbr.utoronto.ca/TFreport.php?searchTF=T002708_1.02

MOTIF M0044_1.02 (e_gw1.21.268.1)_(Oryza_sativa)_(DBD_0.81)

letter-probability matrix: alength= 4 w= 10 nsites= 1 E= 0
  0.228636	  0.247679	  0.252682	  0.271003	
  0.193820	  0.322766	  0.251370	  0.232044	
  0.226292	  0.344408	  0.240285	  0.189015	
  0.170262	  0.000111	  0.794205	  0.035422	
  0.020175	  0.635517	  0.309340	  0.034968	
  0.000005	  0.998696	  0.000681	  0.000617	
  0.000006	  0.000009	  0.999893	  0.000091	
  0.208791	  0.488498	  0.000437	  0.302274	
  0.304406	  0.320013	  0.158914	  0.216667	
  0.353046	  0.189919	  0.229660	  0.227375	

URL http://cisbp.ccbr.utoronto.ca/TFreport.php?searchTF=T002687_1.02

MOTIF M0072_1.02 estExt_fgenesh1_pg.C_4800009

letter-probability matrix: alength= 4 w= 8 nsites= 1 E= 0
  0.071937	  0.000712	  0.285613	  0.641738	
  0.000499	  0.000499	  0.998503	  0.000499	
  0.050399	  0.000499	  0.000499	  0.948603	
  0.000499	  0.998503	  0.000499	  0.000499	
  0.000499	  0.000499	  0.998503	  0.000499	
  0.000499	  0.000499	  0.998503	  0.000499	
  0.000499	  0.150200	  0.000499	  0.848802	
  0.083887	  0.000831	  0.665282	  0.250000	

URL http://cisbp.ccbr.utoronto.ca/TFreport.php?searchTF=T002771_1.02

MOTIF M0073_1.02 estExt_gwp_gw1.C_550163

letter-probability matrix: alength= 4 w= 10 nsites= 1 E= 0
  0.292152	  0.179801	  0.179801	  0.348247	
  0.143827	  0.079140	  0.288488	  0.488545	
  0.000084	  0.000084	  0.999749	  0.000084	
  0.000084	  0.000084	  0.000084	  0.999749	
  0.000084	  0.999749	  0.000084	  0.000084	
  0.000084	  0.000084	  0.999749	  0.000084	
  0.000084	  0.000084	  0.999749	  0.000084	
  0.000084	  0.076152	  0.000084	  0.923681	
  0.070283	  0.070283	  0.789151	  0.070283	
  0.292063	  0.246484	  0.290510	  0.170944	

URL http://cisbp.ccbr.utoronto.ca/TFreport.php?searchTF=T002795_1.02

MOTIF M0074_1.02 fgenesh1_pg.scaffold_1000495

letter-probability matrix: alength= 4 w= 13 nsites= 1 E= 0
  0.264443	  0.272554	  0.179707	  0.283296	
  0.040952	  0.040952	  0.040952	  0.877144	
  0.019812	  0.019812	  0.853283	  0.107092	
  0.107092	  0.019812	  0.125391	  0.747705	
  0.019812	  0.940563	  0.019812	  0.019812	
  0.000094	  0.087374	  0.912438	  0.000094	
  0.087374	  0.000094	  0.912438	  0.000094	
  0.000094	  0.000094	  0.000094	  0.999717	
  0.608276	  0.070388	  0.157558	  0.163778	
  0.288015	  0.209142	  0.209142	  0.293700	
  0.309155	  0.230282	  0.230282	  0.230282	
  0.309155	  0.230282	  0.230282	  0.230282	
  0.309155	  0.230282	  0.230282	  0.230282	

URL http://cisbp.ccbr.utoronto.ca/TFreport.php?searchTF=T002818_1.02

MOTIF M0075_1.02 gw1.8.141.1

letter-probability matrix: alength= 4 w= 8 nsites= 1 E= 0
  0.071937	  0.071937	  0.285613	  0.570513	
  0.000434	  0.000434	  0.998698	  0.000434	
  0.000434	  0.000434	  0.000434	  0.998698	
  0.000434	  0.998698	  0.000434	  0.000434	
  0.000434	  0.000434	  0.998698	  0.000434	
  0.000434	  0.000434	  0.998698	  0.000434	
  0.000434	  0.217448	  0.000434	  0.781684	
  0.117958	  0.000587	  0.704812	  0.176643	

URL http://cisbp.ccbr.utoronto.ca/TFreport.php?searchTF=T003431_1.02

MOTIF M0076_1.02 (gw1.115.66.1)_(Ostreococcus_tauri)_(DBD_0.72)

letter-probability matrix: alength= 4 w= 8 nsites= 1 E= 0
  0.184280	  0.604890	  0.131703	  0.079127	
  0.000196	  0.000196	  0.999412	  0.000196	
  0.000196	  0.921042	  0.078566	  0.000196	
  0.000196	  0.979820	  0.019788	  0.000196	
  0.000196	  0.000196	  0.999412	  0.000196	
  0.019788	  0.705525	  0.215713	  0.058973	
  0.000204	  0.999388	  0.000204	  0.000204	
  0.580219	  0.032539	  0.322487	  0.064755	

URL http://cisbp.ccbr.utoronto.ca/TFreport.php?searchTF=T003351_1.02

MOTIF M0119_1.02 (estExt_fgenesh1_pg.C_2230073)_(Arabidopsis_thaliana)_(DBD_0.77)

letter-probability matrix: alength= 4 w= 10 nsites= 1 E= 0
  0.248110	  0.152843	  0.248240	  0.350807	
  0.831954	  0.024260	  0.024260	  0.119527	
  0.292968	  0.000230	  0.000230	  0.706571	
  0.701933	  0.000230	  0.000230	  0.297606	
  0.000230	  0.000230	  0.000230	  0.999309	
  0.802506	  0.000230	  0.000230	  0.197033	
  0.686996	  0.000230	  0.000230	  0.312544	
  0.297562	  0.000230	  0.000230	  0.701978	
  0.213125	  0.097387	  0.097387	  0.592100	
  0.322088	  0.225971	  0.225971	  0.225971	

URL http://cisbp.ccbr.utoronto.ca/TFreport.php?searchTF=T008801_1.02

MOTIF M0147_1.02 (e_gw1.133.91.1)_(Arabidopsis_thaliana)_(DBD_0.81)

letter-probability matrix: alength= 4 w= 9 nsites= 1 E= 0
  0.270286	  0.232638	  0.204278	  0.292798	
  0.224984	  0.258793	  0.106275	  0.409948	
  0.004011	  0.000000	  0.089936	  0.906053	
  0.038180	  0.001408	  0.899931	  0.060480	
  0.000090	  0.012865	  0.000229	  0.986816	
  0.053557	  0.863282	  0.001650	  0.081511	
  0.061072	  0.027441	  0.797958	  0.113529	
  0.121391	  0.138244	  0.651331	  0.089034	
  0.227842	  0.336519	  0.216730	  0.218909	

URL http://cisbp.ccbr.utoronto.ca/TFreport.php?searchTF=T010067_1.02

MOTIF M0152_1.02 (estExt_fgenesh1_pg.C_740028)_(Arabidopsis_thaliana)_(DBD_0.94)

letter-probability matrix: alength= 4 w= 10 nsites= 1 E= 0
  0.266536	  0.276659	  0.209724	  0.247081	
  0.259609	  0.198312	  0.365220	  0.176859	
  0.115829	  0.853161	  0.003499	  0.027512	
  0.853318	  0.012182	  0.073662	  0.060837	
  0.013981	  0.855506	  0.000019	  0.130494	
  0.130494	  0.000019	  0.855506	  0.013981	
  0.060837	  0.073662	  0.012182	  0.853318	
  0.027512	  0.003499	  0.853161	  0.115829	
  0.176859	  0.365220	  0.198312	  0.259609	
  0.247081	  0.209724	  0.276659	  0.266536	

URL http://cisbp.ccbr.utoronto.ca/TFreport.php?searchTF=T019210_1.02

MOTIF M0165_1.02 (e_gw1.31.270.1)_(Arabidopsis_thaliana)_(DBD_0.61)

letter-probability matrix: alength= 4 w= 10 nsites= 1 E= 0
  0.192233	  0.631886	  0.054528	  0.121354	
  0.580228	  0.073217	  0.124390	  0.222165	
  0.037505	  0.661484	  0.078609	  0.222402	
  0.182665	  0.001059	  0.733374	  0.082902	
  0.008954	  0.116996	  0.000871	  0.873178	
  0.089854	  0.002741	  0.726462	  0.180944	
  0.171805	  0.342530	  0.253753	  0.231912	
  0.229870	  0.246538	  0.264414	  0.259178	
  0.250556	  0.213510	  0.235965	  0.299970	
  0.302526	  0.226369	  0.202789	  0.268316	

URL http://cisbp.ccbr.utoronto.ca/TFreport.php?searchTF=T019031_1.02

MOTIF M0166_1.02 (fgenesh1_pg.scaffold_334000006)_(Arabidopsis_thaliana)_(DBD_0.60)

letter-probability matrix: alength= 4 w= 8 nsites= 1 E= 0
  0.009615	  0.009615	  0.971154	  0.009615	
  0.009615	  0.971154	  0.009615	  0.009615	
  0.971154	  0.009615	  0.009615	  0.009615	
  0.009615	  0.971154	  0.009615	  0.009615	
  0.009615	  0.009615	  0.971154	  0.009615	
  0.009615	  0.009615	  0.009615	  0.971154	
  0.009615	  0.009615	  0.971154	  0.009615	
  0.009615	  0.971154	  0.009615	  0.009615	

URL http://cisbp.ccbr.utoronto.ca/TFreport.php?searchTF=T019535_1.02

MOTIF M0167_1.02 (e_gw1.229.33.1)_(Arabidopsis_thaliana)_(DBD_0.77)

letter-probability matrix: alength= 4 w= 10 nsites= 1 E= 0
  0.253826	  0.204611	  0.300345	  0.241217	
  0.269239	  0.227841	  0.333994	  0.168926	
  0.129932	  0.796278	  0.018776	  0.055015	
  0.681995	  0.084955	  0.120074	  0.112976	
  0.002241	  0.864955	  0.000000	  0.132804	
  0.132804	  0.000000	  0.864955	  0.002241	
  0.112976	  0.120074	  0.084955	  0.681995	
  0.055015	  0.018776	  0.796278	  0.129932	
  0.168926	  0.333994	  0.227841	  0.269239	
  0.241217	  0.300345	  0.204611	  0.253826	

URL http://cisbp.ccbr.utoronto.ca/TFreport.php?searchTF=T019019_1.02

MOTIF M0229_1.02 (e_gw1.34.393.1)_(Oryza_sativa)_(DBD_0.80)

letter-probability matrix: alength= 4 w= 9 nsites= 1 E= 0
  0.221115	  0.250179	  0.306228	  0.222477	
  0.000142	  0.999574	  0.000142	  0.000142	
  0.177014	  0.822701	  0.000142	  0.000142	
  0.999574	  0.000142	  0.000142	  0.000142	
  0.000142	  0.999574	  0.000142	  0.000142	
  0.000142	  0.000142	  0.000142	  0.999574	
  0.000142	  0.000142	  0.000142	  0.999574	
  0.000142	  0.000142	  0.999574	  0.000142	
  0.217847	  0.343012	  0.216602	  0.222539	

URL http://cisbp.ccbr.utoronto.ca/TFreport.php?searchTF=T019035_1.02

MOTIF M0250_1.02 e_gw1.209.40.1

letter-probability matrix: alength= 4 w= 10 nsites= 1 E= 0
  0.249633	  0.272331	  0.222488	  0.255548	
  0.207994	  0.230574	  0.392066	  0.169365	
  0.105898	  0.844263	  0.012262	  0.037577	
  0.923118	  0.000000	  0.010419	  0.066463	
  0.021853	  0.939508	  0.000000	  0.038640	
  0.038640	  0.000000	  0.939508	  0.021853	
  0.066463	  0.010419	  0.000000	  0.923118	
  0.037577	  0.012262	  0.844263	  0.105898	
  0.169365	  0.392066	  0.230574	  0.207994	
  0.255548	  0.222488	  0.272331	  0.249633	

URL http://cisbp.ccbr.utoronto.ca/TFreport.php?searchTF=T019016_1.02

MOTIF M0251_1.02 fgenesh1_pg.scaffold_37000071

letter-probability matrix: alength= 4 w= 10 nsites= 1 E= 0
  0.263722	  0.237561	  0.308283	  0.190434	
  0.209728	  0.180729	  0.272054	  0.337490	
  0.069367	  0.849324	  0.017055	  0.064254	
  0.806212	  0.000021	  0.106417	  0.087351	
  0.054587	  0.799530	  0.000012	  0.145870	
  0.145870	  0.000012	  0.799530	  0.054587	
  0.087351	  0.106417	  0.000021	  0.806212	
  0.064254	  0.017055	  0.849324	  0.069367	
  0.337490	  0.272054	  0.180729	  0.209728	
  0.190434	  0.308283	  0.237561	  0.263722	

URL http://cisbp.ccbr.utoronto.ca/TFreport.php?searchTF=T019537_1.02

MOTIF M0252_1.02 gw1.270.82.1

letter-probability matrix: alength= 4 w= 8 nsites= 1 E= 0
  0.154141	  0.460890	  0.154141	  0.230828	
  0.000525	  0.998424	  0.000525	  0.000525	
  0.998424	  0.000525	  0.000525	  0.000525	
  0.000525	  0.998424	  0.000525	  0.000525	
  0.053046	  0.000525	  0.945903	  0.000525	
  0.000525	  0.000525	  0.000525	  0.998424	
  0.000525	  0.000525	  0.998424	  0.000525	
  0.143162	  0.641738	  0.071937	  0.143162	

URL http://cisbp.ccbr.utoronto.ca/TFreport.php?searchTF=T020115_1.02

MOTIF M0260_1.02 (estExt_gwp_gw1.C_5120003)_(Arabidopsis_thaliana)_(DBD_0.71)

letter-probability matrix: alength= 4 w= 10 nsites= 1 E= 0
  0.126879	  0.288079	  0.114805	  0.470236	
  0.092572	  0.000049	  0.719089	  0.188290	
  0.570751	  0.427072	  0.002175	  0.000002	
  0.007997	  0.971697	  0.000038	  0.020268	
  0.936294	  0.035943	  0.003428	  0.024335	
  0.213387	  0.009807	  0.767477	  0.009329	
  0.024153	  0.681583	  0.076281	  0.217983	
  0.014037	  0.079976	  0.033173	  0.872814	
  0.188407	  0.077370	  0.664215	  0.070008	
  0.087413	  0.060379	  0.387858	  0.464350	

URL http://cisbp.ccbr.utoronto.ca/TFreport.php?searchTF=T029197_1.02

MOTIF M0262_1.02 (e_gw1.71.145.1)_(Arabidopsis_thaliana)_(DBD_0.72)

letter-probability matrix: alength= 4 w= 10 nsites= 1 E= 0
  0.205178	  0.220055	  0.185652	  0.389115	
  0.161624	  0.024417	  0.536611	  0.277348	
  0.555577	  0.399418	  0.009488	  0.035517	
  0.061343	  0.793526	  0.005850	  0.139280	
  0.939627	  0.000001	  0.003802	  0.056570	
  0.236323	  0.071895	  0.581262	  0.110520	
  0.140427	  0.520449	  0.129631	  0.209493	
  0.174589	  0.202844	  0.113572	  0.508995	
  0.232235	  0.157237	  0.382891	  0.227637	
  0.220249	  0.125808	  0.331875	  0.322067	

URL http://cisbp.ccbr.utoronto.ca/TFreport.php?searchTF=T028737_1.02

MOTIF M0263_1.02 (e_gw1.25.198.1)_(Arabidopsis_thaliana)_(DBD_0.70)

letter-probability matrix: alength= 4 w= 10 nsites= 1 E= 0
  0.256096	  0.205522	  0.322323	  0.216059	
  0.346225	  0.182562	  0.300994	  0.170220	
  0.181073	  0.223386	  0.098386	  0.497155	
  0.119246	  0.192711	  0.508360	  0.179682	
  0.783113	  0.052629	  0.081718	  0.082539	
  0.008951	  0.805786	  0.007256	  0.178006	
  0.176911	  0.000520	  0.777163	  0.045406	
  0.135250	  0.190020	  0.031098	  0.643632	
  0.236571	  0.105240	  0.537134	  0.121055	
  0.152185	  0.144763	  0.393507	  0.309544	

URL http://cisbp.ccbr.utoronto.ca/TFreport.php?searchTF=T028705_1.02

MOTIF M0264_1.02 (gw1.33.173.1)_(Arabidopsis_thaliana)_(DBD_0.66)

letter-probability matrix: alength= 4 w= 10 nsites= 1 E= 0
  0.199909	  0.319853	  0.108621	  0.371617	
  0.102298	  0.269858	  0.329605	  0.298239	
  0.727684	  0.087345	  0.103531	  0.081440	
  0.042557	  0.652527	  0.169161	  0.135755	
  0.074387	  0.175789	  0.658053	  0.091770	
  0.047848	  0.043294	  0.012782	  0.896076	
  0.072855	  0.000402	  0.887552	  0.039192	
  0.001078	  0.059454	  0.541965	  0.397503	
  0.330076	  0.407207	  0.142497	  0.120220	
  0.325537	  0.283008	  0.185949	  0.205506	

URL http://cisbp.ccbr.utoronto.ca/TFreport.php?searchTF=T029826_1.02

MOTIF M0265_1.02 (estExt_gwp_gw1.C_1260170)_(Arabidopsis_thaliana)_(DBD_0.79)

letter-probability matrix: alength= 4 w= 10 nsites= 1 E= 0
  0.209848	  0.209848	  0.329526	  0.250778	
  0.428108	  0.210770	  0.209174	  0.151947	
  0.000030	  0.000030	  0.000030	  0.999911	
  0.000030	  0.000030	  0.999911	  0.000030	
  0.999911	  0.000030	  0.000030	  0.000030	
  0.000030	  0.999911	  0.000030	  0.000030	
  0.000030	  0.000030	  0.999911	  0.000030	
  0.000030	  0.000030	  0.000030	  0.999911	
  0.277211	  0.598952	  0.083656	  0.040182	
  0.665467	  0.098082	  0.138368	  0.098082	

URL http://cisbp.ccbr.utoronto.ca/TFreport.php?searchTF=T029195_1.02

MOTIF M0268_1.02 (gw1.27.125.1)_(Arabidopsis_thaliana)_(DBD_0.69)

letter-probability matrix: alength= 4 w= 10 nsites= 1 E= 0
  0.194982	  0.331261	  0.073179	  0.400578	
  0.062566	  0.319327	  0.401905	  0.216203	
  0.863019	  0.035889	  0.054078	  0.047014	
  0.016012	  0.783149	  0.111422	  0.089418	
  0.057917	  0.135505	  0.756729	  0.049849	
  0.020596	  0.026183	  0.004505	  0.948716	
  0.045651	  0.000000	  0.954344	  0.000005	
  0.000119	  0.051604	  0.610088	  0.338188	
  0.279665	  0.535709	  0.102883	  0.081744	
  0.362040	  0.293464	  0.151677	  0.192819	

URL http://cisbp.ccbr.utoronto.ca/TFreport.php?searchTF=T029818_1.02

MOTIF M0359_1.02 (estExt_Genewise1.C_2060077)_(PBM_CONSTRUCTS)_(DBD_1.00)

letter-probability matrix: alength= 4 w= 12 nsites= 1 E= 0
  0.225796	  0.225796	  0.322612	  0.225796	
  0.278231	  0.305134	  0.208318	  0.208318	
  0.192260	  0.202200	  0.090785	  0.514756	
  0.046572	  0.360880	  0.470543	  0.122005	
  0.999801	  0.000066	  0.000066	  0.000066	
  0.000066	  0.999801	  0.000066	  0.000066	
  0.000066	  0.000066	  0.999801	  0.000066	
  0.000066	  0.000066	  0.000066	  0.999801	
  0.024270	  0.024270	  0.927189	  0.024270	
  0.041749	  0.041749	  0.529962	  0.386541	
  0.159282	  0.522155	  0.159282	  0.159282	
  0.389517	  0.203494	  0.203494	  0.203494	

URL http://cisbp.ccbr.utoronto.ca/TFreport.php?searchTF=T029130_1.02

MOTIF M0369_1.02 (e_gw1.34.233.1)_(Arabidopsis_thaliana)_(DBD_0.83)

letter-probability matrix: alength= 4 w= 8 nsites= 1 E= 0
  0.251702	  0.239427	  0.244263	  0.264607	
  0.209665	  0.243596	  0.266537	  0.280202	
  0.228057	  0.254575	  0.247051	  0.270317	
  0.256326	  0.175292	  0.306878	  0.261504	
  0.755066	  0.049740	  0.088837	  0.106357	
  0.654756	  0.000400	  0.064992	  0.279852	
  0.054136	  0.534588	  0.400013	  0.011263	
  0.189788	  0.216136	  0.067756	  0.526320	

URL http://cisbp.ccbr.utoronto.ca/TFreport.php?searchTF=T062708_1.02

MOTIF M0372_1.02 (e_gw1.33.154.1)_(Arabidopsis_thaliana)_(DBD_0.74)

letter-probability matrix: alength= 4 w= 7 nsites= 1 E= 0
  0.210647	  0.232801	  0.314249	  0.242302	
  0.782719	  0.001250	  0.097785	  0.118247	
  0.002555	  0.402685	  0.588841	  0.005919	
  0.073262	  0.068995	  0.000226	  0.857516	
  0.214628	  0.048857	  0.644779	  0.091735	
  0.297532	  0.127170	  0.222632	  0.352666	
  0.284810	  0.226291	  0.273643	  0.215255	

URL http://cisbp.ccbr.utoronto.ca/TFreport.php?searchTF=T062697_1.02

MOTIF M0376_1.02 (e_gw1.1.457.1)_(Arabidopsis_thaliana)_(DBD_0.91)

letter-probability matrix: alength= 4 w= 7 nsites= 1 E= 0
  0.255546	  0.243083	  0.260708	  0.240664	
  0.685538	  0.021982	  0.002387	  0.290094	
  0.095913	  0.344963	  0.557486	  0.001638	
  0.051208	  0.129788	  0.025943	  0.793061	
  0.212534	  0.149770	  0.307693	  0.330003	
  0.315258	  0.173017	  0.268645	  0.243080	
  0.257050	  0.251960	  0.192341	  0.298649	

URL http://cisbp.ccbr.utoronto.ca/TFreport.php?searchTF=T062516_1.02

MOTIF M0581_1.02 (gw1.188.72.1)_(Arabidopsis_thaliana)_(DBD_0.71)

letter-probability matrix: alength= 4 w= 9 nsites= 1 E= 0
  0.233335	  0.540490	  0.183548	  0.042627	
  0.014027	  0.973575	  0.004623	  0.007775	
  0.031771	  0.000316	  0.961562	  0.006351	
  0.067917	  0.664004	  0.000801	  0.267278	
  0.036965	  0.000042	  0.962933	  0.000060	
  0.001331	  0.000807	  0.000005	  0.997857	
  0.230792	  0.273558	  0.210928	  0.284722	
  0.290166	  0.247263	  0.249749	  0.212822	
  0.240724	  0.258179	  0.250548	  0.250548	

URL http://cisbp.ccbr.utoronto.ca/TFreport.php?searchTF=T071734_1.02

MOTIF M0588_1.02 (e_gw1.9.62.1)_(Arabidopsis_thaliana)_(DBD_0.90)

letter-probability matrix: alength= 4 w= 8 nsites= 1 E= 0
  0.398810	  0.001984	  0.398810	  0.200397	
  0.001984	  0.001984	  0.001984	  0.994048	
  0.001984	  0.001984	  0.001984	  0.994048	
  0.001984	  0.200397	  0.001984	  0.795635	
  0.795635	  0.001984	  0.200397	  0.001984	
  0.994048	  0.001984	  0.001984	  0.001984	
  0.994048	  0.001984	  0.001984	  0.001984	
  0.250000	  0.250000	  0.002475	  0.497525	

URL http://cisbp.ccbr.utoronto.ca/TFreport.php?searchTF=T074069_1.02

MOTIF M0658_1.02 e_gw1.149.93.1

letter-probability matrix: alength= 4 w= 8 nsites= 1 E= 0
  0.255367	  0.257933	  0.257933	  0.228766	
  0.326829	  0.204269	  0.252002	  0.216900	
  0.399794	  0.138511	  0.162544	  0.299151	
  0.648635	  0.132273	  0.078639	  0.140453	
  0.701076	  0.101760	  0.054197	  0.142967	
  0.568715	  0.250480	  0.000729	  0.180076	
  0.082046	  0.083703	  0.755422	  0.078829	
  0.170172	  0.264227	  0.222919	  0.342683	

URL http://cisbp.ccbr.utoronto.ca/TFreport.php?searchTF=T075856_1.02

MOTIF M0659_1.02 e_gw1.170.52.1

letter-probability matrix: alength= 4 w= 10 nsites= 1 E= 0
  0.243003	  0.265887	  0.252920	  0.238191	
  0.302487	  0.215301	  0.260353	  0.221858	
  0.395653	  0.111112	  0.172524	  0.320710	
  0.887690	  0.042889	  0.009763	  0.059658	
  0.892004	  0.046223	  0.000615	  0.061159	
  0.715437	  0.204976	  0.028019	  0.051568	
  0.072397	  0.021806	  0.838966	  0.066831	
  0.181825	  0.258022	  0.228845	  0.331307	
  0.270858	  0.192789	  0.270858	  0.265495	
  0.280271	  0.218275	  0.271988	  0.229466	

URL http://cisbp.ccbr.utoronto.ca/TFreport.php?searchTF=T075858_1.02

MOTIF M0660_1.02 e_gw1.392.16.1

letter-probability matrix: alength= 4 w= 9 nsites= 1 E= 0
  0.253206	  0.263539	  0.260917	  0.222339	
  0.334354	  0.192906	  0.255239	  0.217501	
  0.482018	  0.070667	  0.117681	  0.329633	
  0.860516	  0.062025	  0.012904	  0.064556	
  0.925720	  0.035537	  0.000247	  0.038497	
  0.672013	  0.146977	  0.051950	  0.129060	
  0.070788	  0.026835	  0.897572	  0.004805	
  0.138921	  0.288273	  0.195177	  0.377628	
  0.284976	  0.157970	  0.296606	  0.260448	

URL http://cisbp.ccbr.utoronto.ca/TFreport.php?searchTF=T075859_1.02

MOTIF M0661_1.02 estExt_fgenesh1_pg.C_370003

letter-probability matrix: alength= 4 w= 10 nsites= 1 E= 0
  0.314440	  0.180822	  0.245015	  0.259723	
  0.180290	  0.441124	  0.159171	  0.219415	
  0.178426	  0.191722	  0.312533	  0.317319	
  0.238058	  0.134033	  0.166082	  0.461826	
  0.302887	  0.134654	  0.103779	  0.458679	
  0.458679	  0.103779	  0.134654	  0.302887	
  0.461826	  0.166082	  0.134033	  0.238058	
  0.317319	  0.312533	  0.191722	  0.178426	
  0.219415	  0.159171	  0.441124	  0.180290	
  0.259723	  0.245015	  0.180822	  0.314440	

URL http://cisbp.ccbr.utoronto.ca/TFreport.php?searchTF=T075863_1.02

MOTIF M0662_1.02 gw1.12.257.1

letter-probability matrix: alength= 4 w= 7 nsites= 1 E= 0
  0.254707	  0.257266	  0.259852	  0.228175	
  0.262722	  0.210839	  0.208742	  0.317697	
  0.511672	  0.184506	  0.146596	  0.157226	
  0.520263	  0.182060	  0.113788	  0.183889	
  0.352974	  0.390097	  0.051234	  0.205695	
  0.195538	  0.128477	  0.542264	  0.133721	
  0.209878	  0.251270	  0.231951	  0.306901	

URL http://cisbp.ccbr.utoronto.ca/TFreport.php?searchTF=T075978_1.02

MOTIF M0663_1.02 gw1.385.26.1

letter-probability matrix: alength= 4 w= 10 nsites= 1 E= 0
  0.251489	  0.264384	  0.256570	  0.227557	
  0.343000	  0.186369	  0.254101	  0.216530	
  0.462913	  0.085416	  0.128707	  0.322963	
  0.827742	  0.067945	  0.023777	  0.080536	
  0.855464	  0.062280	  0.000671	  0.081585	
  0.643522	  0.216363	  0.053891	  0.086225	
  0.060738	  0.027291	  0.859692	  0.052278	
  0.150433	  0.268679	  0.207165	  0.373723	
  0.259361	  0.173855	  0.307422	  0.259361	
  0.283434	  0.261643	  0.227461	  0.227461	

URL http://cisbp.ccbr.utoronto.ca/TFreport.php?searchTF=T075989_1.02

MOTIF M0677_1.02 e_gw1.38.2.1

letter-probability matrix: alength= 4 w= 10 nsites= 1 E= 0
  0.233790	  0.138993	  0.425993	  0.201225	
  0.151778	  0.438088	  0.392454	  0.017680	
  0.020553	  0.048571	  0.839679	  0.091197	
  0.006893	  0.992712	  0.000031	  0.000364	
  0.013922	  0.000083	  0.985791	  0.000205	
  0.013288	  0.979343	  0.002765	  0.004604	
  0.083385	  0.551953	  0.224407	  0.140255	
  0.409276	  0.238505	  0.118438	  0.233782	
  0.379447	  0.181039	  0.122574	  0.316940	
  0.306627	  0.222657	  0.201468	  0.269248	

URL http://cisbp.ccbr.utoronto.ca/TFreport.php?searchTF=T077093_1.02

MOTIF M0684_1.02 e_gw1.87.73.1

letter-probability matrix: alength= 4 w= 10 nsites= 1 E= 0
  0.281120	  0.246850	  0.239555	  0.232475	
  0.422281	  0.238811	  0.222666	  0.116242	
  0.145921	  0.193073	  0.086753	  0.574252	
  0.095688	  0.060406	  0.686144	  0.157762	
  0.323428	  0.223402	  0.073624	  0.379546	
  0.727066	  0.080561	  0.014865	  0.177508	
  0.133486	  0.413227	  0.023196	  0.430091	
  0.152687	  0.419217	  0.198024	  0.230071	
  0.237390	  0.194359	  0.210546	  0.357704	
  0.292491	  0.198033	  0.270004	  0.239472	

URL http://cisbp.ccbr.utoronto.ca/TFreport.php?searchTF=T077408_1.02

MOTIF M0760_1.02 (e_gw1.226.30.1)_(Arabidopsis_thaliana)_(DBD_0.89)

letter-probability matrix: alength= 4 w= 7 nsites= 1 E= 0
  0.259218	  0.249054	  0.229906	  0.261823	
  0.402870	  0.237131	  0.127563	  0.232436	
  0.079970	  0.011492	  0.855467	  0.053072	
  0.915341	  0.004390	  0.008079	  0.072190	
  0.010222	  0.002327	  0.000609	  0.986842	
  0.134074	  0.323239	  0.298388	  0.244299	
  0.267044	  0.195863	  0.259152	  0.277942	

URL http://cisbp.ccbr.utoronto.ca/TFreport.php?searchTF=T085394_1.02

MOTIF M0761_1.02 (e_gw1.121.107.1)_(Arabidopsis_thaliana)_(DBD_0.78)

letter-probability matrix: alength= 4 w= 9 nsites= 1 E= 0
  0.206270	  0.281233	  0.216845	  0.295652	
  0.307628	  0.200115	  0.283976	  0.208281	
  0.181545	  0.287581	  0.066122	  0.464752	
  0.039888	  0.037565	  0.903324	  0.019222	
  0.980482	  0.000346	  0.000481	  0.018691	
  0.003138	  0.000782	  0.000355	  0.995726	
  0.054994	  0.663297	  0.155590	  0.126119	
  0.324320	  0.200684	  0.268200	  0.206796	
  0.269225	  0.238782	  0.280213	  0.211780	

URL http://cisbp.ccbr.utoronto.ca/TFreport.php?searchTF=T085376_1.02

MOTIF M0767_1.02 (estExt_fgenesh1_pg.C_1220019)_(Arabidopsis_thaliana)_(DBD_0.89)

letter-probability matrix: alength= 4 w= 10 nsites= 1 E= 0
  0.231738	  0.297557	  0.201463	  0.269241	
  0.304123	  0.367760	  0.143657	  0.184460	
  0.078051	  0.048296	  0.683590	  0.190063	
  0.819313	  0.011804	  0.000125	  0.168758	
  0.079012	  0.162324	  0.066659	  0.692005	
  0.103466	  0.428051	  0.219037	  0.249446	
  0.319040	  0.173351	  0.266484	  0.241125	
  0.274622	  0.222604	  0.222604	  0.280170	
  0.278894	  0.204554	  0.237658	  0.278894	
  0.289033	  0.239018	  0.207793	  0.264156	

URL http://cisbp.ccbr.utoronto.ca/TFreport.php?searchTF=T085437_1.02

MOTIF M0768_1.02 (gw1.241.56.1)_(Arabidopsis_thaliana)_(DBD_0.86)

letter-probability matrix: alength= 4 w= 11 nsites= 1 E= 0
  0.227406	  0.227406	  0.227406	  0.317783	
  0.161356	  0.515932	  0.161356	  0.161356	
  0.204487	  0.291263	  0.050777	  0.453474	
  0.925381	  0.000121	  0.074376	  0.000121	
  0.000121	  0.000121	  0.999637	  0.000121	
  0.999637	  0.000121	  0.000121	  0.000121	
  0.000121	  0.000121	  0.000121	  0.999637	
  0.000121	  0.999637	  0.000121	  0.000121	
  0.022715	  0.096970	  0.022715	  0.857599	
  0.293996	  0.088765	  0.451851	  0.165387	
  0.295861	  0.199344	  0.199344	  0.305451	

URL http://cisbp.ccbr.utoronto.ca/TFreport.php?searchTF=T085794_1.02

MOTIF M0841_1.02 (fgenesh1_pg.scaffold_15000027)_(Arabidopsis_thaliana)_(DBD_0.70)

letter-probability matrix: alength= 4 w= 8 nsites= 1 E= 0
  0.231259	  0.222191	  0.176538	  0.370012	
  0.214645	  0.107661	  0.527941	  0.149753	
  0.199975	  0.180945	  0.018324	  0.600757	
  0.043118	  0.003108	  0.185663	  0.768111	
  0.080433	  0.733206	  0.099229	  0.087132	
  0.404577	  0.085016	  0.129391	  0.381016	
  0.285665	  0.046285	  0.032292	  0.635758	
  0.299073	  0.273332	  0.276079	  0.151515	

URL http://cisbp.ccbr.utoronto.ca/TFreport.php?searchTF=T101491_1.02

MOTIF M0848_1.02 (e_gw1.31.28.1)_(Arabidopsis_thaliana)_(DBD_0.86)

letter-probability matrix: alength= 4 w= 8 nsites= 1 E= 0
  0.124179	  0.354859	  0.337553	  0.183409	
  0.058938	  0.542665	  0.027289	  0.371108	
  0.846022	  0.068755	  0.012943	  0.072280	
  0.854798	  0.062857	  0.028244	  0.054102	
  0.046219	  0.061768	  0.000087	  0.891926	
  0.108845	  0.757426	  0.056257	  0.077473	
  0.815574	  0.034949	  0.058200	  0.091276	
  0.325215	  0.156724	  0.120842	  0.397219	

URL http://cisbp.ccbr.utoronto.ca/TFreport.php?searchTF=T100961_1.02

MOTIF M0855_1.02 (fgenesh1_pm.scaffold_154000010)_(Arabidopsis_thaliana)_(DBD_0.80)

letter-probability matrix: alength= 4 w= 10 nsites= 1 E= 0
  0.388403	  0.167678	  0.228616	  0.215303	
  0.194750	  0.344370	  0.334193	  0.126687	
  0.288883	  0.457611	  0.155403	  0.098103	
  0.122551	  0.241901	  0.172178	  0.463371	
  0.079750	  0.000221	  0.887929	  0.032101	
  0.025325	  0.000048	  0.000237	  0.974389	
  0.058034	  0.872212	  0.033483	  0.036271	
  0.550285	  0.131688	  0.185015	  0.133012	
  0.252361	  0.296148	  0.188832	  0.262660	
  0.281983	  0.240290	  0.217424	  0.260303	

URL http://cisbp.ccbr.utoronto.ca/TFreport.php?searchTF=T101525_1.02

MOTIF M1195_1.02 estExt_gwp_gw1.C_70211

letter-probability matrix: alength= 4 w= 10 nsites= 1 E= 0
  0.152796	  0.454458	  0.114332	  0.278413	
  0.662290	  0.180495	  0.153808	  0.003407	
  0.888120	  0.108756	  0.000092	  0.003032	
  0.000008	  0.000019	  0.000002	  0.999971	
  0.313012	  0.325786	  0.178795	  0.182407	
  0.926033	  0.000000	  0.073767	  0.000200	
  0.126891	  0.144508	  0.130756	  0.597845	
  0.217089	  0.113330	  0.308064	  0.361516	
  0.227081	  0.258606	  0.300457	  0.213856	
  0.231646	  0.243523	  0.325451	  0.199380	

URL http://cisbp.ccbr.utoronto.ca/TFreport.php?searchTF=T101407_1.02

MOTIF M1209_1.02 (gw1.224.39.1)_(Zea_mays)_(DBD_0.79)

letter-probability matrix: alength= 4 w= 8 nsites= 1 E= 0
  0.109463	  0.234385	  0.156309	  0.499844	
  0.056906	  0.772490	  0.000114	  0.170491	
  0.989704	  0.010096	  0.000100	  0.000100	
  0.979708	  0.000100	  0.020092	  0.000100	
  0.010096	  0.000100	  0.000100	  0.989704	
  0.000100	  0.699820	  0.000100	  0.299980	
  0.947075	  0.010627	  0.000105	  0.042193	
  0.550550	  0.101535	  0.202926	  0.144988	

URL http://cisbp.ccbr.utoronto.ca/TFreport.php?searchTF=T102023_1.02

MOTIF M1274_1.02 (gw1.156.75.1)_(Arabidopsis_thaliana)_(DBD_0.71)

letter-probability matrix: alength= 4 w= 10 nsites= 1 E= 0
  0.389733	  0.203458	  0.285848	  0.120960	
  0.472670	  0.110874	  0.244300	  0.172155	
  0.254581	  0.354114	  0.131581	  0.259724	
  0.197262	  0.370381	  0.366695	  0.065663	
  0.069990	  0.763836	  0.143790	  0.022384	
  0.064963	  0.140305	  0.775743	  0.018988	
  0.092794	  0.228237	  0.639307	  0.039662	
  0.213544	  0.300019	  0.355614	  0.130823	
  0.278886	  0.176056	  0.369002	  0.176056	
  0.302500	  0.179843	  0.293560	  0.224098	

URL http://cisbp.ccbr.utoronto.ca/TFreport.php?searchTF=T108650_1.02

MOTIF M1275_1.02 gw1.238.28.1

letter-probability matrix: alength= 4 w= 10 nsites= 1 E= 0
  0.398276	  0.182572	  0.248923	  0.170229	
  0.415037	  0.148171	  0.177393	  0.259399	
  0.348590	  0.169677	  0.166317	  0.315417	
  0.293163	  0.177812	  0.125302	  0.403723	
  0.178670	  0.283027	  0.160059	  0.378245	
  0.266023	  0.302955	  0.341581	  0.089441	
  0.134815	  0.598186	  0.130830	  0.136170	
  0.001443	  0.048266	  0.950256	  0.000035	
  0.030460	  0.256313	  0.630429	  0.082798	
  0.301469	  0.208235	  0.225578	  0.264718	

URL http://cisbp.ccbr.utoronto.ca/TFreport.php?searchTF=T108658_1.02

MOTIF M1303_1.02 (fgenesh1_pg.scaffold_160000002)_(Cannabis_sativa)_(DBD_0.98)

letter-probability matrix: alength= 4 w= 9 nsites= 1 E= 0
  0.250000	  0.250000	  0.250000	  0.250000	
  0.995033	  0.001656	  0.001656	  0.001656	
  0.001244	  0.001244	  0.996269	  0.001244	
  0.996269	  0.001244	  0.001244	  0.001244	
  0.001244	  0.001244	  0.001244	  0.996269	
  0.996269	  0.001244	  0.001244	  0.001244	
  0.001244	  0.001244	  0.001244	  0.996269	
  0.001244	  0.001244	  0.001244	  0.996269	
  0.497525	  0.002475	  0.002475	  0.497525	

URL http://cisbp.ccbr.utoronto.ca/TFreport.php?searchTF=T123349_1.02

MOTIF M1306_1.02 (e_gw1.96.88.1)_(Cannabis_sativa)_(DBD_0.89)

letter-probability matrix: alength= 4 w= 10 nsites= 1 E= 0
  0.293412	  0.196680	  0.230806	  0.279102	
  0.419772	  0.145433	  0.177632	  0.257164	
  0.517612	  0.170584	  0.155902	  0.155902	
  0.560340	  0.125029	  0.198055	  0.116576	
  0.251453	  0.043696	  0.122395	  0.582456	
  0.876431	  0.002151	  0.050192	  0.071226	
  0.101169	  0.046843	  0.050239	  0.801749	
  0.090982	  0.796846	  0.068763	  0.043409	
  0.195815	  0.205854	  0.175417	  0.422914	
  0.261914	  0.220967	  0.241777	  0.275342	

URL http://cisbp.ccbr.utoronto.ca/TFreport.php?searchTF=T122798_1.02

MOTIF M1307_1.02 (estExt_fgenesh1_pg.C_2260017)_(Cannabis_sativa)_(DBD_0.94)

letter-probability matrix: alength= 4 w= 8 nsites= 1 E= 0
  0.158088	  0.263130	  0.578256	  0.000525	
  0.000434	  0.000434	  0.998698	  0.000434	
  0.651476	  0.304253	  0.000434	  0.043837	
  0.998698	  0.000434	  0.000434	  0.000434	
  0.000434	  0.000434	  0.000434	  0.998698	
  0.130642	  0.868490	  0.000434	  0.000434	
  0.000475	  0.000475	  0.000475	  0.998574	
  0.266622	  0.133644	  0.067154	  0.532580	

URL http://cisbp.ccbr.utoronto.ca/TFreport.php?searchTF=T122915_1.02

MOTIF M1320_1.02 (fgenesh1_pg.scaffold_166000054)_(Arabidopsis_thaliana)_(DBD_0.92)

letter-probability matrix: alength= 4 w= 10 nsites= 1 E= 0
  0.300732	  0.203613	  0.234211	  0.261444	
  0.644453	  0.067249	  0.134075	  0.154223	
  0.031121	  0.022598	  0.748357	  0.197923	
  0.947493	  0.010526	  0.037108	  0.004874	
  0.033442	  0.003158	  0.000619	  0.962781	
  0.184170	  0.144873	  0.059493	  0.611465	
  0.000035	  0.979477	  0.000662	  0.019826	
  0.119160	  0.399602	  0.202445	  0.278793	
  0.240232	  0.284748	  0.257650	  0.217371	
  0.214320	  0.272454	  0.199830	  0.313396	

URL http://cisbp.ccbr.utoronto.ca/TFreport.php?searchTF=T123350_1.02

MOTIF M1323_1.02 (estExt_fgenesh1_pg.C_2690029)_(Arabidopsis_thaliana)_(DBD_0.94)

letter-probability matrix: alength= 4 w= 10 nsites= 1 E= 0
  0.364522	  0.151198	  0.182836	  0.301445	
  0.635951	  0.060650	  0.074078	  0.229321	
  0.026881	  0.006306	  0.766190	  0.200623	
  0.977092	  0.001056	  0.017023	  0.004829	
  0.004451	  0.000130	  0.000052	  0.995367	
  0.166117	  0.097777	  0.200877	  0.535228	
  0.005892	  0.985897	  0.000098	  0.008114	
  0.016491	  0.451606	  0.238129	  0.293774	
  0.242312	  0.295961	  0.204430	  0.257296	
  0.231762	  0.261310	  0.132384	  0.374544	

URL http://cisbp.ccbr.utoronto.ca/TFreport.php?searchTF=T122918_1.02

MOTIF M1328_1.02 (estExt_Genewise1.C_2010083)_(Arabidopsis_thaliana)_(DBD_0.88)

letter-probability matrix: alength= 4 w= 10 nsites= 1 E= 0
  0.278776	  0.210695	  0.202433	  0.308096	
