MEME version 4

ALPHABET= ACGT

strands: + -

Background letter frequencies (from uniform background):
A 0.25000 C 0.25000 G 0.25000 T 0.25000 

MOTIF M1196_1.02 (s_459625)_(Phytophthora_ramorum)_(DBD_1.00)

letter-probability matrix: alength= 4 w= 10 nsites= 1 E= 0
  0.259600	  0.227953	  0.175764	  0.336683	
  0.165030	  0.220550	  0.495776	  0.118644	
  0.134887	  0.452341	  0.201228	  0.211545	
  0.270331	  0.228068	  0.252055	  0.249547	
  0.281926	  0.233141	  0.122934	  0.362000	
  0.426838	  0.098141	  0.342545	  0.132476	
  0.041249	  0.052438	  0.026566	  0.879747	
  0.049326	  0.861314	  0.061464	  0.027895	
  0.700872	  0.057531	  0.113559	  0.128038	
  0.357915	  0.200396	  0.165719	  0.275971	

URL http://cisbp.ccbr.utoronto.ca/TFreport.php?searchTF=T102349_1.02

MOTIF M1385_1.02 (s_473867)_(Phytophthora_ramorum)_(DBD_0.96)

letter-probability matrix: alength= 4 w= 9 nsites= 1 E= 0
  0.232598	  0.188540	  0.264889	  0.313974	
  0.179667	  0.412033	  0.064142	  0.344159	
  0.850592	  0.002046	  0.051210	  0.096152	
  0.067551	  0.530002	  0.054211	  0.348236	
  0.116387	  0.704098	  0.091553	  0.087963	
  0.096786	  0.545937	  0.063593	  0.293684	
  0.473798	  0.139879	  0.162517	  0.223806	
  0.261815	  0.244115	  0.195907	  0.298163	
  0.260078	  0.284570	  0.147081	  0.308271	

URL http://cisbp.ccbr.utoronto.ca/TFreport.php?searchTF=T124853_1.02

MOTIF M1386_1.02 (s_438630)_(Phytophthora_ramorum)_(DBD_0.97)

letter-probability matrix: alength= 4 w= 10 nsites= 1 E= 0
  0.387714	  0.173881	  0.264524	  0.173881	
  0.350779	  0.046076	  0.367057	  0.236088	
  0.694687	  0.000161	  0.304990	  0.000161	
  0.000161	  0.000161	  0.694687	  0.304990	
  0.000161	  0.104586	  0.000161	  0.895091	
  0.000161	  0.999516	  0.000161	  0.000161	
  0.999516	  0.000161	  0.000161	  0.000161	
  0.000161	  0.000161	  0.999516	  0.000161	
  0.076281	  0.076281	  0.076281	  0.771158	
  0.204086	  0.204086	  0.293150	  0.298679	

URL http://cisbp.ccbr.utoronto.ca/TFreport.php?searchTF=T124794_1.02

MOTIF M1387_1.02 (s_454993)_(Phytophthora_ramorum)_(DBD_0.98)

letter-probability matrix: alength= 4 w= 10 nsites= 1 E= 0
  0.362908	  0.164704	  0.211484	  0.260903	
  0.215355	  0.101727	  0.035956	  0.646963	
  0.373663	  0.027204	  0.540964	  0.058169	
  0.035468	  0.042040	  0.870108	  0.052385	
  0.180338	  0.173267	  0.623179	  0.023216	
  0.001048	  0.000171	  0.000083	  0.998698	
  0.579630	  0.048057	  0.117025	  0.255287	
  0.098740	  0.700987	  0.091148	  0.109125	
  0.459335	  0.196327	  0.219155	  0.125183	
  0.256695	  0.280869	  0.197925	  0.264512	

URL http://cisbp.ccbr.utoronto.ca/TFreport.php?searchTF=T124811_1.02

MOTIF M1512_1.02 (s_452108)_(Phytophthora_ramorum)_(DBD_0.89)

letter-probability matrix: alength= 4 w= 10 nsites= 1 E= 0
  0.193276	  0.279812	  0.226811	  0.300101	
  0.123301	  0.155186	  0.032938	  0.688575	
  0.120272	  0.071504	  0.727603	  0.080621	
  0.156777	  0.008626	  0.018262	  0.816335	
  0.218501	  0.135205	  0.046376	  0.599917	
  0.447967	  0.199282	  0.125803	  0.226948	
  0.085696	  0.659057	  0.070162	  0.185084	
  0.308838	  0.093020	  0.470040	  0.128101	
  0.235203	  0.287277	  0.239954	  0.237566	
  0.244292	  0.232378	  0.190255	  0.333074	

URL http://cisbp.ccbr.utoronto.ca/TFreport.php?searchTF=T137105_1.02

MOTIF M6166_1.02 (s_468450)_(Homo_sapiens)_(DBD_0.90)

letter-probability matrix: alength= 4 w= 15 nsites= 1 E= 0
  0.475000	  0.175000	  0.275000	  0.075000	
  0.300000	  0.100000	  0.000000	  0.600000	
  0.000000	  0.100000	  0.100000	  0.800000	
  0.700000	  0.000000	  0.100000	  0.200000	
  0.100000	  0.300000	  0.000000	  0.600000	
  0.300000	  0.000000	  0.600000	  0.100000	
  0.200000	  0.000000	  0.000000	  0.800000	
  0.000000	  0.100000	  0.000000	  0.900000	
  0.900000	  0.000000	  0.000000	  0.100000	
  0.600000	  0.200000	  0.000000	  0.200000	
  0.600000	  0.300000	  0.100000	  0.000000	
  0.300000	  0.100000	  0.100000	  0.500000	
  0.000000	  0.800000	  0.000000	  0.200000	
  0.400000	  0.400000	  0.200000	  0.000000	
  0.050000	  0.650000	  0.150000	  0.150000	

URL http://cisbp.ccbr.utoronto.ca/TFreport.php?searchTF=T124839_1.02

