MEME version 4

ALPHABET= ACGT

strands: + -

Background letter frequencies (from uniform background):
A 0.25000 C 0.25000 G 0.25000 T 0.25000 

MOTIF M0360_1.02 (estExt_fgenesh1_kg.C_40892)_(Phytophthora_ramorum)_(DBD_0.90)

letter-probability matrix: alength= 4 w= 12 nsites= 1 E= 0
  0.217914	  0.217914	  0.346259	  0.217914	
  0.087660	  0.087660	  0.087660	  0.737020	
  0.779088	  0.042118	  0.136675	  0.042118	
  0.766430	  0.020512	  0.192545	  0.020512	
  0.000142	  0.000142	  0.000142	  0.999575	
  0.000142	  0.000142	  0.596549	  0.403168	
  0.999575	  0.000142	  0.000142	  0.000142	
  0.000142	  0.907667	  0.000142	  0.092050	
  0.032228	  0.032228	  0.824196	  0.111348	
  0.162482	  0.162482	  0.162482	  0.512555	
  0.289506	  0.208023	  0.294447	  0.208023	
  0.311112	  0.229629	  0.229629	  0.229629	

URL http://cisbp.ccbr.utoronto.ca/TFreport.php?searchTF=T030638_1.02

MOTIF M1196_1.02 (fgenesh1_kg.C_scaffold_948000003)_(Phytophthora_ramorum)_(DBD_1.00)

letter-probability matrix: alength= 4 w= 10 nsites= 1 E= 0
  0.259600	  0.227953	  0.175764	  0.336683	
  0.165030	  0.220550	  0.495776	  0.118644	
  0.134887	  0.452341	  0.201228	  0.211545	
  0.270331	  0.228068	  0.252055	  0.249547	
  0.281926	  0.233141	  0.122934	  0.362000	
  0.426838	  0.098141	  0.342545	  0.132476	
  0.041249	  0.052438	  0.026566	  0.879747	
  0.049326	  0.861314	  0.061464	  0.027895	
  0.700872	  0.057531	  0.113559	  0.128038	
  0.357915	  0.200396	  0.165719	  0.275971	

URL http://cisbp.ccbr.utoronto.ca/TFreport.php?searchTF=T103063_1.02

MOTIF M1386_1.02 (estExt_Genewise1Plus.C_40041)_(Phytophthora_ramorum)_(DBD_0.99)

letter-probability matrix: alength= 4 w= 10 nsites= 1 E= 0
  0.387714	  0.173881	  0.264524	  0.173881	
  0.350779	  0.046076	  0.367057	  0.236088	
  0.694687	  0.000161	  0.304990	  0.000161	
  0.000161	  0.000161	  0.694687	  0.304990	
  0.000161	  0.104586	  0.000161	  0.895091	
  0.000161	  0.999516	  0.000161	  0.000161	
  0.999516	  0.000161	  0.000161	  0.000161	
  0.000161	  0.000161	  0.999516	  0.000161	
  0.076281	  0.076281	  0.076281	  0.771158	
  0.204086	  0.204086	  0.293150	  0.298679	

URL http://cisbp.ccbr.utoronto.ca/TFreport.php?searchTF=T126002_1.02

MOTIF M1387_1.02 (estExt_fgenesh1_kg.C_2050026)_(Phytophthora_ramorum)_(DBD_0.98)

letter-probability matrix: alength= 4 w= 10 nsites= 1 E= 0
  0.362908	  0.164704	  0.211484	  0.260903	
  0.215355	  0.101727	  0.035956	  0.646963	
  0.373663	  0.027204	  0.540964	  0.058169	
  0.035468	  0.042040	  0.870108	  0.052385	
  0.180338	  0.173267	  0.623179	  0.023216	
  0.001048	  0.000171	  0.000083	  0.998698	
  0.579630	  0.048057	  0.117025	  0.255287	
  0.098740	  0.700987	  0.091148	  0.109125	
  0.459335	  0.196327	  0.219155	  0.125183	
  0.256695	  0.280869	  0.197925	  0.264512	

URL http://cisbp.ccbr.utoronto.ca/TFreport.php?searchTF=T125930_1.02

MOTIF M1512_1.02 (estExt_fgenesh1_kg.C_140377)_(Phytophthora_ramorum)_(DBD_0.93)

letter-probability matrix: alength= 4 w= 10 nsites= 1 E= 0
  0.193276	  0.279812	  0.226811	  0.300101	
  0.123301	  0.155186	  0.032938	  0.688575	
  0.120272	  0.071504	  0.727603	  0.080621	
  0.156777	  0.008626	  0.018262	  0.816335	
  0.218501	  0.135205	  0.046376	  0.599917	
  0.447967	  0.199282	  0.125803	  0.226948	
  0.085696	  0.659057	  0.070162	  0.185084	
  0.308838	  0.093020	  0.470040	  0.128101	
  0.235203	  0.287277	  0.239954	  0.237566	
  0.244292	  0.232378	  0.190255	  0.333074	

URL http://cisbp.ccbr.utoronto.ca/TFreport.php?searchTF=T137174_1.02

MOTIF M2118_1.02 (estExt_fgenesh1_kg.C_470026)_(Saccharomyces_cerevisiae)_(DBD_0.75)

letter-probability matrix: alength= 4 w= 5 nsites= 1 E= 0
  0.000000	  0.000000	  0.000000	  1.000000	
  0.000000	  0.000000	  0.010160	  0.989840	
  0.005578	  0.000000	  0.994422	  0.000000	
  0.000000	  0.000000	  0.998223	  0.001777	
  0.158006	  0.378979	  0.030665	  0.432350	

URL http://cisbp.ccbr.utoronto.ca/TFreport.php?searchTF=T070747_1.02

MOTIF M6166_1.02 (estExt_fgenesh1_pg.C_140143)_(Homo_sapiens)_(DBD_0.90)

letter-probability matrix: alength= 4 w= 15 nsites= 1 E= 0
  0.475000	  0.175000	  0.275000	  0.075000	
  0.300000	  0.100000	  0.000000	  0.600000	
  0.000000	  0.100000	  0.100000	  0.800000	
  0.700000	  0.000000	  0.100000	  0.200000	
  0.100000	  0.300000	  0.000000	  0.600000	
  0.300000	  0.000000	  0.600000	  0.100000	
  0.200000	  0.000000	  0.000000	  0.800000	
  0.000000	  0.100000	  0.000000	  0.900000	
  0.900000	  0.000000	  0.000000	  0.100000	
  0.600000	  0.200000	  0.000000	  0.200000	
  0.600000	  0.300000	  0.100000	  0.000000	
  0.300000	  0.100000	  0.100000	  0.500000	
  0.000000	  0.800000	  0.000000	  0.200000	
  0.400000	  0.400000	  0.200000	  0.000000	
  0.050000	  0.650000	  0.150000	  0.150000	

URL http://cisbp.ccbr.utoronto.ca/TFreport.php?searchTF=T125941_1.02

