MEME version 4

ALPHABET= ACGT

strands: + -

Background letter frequencies (from uniform background):
A 0.25000 C 0.25000 G 0.25000 T 0.25000 

MOTIF M0142_1.02 (Q7DLU9_PEA)_(Saccharomyces_cerevisiae)_(DBD_0.54)

letter-probability matrix: alength= 4 w= 7 nsites= 1 E= 0
  0.282959	  0.248465	  0.245993	  0.222583	
  0.316659	  0.184532	  0.236944	  0.261864	
  0.377778	  0.112652	  0.209413	  0.300157	
  0.616393	  0.068985	  0.111484	  0.203138	
  0.675764	  0.042770	  0.063171	  0.218294	
  0.326032	  0.133887	  0.082023	  0.458058	
  0.321153	  0.137266	  0.112384	  0.429198	

URL http://cisbp.ccbr.utoronto.ca/TFreport.php?searchTF=T008776_1.02

MOTIF M1876_1.02 HMG-1

letter-probability matrix: alength= 4 w= 9 nsites= 1 E= 0
  0.307692	  0.076923	  0.615385	  0.000000	
  0.769231	  0.153846	  0.076923	  0.000000	
  0.384615	  0.000000	  0.384615	  0.230769	
  0.230769	  0.230769	  0.076923	  0.461538	
  0.923077	  0.000000	  0.076923	  0.000000	
  0.076923	  0.769231	  0.153846	  0.000000	
  0.692308	  0.000000	  0.307692	  0.000000	
  0.769231	  0.230769	  0.000000	  0.000000	
  0.000000	  0.615385	  0.384615	  0.000000	

URL http://cisbp.ccbr.utoronto.ca/TFreport.php?searchTF=T146443_1.02

MOTIF M1877_1.02 HMG-I/Y

letter-probability matrix: alength= 4 w= 16 nsites= 1 E= 0
  0.214286	  0.357143	  0.285714	  0.142857	
  0.500000	  0.000000	  0.214286	  0.285714	
  0.642857	  0.071429	  0.071429	  0.214286	
  0.214286	  0.428571	  0.285714	  0.071429	
  0.785714	  0.000000	  0.214286	  0.000000	
  0.785714	  0.000000	  0.142857	  0.071429	
  0.785714	  0.000000	  0.142857	  0.071429	
  0.214286	  0.214286	  0.142857	  0.428571	
  0.285714	  0.071429	  0.571429	  0.071429	
  0.214286	  0.285714	  0.428571	  0.071429	
  0.571429	  0.357143	  0.071429	  0.000000	
  0.571429	  0.071429	  0.285714	  0.071429	
  0.642857	  0.000000	  0.142857	  0.214286	
  0.642857	  0.357143	  0.000000	  0.000000	
  0.785714	  0.000000	  0.214286	  0.000000	
  0.142857	  0.500000	  0.000000	  0.357143	

URL http://cisbp.ccbr.utoronto.ca/TFreport.php?searchTF=T008775_1.02

MOTIF M1947_1.02 PEND

letter-probability matrix: alength= 4 w= 10 nsites= 1 E= 0
  0.714286	  0.047619	  0.190476	  0.047619	
  0.142857	  0.452381	  0.166667	  0.238095	
  0.023810	  0.000000	  0.047619	  0.928571	
  0.095238	  0.000000	  0.095238	  0.809524	
  0.071429	  0.785714	  0.047619	  0.095238	
  0.000000	  0.047619	  0.047619	  0.904762	
  0.047619	  0.000000	  0.023810	  0.928571	
  0.761905	  0.166667	  0.047619	  0.023810	
  0.095238	  0.071429	  0.000000	  0.833333	
  0.047619	  0.119048	  0.333333	  0.500000	

URL http://cisbp.ccbr.utoronto.ca/TFreport.php?searchTF=T153785_1.02

