MEME version 4

ALPHABET= ACGT

strands: + -

Background letter frequencies (from uniform background):
A 0.25000 C 0.25000 G 0.25000 T 0.25000 

MOTIF M0101_1.02 (EFA85631.1)_(Dictyostelium_discoideum)_(DBD_0.77)

letter-probability matrix: alength= 4 w= 10 nsites= 1 E= 0
  0.290290	  0.221601	  0.230645	  0.257464	
  0.259314	  0.223193	  0.239377	  0.278116	
  0.198573	  0.228413	  0.160960	  0.412054	
  0.160301	  0.212099	  0.155564	  0.472036	
  0.157961	  0.169415	  0.075366	  0.597258	
  0.335606	  0.098095	  0.378394	  0.187905	
  0.893341	  0.032621	  0.004978	  0.069060	
  0.045104	  0.056203	  0.078963	  0.819730	
  0.265739	  0.245308	  0.137347	  0.351607	
  0.282754	  0.248285	  0.263638	  0.205322	

URL http://cisbp.ccbr.utoronto.ca/TFreport.php?searchTF=T008165_1.02

MOTIF M0119_1.02 (EFA79895.1)_(Arabidopsis_thaliana)_(DBD_0.46)

letter-probability matrix: alength= 4 w= 10 nsites= 1 E= 0
  0.248110	  0.152843	  0.248240	  0.350807	
  0.831954	  0.024260	  0.024260	  0.119527	
  0.292968	  0.000230	  0.000230	  0.706571	
  0.701933	  0.000230	  0.000230	  0.297606	
  0.000230	  0.000230	  0.000230	  0.999309	
  0.802506	  0.000230	  0.000230	  0.197033	
  0.686996	  0.000230	  0.000230	  0.312544	
  0.297562	  0.000230	  0.000230	  0.701978	
  0.213125	  0.097387	  0.097387	  0.592100	
  0.322088	  0.225971	  0.225971	  0.225971	

URL http://cisbp.ccbr.utoronto.ca/TFreport.php?searchTF=T008873_1.02

MOTIF M0145_1.02 (EFA75085.1)_(Medicago_truncatula)_(DBD_0.69)

letter-probability matrix: alength= 4 w= 8 nsites= 1 E= 0
  0.839058	  0.000399	  0.120208	  0.040335	
  0.881610	  0.000294	  0.000294	  0.117803	
  0.832686	  0.000277	  0.000277	  0.166759	
  0.693951	  0.000277	  0.000277	  0.305494	
  0.166759	  0.000277	  0.000277	  0.832686	
  0.832686	  0.000277	  0.000277	  0.166759	
  0.764101	  0.029671	  0.000294	  0.205934	
  0.185281	  0.037352	  0.000370	  0.776997	

URL http://cisbp.ccbr.utoronto.ca/TFreport.php?searchTF=T008871_1.02

MOTIF M0282_1.02 (EFA78656.1)_(Dictyostelium_discoideum)_(DBD_0.69)

letter-probability matrix: alength= 4 w= 9 nsites= 1 E= 0
  0.260727	  0.148929	  0.334780	  0.255564	
  0.239924	  0.131673	  0.232834	  0.395569	
  0.317703	  0.133102	  0.412039	  0.137156	
  0.205887	  0.763052	  0.000266	  0.030794	
  0.126505	  0.555728	  0.113327	  0.204441	
  0.999983	  0.000001	  0.000001	  0.000015	
  0.028568	  0.908935	  0.039341	  0.023156	
  0.112909	  0.105276	  0.770150	  0.011665	
  0.110224	  0.115875	  0.051548	  0.722353	

URL http://cisbp.ccbr.utoronto.ca/TFreport.php?searchTF=T030198_1.02

MOTIF M0284_1.02 (EFA81287.1)_(Dictyostelium_discoideum)_(DBD_0.69)

letter-probability matrix: alength= 4 w= 10 nsites= 1 E= 0
  0.313062	  0.203650	  0.332421	  0.150867	
  0.171436	  0.240859	  0.077806	  0.509899	
  0.050046	  0.238160	  0.535361	  0.176433	
  0.952059	  0.000307	  0.047400	  0.000234	
  0.001305	  0.842068	  0.048224	  0.108404	
  0.147537	  0.050607	  0.730757	  0.071100	
  0.173062	  0.231285	  0.106022	  0.489630	
  0.211470	  0.107134	  0.504761	  0.176635	
  0.149963	  0.144083	  0.368850	  0.337104	
  0.282001	  0.317956	  0.189031	  0.211011	

URL http://cisbp.ccbr.utoronto.ca/TFreport.php?searchTF=T030202_1.02

MOTIF M0285_1.02 (EFA78647.1)_(Dictyostelium_discoideum)_(DBD_0.81)

letter-probability matrix: alength= 4 w= 11 nsites= 1 E= 0
  0.229248	  0.312257	  0.229248	  0.229248	
  0.383818	  0.205394	  0.205394	  0.205394	
  0.601000	  0.106264	  0.186471	  0.106264	
  0.584632	  0.000198	  0.000198	  0.414973	
  0.000198	  0.077683	  0.082181	  0.839939	
  0.916399	  0.000198	  0.000198	  0.083206	
  0.000198	  0.916399	  0.000198	  0.083206	
  0.167704	  0.000198	  0.831900	  0.000198	
  0.098435	  0.110971	  0.020950	  0.769644	
  0.783606	  0.044804	  0.126787	  0.044804	
  0.244812	  0.221418	  0.143933	  0.389837	

URL http://cisbp.ccbr.utoronto.ca/TFreport.php?searchTF=T030197_1.02

MOTIF M0286_1.02 (EFA78433.1)_(Dictyostelium_discoideum)_(DBD_0.75)

letter-probability matrix: alength= 4 w= 9 nsites= 1 E= 0
  0.844894	  0.036569	  0.097438	  0.021099	
  0.000044	  0.003641	  0.001790	  0.994525	
  0.138156	  0.162128	  0.625396	  0.074320	
  0.415774	  0.011360	  0.454929	  0.117936	
  0.000143	  0.910555	  0.001591	  0.087712	
  0.026782	  0.006220	  0.960778	  0.006220	
  0.285222	  0.408817	  0.017873	  0.288088	
  0.234904	  0.259609	  0.232567	  0.272920	
  0.615549	  0.106966	  0.108041	  0.169443	

URL http://cisbp.ccbr.utoronto.ca/TFreport.php?searchTF=T030196_1.02

MOTIF M0773_1.02 (EFA76673.1)_(Dictyostelium_discoideum)_(DBD_0.78)

letter-probability matrix: alength= 4 w= 7 nsites= 1 E= 0
  0.160263	  0.374959	  0.205782	  0.258997	
  0.755520	  0.212174	  0.020033	  0.012273	
  0.023502	  0.008142	  0.950593	  0.017762	
  0.984609	  0.001669	  0.000626	  0.013095	
  0.002686	  0.002938	  0.004212	  0.990164	
  0.067604	  0.546576	  0.161366	  0.224454	
  0.180546	  0.338995	  0.248635	  0.231825	

URL http://cisbp.ccbr.utoronto.ca/TFreport.php?searchTF=T085916_1.02

MOTIF M0774_1.02 (EFA77753.1)_(Dictyostelium_discoideum)_(DBD_0.89)

letter-probability matrix: alength= 4 w= 10 nsites= 1 E= 0
  0.180841	  0.286465	  0.234538	  0.298156	
  0.366884	  0.113869	  0.129677	  0.389571	
  0.335406	  0.187793	  0.258616	  0.218185	
  0.102789	  0.348164	  0.211172	  0.337875	
  0.841733	  0.112783	  0.031673	  0.013811	
  0.000000	  0.000053	  0.998602	  0.001345	
  0.984155	  0.012083	  0.002950	  0.000812	
  0.000099	  0.007526	  0.021294	  0.971081	
  0.111980	  0.491921	  0.194089	  0.202010	
  0.154422	  0.247074	  0.264989	  0.333515	

URL http://cisbp.ccbr.utoronto.ca/TFreport.php?searchTF=T085921_1.02

MOTIF M0775_1.02 (EFA80888.1)_(Dictyostelium_discoideum)_(DBD_0.92)

letter-probability matrix: alength= 4 w= 10 nsites= 1 E= 0
  0.259701	  0.237349	  0.270300	  0.232649	
  0.237303	  0.239688	  0.244530	  0.278478	
  0.165549	  0.372138	  0.135540	  0.326773	
  0.228700	  0.282142	  0.455963	  0.033195	
  0.997179	  0.000752	  0.001984	  0.000086	
  0.003095	  0.003253	  0.001682	  0.991970	
  0.000480	  0.999018	  0.000096	  0.000405	
  0.773791	  0.030003	  0.121669	  0.074537	
  0.199450	  0.297545	  0.303555	  0.199450	
  0.311950	  0.193030	  0.226522	  0.268498	

URL http://cisbp.ccbr.utoronto.ca/TFreport.php?searchTF=T085929_1.02

MOTIF M0776_1.02 (EFA80915.1)_(Dictyostelium_discoideum)_(DBD_0.97)

letter-probability matrix: alength= 4 w= 8 nsites= 1 E= 0
  0.192396	  0.077189	  0.038786	  0.691628	
  0.218789	  0.780587	  0.000312	  0.000312	
  0.000303	  0.000303	  0.999092	  0.000303	
  0.999092	  0.000303	  0.000303	  0.000303	
  0.000303	  0.000303	  0.000303	  0.999092	
  0.000303	  0.999092	  0.000303	  0.000303	
  0.000344	  0.000344	  0.689050	  0.310262	
  0.158088	  0.053046	  0.578256	  0.210609	

URL http://cisbp.ccbr.utoronto.ca/TFreport.php?searchTF=T085931_1.02

MOTIF M0777_1.02 (EFA80914.1)_(Dictyostelium_discoideum)_(DBD_0.89)

letter-probability matrix: alength= 4 w= 7 nsites= 1 E= 0
  0.151807	  0.377137	  0.119416	  0.351640	
  0.132535	  0.809849	  0.020022	  0.037594	
  0.000855	  0.009903	  0.985176	  0.004067	
  0.990153	  0.000349	  0.000218	  0.009280	
  0.016614	  0.000301	  0.000468	  0.982617	
  0.053147	  0.687494	  0.105959	  0.153401	
  0.160073	  0.197478	  0.303575	  0.338874	

URL http://cisbp.ccbr.utoronto.ca/TFreport.php?searchTF=T085930_1.02

MOTIF M0779_1.02 (EFA75635.1)_(Dictyostelium_discoideum)_(DBD_0.92)

letter-probability matrix: alength= 4 w= 8 nsites= 1 E= 0
  0.096972	  0.161405	  0.225838	  0.515786	
  0.292641	  0.706871	  0.000244	  0.000244	
  0.000244	  0.000244	  0.999269	  0.000244	
  0.999269	  0.000244	  0.000244	  0.000244	
  0.000244	  0.000244	  0.000244	  0.999269	
  0.000244	  0.999269	  0.000244	  0.000244	
  0.000263	  0.000263	  0.683754	  0.315720	
  0.111317	  0.148299	  0.259246	  0.481139	

URL http://cisbp.ccbr.utoronto.ca/TFreport.php?searchTF=T085914_1.02

MOTIF M0780_1.02 (EFA77670.1)_(Dictyostelium_discoideum)_(DBD_0.89)

letter-probability matrix: alength= 4 w= 8 nsites= 1 E= 0
  0.208124	  0.336344	  0.148137	  0.307395	
  0.193980	  0.326279	  0.175520	  0.304221	
  0.329188	  0.570565	  0.021469	  0.078778	
  0.020795	  0.000370	  0.911160	  0.067675	
  0.967400	  0.000175	  0.000140	  0.032285	
  0.006241	  0.000276	  0.000049	  0.993434	
  0.046560	  0.555982	  0.169141	  0.228317	
  0.249037	  0.109684	  0.449259	  0.192020	

URL http://cisbp.ccbr.utoronto.ca/TFreport.php?searchTF=T085920_1.02

MOTIF M0781_1.02 (EFA81457.1)_(Dictyostelium_discoideum)_(DBD_1.00)

letter-probability matrix: alength= 4 w= 9 nsites= 1 E= 0
  0.219716	  0.265691	  0.183522	  0.331071	
  0.250434	  0.265920	  0.243032	  0.240614	
  0.444513	  0.386441	  0.083678	  0.085369	
  0.084304	  0.006517	  0.866469	  0.042710	
  0.921264	  0.013273	  0.007735	  0.057728	
  0.016068	  0.014394	  0.000001	  0.969537	
  0.152074	  0.546954	  0.164739	  0.136233	
  0.135109	  0.205631	  0.261408	  0.397853	
  0.296179	  0.230665	  0.242491	  0.230665	

URL http://cisbp.ccbr.utoronto.ca/TFreport.php?searchTF=T085932_1.02

MOTIF M0875_1.02 (EFA75708.1)_(Dictyostelium_discoideum)_(DBD_0.72)

letter-probability matrix: alength= 4 w= 10 nsites= 1 E= 0
  0.298703	  0.171430	  0.171430	  0.358437	
  0.304805	  0.135193	  0.025700	  0.534302	
  0.715211	  0.093459	  0.093911	  0.097419	
  0.000182	  0.000182	  0.000182	  0.999455	
  0.999455	  0.000182	  0.000182	  0.000182	
  0.097419	  0.000182	  0.000182	  0.902218	
  0.905485	  0.000182	  0.094152	  0.000182	
  0.094152	  0.093911	  0.000182	  0.811755	
  0.175207	  0.078752	  0.575191	  0.170850	
  0.224482	  0.224482	  0.224482	  0.326554	

URL http://cisbp.ccbr.utoronto.ca/TFreport.php?searchTF=T102493_1.02

MOTIF M0877_1.02 (EFA75019.1)_(Dictyostelium_discoideum)_(DBD_0.83)

letter-probability matrix: alength= 4 w= 8 nsites= 1 E= 0
  0.270248	  0.108261	  0.216253	  0.405238	
  0.282994	  0.075603	  0.132164	  0.509238	
  0.000141	  0.014217	  0.000141	  0.985501	
  0.000139	  0.000139	  0.999584	  0.000139	
  0.999584	  0.000139	  0.000139	  0.000139	
  0.000139	  0.999584	  0.000139	  0.000139	
  0.971821	  0.000139	  0.027901	  0.000139	
  0.000182	  0.454397	  0.200036	  0.345385	

URL http://cisbp.ccbr.utoronto.ca/TFreport.php?searchTF=T102492_1.02

MOTIF M0878_1.02 (EFA78939.1)_(Dictyostelium_discoideum)_(DBD_0.98)

letter-probability matrix: alength= 4 w= 8 nsites= 1 E= 0
  0.152865	  0.204293	  0.347080	  0.295762	
  0.066890	  0.358900	  0.022489	  0.551721	
  0.775218	  0.104914	  0.046672	  0.073196	
  0.869964	  0.073586	  0.014418	  0.042033	
  0.000088	  0.022742	  0.000438	  0.976732	
  0.502328	  0.093621	  0.042916	  0.361135	
  0.329862	  0.070013	  0.034079	  0.566046	
  0.521291	  0.163417	  0.171796	  0.143496	

URL http://cisbp.ccbr.utoronto.ca/TFreport.php?searchTF=T102495_1.02

MOTIF M1297_1.02 (EFA85834.1)_(Dictyostelium_discoideum)_(DBD_1.00)

letter-probability matrix: alength= 4 w= 10 nsites= 1 E= 0
  0.233777	  0.598464	  0.083460	  0.084299	
  0.030948	  0.562453	  0.044359	  0.362240	
  0.506429	  0.042836	  0.155615	  0.295120	
  0.524310	  0.062308	  0.043907	  0.369475	
  0.657133	  0.044163	  0.042009	  0.256695	
  0.290800	  0.112464	  0.066862	  0.529873	
  0.281986	  0.340992	  0.131875	  0.245147	
  0.228299	  0.247314	  0.296088	  0.228299	
  0.301159	  0.033037	  0.594451	  0.071353	
  0.207356	  0.056511	  0.520315	  0.215818	

URL http://cisbp.ccbr.utoronto.ca/TFreport.php?searchTF=T112704_1.02

MOTIF M1347_1.02 (EFA79332.1)_(Dictyostelium_discoideum)_(DBD_0.88)

letter-probability matrix: alength= 4 w= 10 nsites= 1 E= 0
  0.214802	  0.267660	  0.317258	  0.200280	
  0.320840	  0.130444	  0.361747	  0.186969	
  0.383131	  0.098335	  0.419212	  0.099323	
  0.230005	  0.472530	  0.162082	  0.135382	
  0.172787	  0.396255	  0.279236	  0.151723	
  0.015765	  0.016740	  0.932411	  0.035085	
  0.257980	  0.118260	  0.185468	  0.438291	
  0.026659	  0.040171	  0.005069	  0.928101	
  0.534650	  0.053070	  0.133168	  0.279112	
  0.323022	  0.236920	  0.195923	  0.244135	

URL http://cisbp.ccbr.utoronto.ca/TFreport.php?searchTF=T125252_1.02

MOTIF M1351_1.02 (EFA77680.1)_(Dictyostelium_discoideum)_(DBD_0.89)

letter-probability matrix: alength= 4 w= 8 nsites= 1 E= 0
  0.676220	  0.088330	  0.132422	  0.103028	
  0.000116	  0.000116	  0.988029	  0.011739	
  0.988166	  0.011604	  0.000115	  0.000115	
  0.000115	  0.000115	  0.000115	  0.999655	
  0.942210	  0.023093	  0.000115	  0.034582	
  0.023361	  0.046606	  0.011739	  0.918294	
  0.088330	  0.132422	  0.088330	  0.690917	
  0.295413	  0.113760	  0.045640	  0.545186	

URL http://cisbp.ccbr.utoronto.ca/TFreport.php?searchTF=T125249_1.02

MOTIF M1353_1.02 (EFA83904.1)_(Dictyostelium_discoideum)_(DBD_0.89)

letter-probability matrix: alength= 4 w= 10 nsites= 1 E= 0
  0.262511	  0.232826	  0.259899	  0.244764	
  0.255334	  0.242882	  0.233358	  0.268426	
  0.284602	  0.133099	  0.337340	  0.244959	
  0.209337	  0.101895	  0.370164	  0.318603	
  0.223361	  0.522585	  0.122583	  0.131471	
  0.195035	  0.470209	  0.305875	  0.028881	
  0.051263	  0.001007	  0.931660	  0.016070	
  0.018580	  0.049013	  0.150219	  0.782187	
  0.067085	  0.034673	  0.030446	  0.867796	
  0.451887	  0.069646	  0.291032	  0.187435	

URL http://cisbp.ccbr.utoronto.ca/TFreport.php?searchTF=T125266_1.02

MOTIF M1685_1.02 (EFA80219.1)_(Arabidopsis_thaliana)_(DBD_0.56)

letter-probability matrix: alength= 4 w= 8 nsites= 1 E= 0
  0.059048	  0.499706	  0.117803	  0.323443	
  0.265294	  0.000204	  0.734299	  0.000204	
  0.000182	  0.000182	  0.999455	  0.000182	
  0.000182	  0.000182	  0.000182	  0.999455	
  0.000182	  0.999455	  0.000182	  0.000182	
  0.999445	  0.000185	  0.000185	  0.000185	
  0.903344	  0.000192	  0.057840	  0.038624	
  0.184280	  0.631178	  0.079127	  0.105415	

URL http://cisbp.ccbr.utoronto.ca/TFreport.php?searchTF=T155390_1.02

MOTIF M1714_1.02 (EFA81495.1)_(Dictyostelium_discoideum)_(DBD_0.80)

letter-probability matrix: alength= 4 w= 9 nsites= 1 E= 0
  0.325031	  0.201124	  0.164666	  0.309179	
  0.362222	  0.159534	  0.181682	  0.296562	
  0.313077	  0.161814	  0.205706	  0.319402	
  0.253355	  0.195350	  0.141853	  0.409441	
  0.190413	  0.223452	  0.336701	  0.249434	
  0.005411	  0.961519	  0.022388	  0.010682	
  0.001536	  0.962430	  0.035854	  0.000179	
  0.000966	  0.010977	  0.978320	  0.009736	
  0.565292	  0.084550	  0.225280	  0.124879	

URL http://cisbp.ccbr.utoronto.ca/TFreport.php?searchTF=T164678_1.02

MOTIF M1877_1.02 (EFA76255.1)_(Pisum_sativum)_(DBD_0.54)

letter-probability matrix: alength= 4 w= 16 nsites= 1 E= 0
  0.214286	  0.357143	  0.285714	  0.142857	
  0.500000	  0.000000	  0.214286	  0.285714	
  0.642857	  0.071429	  0.071429	  0.214286	
  0.214286	  0.428571	  0.285714	  0.071429	
  0.785714	  0.000000	  0.214286	  0.000000	
  0.785714	  0.000000	  0.142857	  0.071429	
  0.785714	  0.000000	  0.142857	  0.071429	
  0.214286	  0.214286	  0.142857	  0.428571	
  0.285714	  0.071429	  0.571429	  0.071429	
  0.214286	  0.285714	  0.428571	  0.071429	
  0.571429	  0.357143	  0.071429	  0.000000	
  0.571429	  0.071429	  0.285714	  0.071429	
  0.642857	  0.000000	  0.142857	  0.214286	
  0.642857	  0.357143	  0.000000	  0.000000	
  0.785714	  0.000000	  0.214286	  0.000000	
  0.142857	  0.500000	  0.000000	  0.357143	

URL http://cisbp.ccbr.utoronto.ca/TFreport.php?searchTF=T008872_1.02

MOTIF M1890_1.02 (EFA79480.1)_(Homo_sapiens)_(DBD_0.71)

letter-probability matrix: alength= 4 w= 18 nsites= 1 E= 0
  0.536953	  0.172787	  0.112112	  0.178148	
  0.135379	  0.112568	  0.522354	  0.229699	
  0.404653	  0.257299	  0.247263	  0.090785	
  0.137203	  0.339074	  0.453695	  0.070027	
  0.208257	  0.267336	  0.035698	  0.488709	
  0.021898	  0.095119	  0.546077	  0.336907	
  0.027030	  0.842153	  0.054859	  0.075958	
  0.001825	  0.113253	  0.027600	  0.857322	
  0.025319	  0.116104	  0.819001	  0.039576	
  0.975707	  0.000228	  0.017108	  0.006957	
  0.000570	  0.005931	  0.000912	  0.992587	
  0.001141	  0.000570	  0.000570	  0.997719	
  0.003307	  0.001141	  0.994526	  0.001026	
  0.001369	  0.007984	  0.990306	  0.000342	
  0.042997	  0.305315	  0.001711	  0.649977	
  0.052464	  0.449703	  0.213618	  0.284215	
  0.175297	  0.476277	  0.253992	  0.094434	
  0.485972	  0.129562	  0.308736	  0.075730	

URL http://cisbp.ccbr.utoronto.ca/TFreport.php?searchTF=T070718_1.02

MOTIF M6342_1.02 (EFA75762.1)_(Homo_sapiens)_(DBD_0.75)

letter-probability matrix: alength= 4 w= 12 nsites= 1 E= 0
  0.052632	  0.242105	  0.389474	  0.315789	
  0.273684	  0.642105	  0.000000	  0.084211	
  0.000000	  0.094737	  0.000000	  0.905263	
  0.905263	  0.000000	  0.000000	  0.094737	
  0.621053	  0.000000	  0.000000	  0.378947	
  0.905263	  0.000000	  0.000000	  0.094737	
  0.810526	  0.000000	  0.000000	  0.189474	
  0.905263	  0.000000	  0.094737	  0.000000	
  0.000000	  0.094737	  0.000000	  0.905263	
  1.000000	  0.000000	  0.000000	  0.000000	
  0.073684	  0.094737	  0.831579	  0.000000	
  0.221053	  0.589474	  0.052632	  0.136842	

URL http://cisbp.ccbr.utoronto.ca/TFreport.php?searchTF=T112699_1.02

