MEME version 4

ALPHABET= ACGT

strands: + -

Background letter frequencies (from uniform background):
A 0.25000 C 0.25000 G 0.25000 T 0.25000 

MOTIF M0114_1.02 (Ppa-cfi-1)_(Caenorhabditis_elegans)_(DBD_0.96)

letter-probability matrix: alength= 4 w= 8 nsites= 1 E= 0
  0.198827	  0.235670	  0.148775	  0.416728	
  0.162360	  0.175883	  0.159145	  0.502612	
  0.174479	  0.162683	  0.100666	  0.562171	
  0.409838	  0.088745	  0.309749	  0.191668	
  0.912942	  0.000248	  0.035046	  0.051763	
  0.057276	  0.000593	  0.000249	  0.941882	
  0.240120	  0.254968	  0.196593	  0.308320	
  0.268348	  0.215355	  0.271045	  0.245252	

URL http://cisbp.ccbr.utoronto.ca/TFreport.php?searchTF=T007903_1.02

MOTIF M0118_1.02 (Ppa-hmg-11)_(Arabidopsis_thaliana)_(DBD_0.50)

letter-probability matrix: alength= 4 w= 9 nsites= 1 E= 0
  0.241564	  0.266970	  0.261683	  0.229783	
  0.209390	  0.306188	  0.250685	  0.233737	
  0.345181	  0.182011	  0.303102	  0.169706	
  0.329720	  0.179153	  0.251701	  0.239426	
  0.411309	  0.042920	  0.202217	  0.343554	
  0.710467	  0.047747	  0.000515	  0.241271	
  0.886835	  0.000921	  0.045045	  0.067199	
  0.454667	  0.009772	  0.038075	  0.497485	
  0.212559	  0.177544	  0.097438	  0.512458	

URL http://cisbp.ccbr.utoronto.ca/TFreport.php?searchTF=T008752_1.02

MOTIF M0121_1.02 (PPA23753)_(Brachypodium_distachyon)_(DBD_0.62)

letter-probability matrix: alength= 4 w= 9 nsites= 1 E= 0
  0.374501	  0.137771	  0.378264	  0.109464	
  0.226206	  0.276289	  0.249996	  0.247509	
  0.606765	  0.056721	  0.230014	  0.106500	
  0.428552	  0.111098	  0.200420	  0.259930	
  0.475920	  0.046770	  0.205460	  0.271850	
  0.400042	  0.099641	  0.159424	  0.340893	
  0.337415	  0.202616	  0.115736	  0.344232	
  0.546503	  0.072497	  0.224425	  0.156576	
  0.462607	  0.040726	  0.319538	  0.177129	

URL http://cisbp.ccbr.utoronto.ca/TFreport.php?searchTF=T008753_1.02

MOTIF M0140_1.02 (PPA25232)_(Caenorhabditis_elegans)_(DBD_0.48)

letter-probability matrix: alength= 4 w= 7 nsites= 1 E= 0
  0.272989	  0.275733	  0.247011	  0.204268	
  0.311542	  0.190859	  0.252531	  0.245068	
  0.409498	  0.106158	  0.183999	  0.300345	
  0.464798	  0.095737	  0.154718	  0.284747	
  0.582238	  0.128622	  0.014110	  0.275030	
  0.576040	  0.000723	  0.229563	  0.193674	
  0.235345	  0.212949	  0.048475	  0.503232	

URL http://cisbp.ccbr.utoronto.ca/TFreport.php?searchTF=T008754_1.02

MOTIF M0276_1.02 (PPA08194)_(Caenorhabditis_elegans)_(DBD_0.55)

letter-probability matrix: alength= 4 w= 10 nsites= 1 E= 0
  0.175570	  0.261504	  0.175570	  0.387356	
  0.095404	  0.095404	  0.639645	  0.169546	
  0.160935	  0.838902	  0.000082	  0.000082	
  0.000082	  0.999755	  0.000082	  0.000082	
  0.999755	  0.000082	  0.000082	  0.000082	
  0.000082	  0.999755	  0.000082	  0.000082	
  0.000082	  0.000082	  0.999755	  0.000082	
  0.000082	  0.000082	  0.000082	  0.999755	
  0.165231	  0.153373	  0.606884	  0.074512	
  0.233539	  0.154677	  0.277113	  0.334671	

URL http://cisbp.ccbr.utoronto.ca/TFreport.php?searchTF=T027894_1.02

MOTIF M0346_1.02 (Ppa-zip-3)_(Caenorhabditis_elegans)_(DBD_0.59)

letter-probability matrix: alength= 4 w= 9 nsites= 1 E= 0
  0.535636	  0.078528	  0.369982	  0.015855	
  0.001169	  0.000261	  0.000246	  0.998325	
  0.054873	  0.137693	  0.716963	  0.090471	
  0.854058	  0.002509	  0.100484	  0.042948	
  0.024415	  0.611073	  0.048677	  0.315834	
  0.195600	  0.103139	  0.611597	  0.089664	
  0.168167	  0.236266	  0.115003	  0.480563	
  0.192128	  0.410824	  0.230019	  0.167028	
  0.491395	  0.118777	  0.190042	  0.199786	

URL http://cisbp.ccbr.utoronto.ca/TFreport.php?searchTF=T027907_1.02

MOTIF M0384_1.02 (PPA09938)_(Caenorhabditis_elegans)_(DBD_0.79)

letter-probability matrix: alength= 4 w= 9 nsites= 1 E= 0
  0.516980	  0.286131	  0.098444	  0.098444	
  0.000071	  0.999788	  0.000071	  0.000071	
  0.495526	  0.000071	  0.504333	  0.000071	
  0.000071	  0.000071	  0.999788	  0.000071	
  0.106383	  0.000071	  0.000071	  0.893475	
  0.999788	  0.000071	  0.000071	  0.000071	
  0.000071	  0.000071	  0.999788	  0.000071	
  0.000071	  0.999788	  0.000071	  0.000071	
  0.322842	  0.227729	  0.223668	  0.225760	

URL http://cisbp.ccbr.utoronto.ca/TFreport.php?searchTF=T061291_1.02

MOTIF M0447_1.02 (PPA20237)_(Caenorhabditis_elegans)_(DBD_0.91)

letter-probability matrix: alength= 4 w= 10 nsites= 1 E= 0
  0.391273	  0.146849	  0.267577	  0.194301	
  0.236558	  0.241337	  0.322529	  0.199576	
  0.063325	  0.269963	  0.106515	  0.560196	
  0.004417	  0.002260	  0.968160	  0.025164	
  0.019015	  0.007208	  0.958364	  0.015413	
  0.150280	  0.035251	  0.000029	  0.814440	
  0.000025	  0.973874	  0.003426	  0.022675	
  0.905030	  0.032719	  0.031436	  0.030814	
  0.261983	  0.246726	  0.254240	  0.237052	
  0.139579	  0.281078	  0.155809	  0.423533	

URL http://cisbp.ccbr.utoronto.ca/TFreport.php?searchTF=T061339_1.02

MOTIF M0492_1.02 (Ppa-ztf-19)_(Caenorhabditis_elegans)_(DBD_0.90)

letter-probability matrix: alength= 4 w= 10 nsites= 1 E= 0
  0.191185	  0.299838	  0.187399	  0.321578	
  0.434373	  0.011634	  0.338290	  0.215703	
  0.072394	  0.118170	  0.556755	  0.252680	
  0.038220	  0.058169	  0.002755	  0.900857	
  0.004021	  0.003566	  0.721592	  0.270821	
  0.004412	  0.007060	  0.001776	  0.986752	
  0.942731	  0.006289	  0.023076	  0.027904	
  0.839473	  0.104875	  0.025605	  0.030047	
  0.329916	  0.186576	  0.080547	  0.402961	
  0.389696	  0.175101	  0.282977	  0.152226	

URL http://cisbp.ccbr.utoronto.ca/TFreport.php?searchTF=T061370_1.02

MOTIF M0493_1.02 (Ppa-lin-29)_(Caenorhabditis_elegans)_(DBD_0.81)

letter-probability matrix: alength= 4 w= 8 nsites= 1 E= 0
  0.242861	  0.157196	  0.428469	  0.171473	
  0.777565	  0.090973	  0.030392	  0.101070	
  0.838146	  0.060683	  0.020295	  0.080876	
  0.989600	  0.000101	  0.000101	  0.010198	
  0.989600	  0.000101	  0.000101	  0.010198	
  0.918922	  0.030392	  0.010198	  0.040489	
  0.718555	  0.156289	  0.083403	  0.041753	
  0.569619	  0.127964	  0.104719	  0.197699	

URL http://cisbp.ccbr.utoronto.ca/TFreport.php?searchTF=T061332_1.02

MOTIF M0544_1.02 (PPA04971)_(Caenorhabditis_elegans)_(DBD_0.72)

letter-probability matrix: alength= 4 w= 10 nsites= 1 E= 0
  0.128905	  0.198160	  0.139641	  0.533295	
  0.199185	  0.074756	  0.641772	  0.084287	
  0.215278	  0.545624	  0.112385	  0.126714	
  0.019784	  0.013665	  0.958010	  0.008541	
  0.065873	  0.024233	  0.423152	  0.486741	
  0.198217	  0.017277	  0.742012	  0.042494	
  0.002559	  0.040428	  0.943421	  0.013592	
  0.009834	  0.008810	  0.930657	  0.050698	
  0.229215	  0.300263	  0.209486	  0.261036	
  0.144330	  0.172794	  0.469703	  0.213172	

URL http://cisbp.ccbr.utoronto.ca/TFreport.php?searchTF=T061255_1.02

MOTIF M0546_1.02 (PPA26808)_(Caenorhabditis_elegans)_(DBD_0.80)

letter-probability matrix: alength= 4 w= 8 nsites= 1 E= 0
  0.062734	  0.468477	  0.187578	  0.281211	
  0.000192	  0.000192	  0.999424	  0.000192	
  0.096272	  0.038624	  0.346080	  0.519024	
  0.019042	  0.000189	  0.980581	  0.000189	
  0.000189	  0.000189	  0.980581	  0.019042	
  0.000189	  0.000189	  0.999434	  0.000189	
  0.204119	  0.428426	  0.122553	  0.244902	
  0.000227	  0.000227	  0.999319	  0.000227	

URL http://cisbp.ccbr.utoronto.ca/TFreport.php?searchTF=T061389_1.02

MOTIF M0584_1.02 (Ppa-cey-1)_(Caenorhabditis_elegans)_(DBD_0.86)

letter-probability matrix: alength= 4 w= 9 nsites= 1 E= 0
  0.230911	  0.224086	  0.262968	  0.282035	
  0.269525	  0.209906	  0.264188	  0.256380	
  0.283198	  0.178778	  0.291823	  0.246201	
  0.153491	  0.064952	  0.745191	  0.036366	
  0.485724	  0.054907	  0.315968	  0.143400	
  0.185229	  0.092907	  0.000174	  0.721690	
  0.451981	  0.073969	  0.434259	  0.039791	
  0.183594	  0.056414	  0.557089	  0.202902	
  0.369364	  0.118130	  0.213105	  0.299401	

URL http://cisbp.ccbr.utoronto.ca/TFreport.php?searchTF=T072637_1.02

MOTIF M0711_1.02 (PPA27498)_(Tetraodon_nigroviridis)_(DBD_0.75)

letter-probability matrix: alength= 4 w= 8 nsites= 1 E= 0
  0.001420	  0.995739	  0.001420	  0.001420	
  0.001106	  0.996681	  0.001106	  0.001106	
  0.001106	  0.001106	  0.996681	  0.001106	
  0.001106	  0.001106	  0.996681	  0.001106	
  0.996681	  0.001106	  0.001106	  0.001106	
  0.886062	  0.001106	  0.001106	  0.111726	
  0.222345	  0.001106	  0.775442	  0.001106	
  0.001656	  0.167219	  0.001656	  0.829470	

URL http://cisbp.ccbr.utoronto.ca/TFreport.php?searchTF=T078931_1.02

MOTIF M0715_1.02 (Ppa-fkh-2)_(Caenorhabditis_briggsae)_(DBD_0.76)

letter-probability matrix: alength= 4 w= 8 nsites= 1 E= 0
  0.416389	  0.000416	  0.541181	  0.042013	
  0.028824	  0.000285	  0.000285	  0.970605	
  0.827911	  0.171518	  0.000285	  0.000285	
  0.942066	  0.000285	  0.000285	  0.057363	
  0.999144	  0.000285	  0.000285	  0.000285	
  0.057363	  0.913527	  0.000285	  0.028824	
  0.999144	  0.000285	  0.000285	  0.000285	
  0.434462	  0.217448	  0.130642	  0.217448	

URL http://cisbp.ccbr.utoronto.ca/TFreport.php?searchTF=T082929_1.02

MOTIF M0739_1.02 (Ppa-let-381)_(Caenorhabditis_elegans)_(DBD_0.67)

letter-probability matrix: alength= 4 w= 8 nsites= 1 E= 0
  0.597222	  0.001984	  0.398810	  0.001984	
  0.001656	  0.001656	  0.001656	  0.995033	
  0.995033	  0.001656	  0.001656	  0.001656	
  0.995033	  0.001656	  0.001656	  0.001656	
  0.995033	  0.001656	  0.001656	  0.001656	
  0.001656	  0.995033	  0.001656	  0.001656	
  0.995033	  0.001656	  0.001656	  0.001656	
  0.745050	  0.002475	  0.002475	  0.250000	

URL http://cisbp.ccbr.utoronto.ca/TFreport.php?searchTF=T082921_1.02

MOTIF M0742_1.02 (Ppa-lin-31)_(Caenorhabditis_elegans)_(DBD_0.61)

letter-probability matrix: alength= 4 w= 11 nsites= 1 E= 0
  0.290290	  0.211015	  0.287681	  0.211015	
  0.243370	  0.086173	  0.086173	  0.584284	
  0.215478	  0.060026	  0.664470	  0.060026	
  0.151281	  0.076299	  0.000121	  0.772299	
  0.919668	  0.080090	  0.000121	  0.000121	
  0.922970	  0.076788	  0.000121	  0.000121	
  0.999637	  0.000121	  0.000121	  0.000121	
  0.000121	  0.668017	  0.000121	  0.331741	
  0.882680	  0.039107	  0.039107	  0.039107	
  0.508155	  0.163948	  0.163948	  0.163948	
  0.429714	  0.190095	  0.190095	  0.190095	

URL http://cisbp.ccbr.utoronto.ca/TFreport.php?searchTF=T082925_1.02

MOTIF M0755_1.02 (PPA14054)_(Trionyx_sinensis)_(DBD_0.60)

letter-probability matrix: alength= 4 w= 9 nsites= 1 E= 0
  0.003289	  0.003289	  0.003289	  0.990132	
  0.001984	  0.001984	  0.994048	  0.001984	
  0.001656	  0.001656	  0.001656	  0.995033	
  0.829470	  0.167219	  0.001656	  0.001656	
  0.995033	  0.001656	  0.001656	  0.001656	
  0.995033	  0.001656	  0.001656	  0.001656	
  0.001656	  0.663907	  0.001656	  0.332781	
  0.995033	  0.001656	  0.001656	  0.001656	
  0.661184	  0.332237	  0.003289	  0.003289	

URL http://cisbp.ccbr.utoronto.ca/TFreport.php?searchTF=T082926_1.02

MOTIF M0859_1.02 (Ppa-ceh-34)_(Caenorhabditis_elegans)_(DBD_0.79)

letter-probability matrix: alength= 4 w= 10 nsites= 1 E= 0
  0.232744	  0.273128	  0.183083	  0.311045	
  0.140286	  0.276907	  0.161367	  0.421441	
  0.219395	  0.144153	  0.384088	  0.252364	
  0.616743	  0.132218	  0.072563	  0.178476	
  0.067661	  0.163123	  0.000667	  0.768550	
  0.527821	  0.272805	  0.040397	  0.158977	
  0.080270	  0.495415	  0.102043	  0.322272	
  0.147230	  0.400213	  0.194805	  0.257752	
  0.204420	  0.311120	  0.179501	  0.304959	
  0.227630	  0.278028	  0.190132	  0.304211	

URL http://cisbp.ccbr.utoronto.ca/TFreport.php?searchTF=T100015_1.02

MOTIF M0864_1.02 (Ppa-pal-1)_(Caenorhabditis_elegans)_(DBD_0.70)

letter-probability matrix: alength= 4 w= 8 nsites= 1 E= 0
  0.091486	  0.000906	  0.906703	  0.000906	
  0.000767	  0.307515	  0.000767	  0.690951	
  0.921012	  0.077454	  0.000767	  0.000767	
  0.997699	  0.000767	  0.000767	  0.000767	
  0.000767	  0.000767	  0.000767	  0.997699	
  0.537577	  0.000767	  0.000767	  0.460890	
  0.997508	  0.000831	  0.000831	  0.000831	
  0.886062	  0.111726	  0.001106	  0.001106	

URL http://cisbp.ccbr.utoronto.ca/TFreport.php?searchTF=T100017_1.02

MOTIF M0869_1.02 (Ppa-egl-5)_(Caenorhabditis_briggsae)_(DBD_0.91)

letter-probability matrix: alength= 4 w= 10 nsites= 1 E= 0
  0.229831	  0.163587	  0.191971	  0.414612	
  0.145017	  0.118730	  0.111816	  0.624437	
  0.595085	  0.033405	  0.112023	  0.259487	
  0.785686	  0.060133	  0.067125	  0.087056	
  0.085373	  0.150962	  0.087098	  0.676567	
  0.132663	  0.069256	  0.418976	  0.379105	
  0.354546	  0.079905	  0.369015	  0.196534	
  0.139295	  0.286173	  0.374876	  0.199656	
  0.245825	  0.277167	  0.205330	  0.271678	
  0.236252	  0.236252	  0.178556	  0.348940	

URL http://cisbp.ccbr.utoronto.ca/TFreport.php?searchTF=T100024_1.02

MOTIF M0892_1.02 (Ppa-ceh-2)_(Homo_sapiens)_(DBD_0.82)

letter-probability matrix: alength= 4 w= 10 nsites= 1 E= 0
  0.278360	  0.307636	  0.270133	  0.143871	
  0.130958	  0.409474	  0.130958	  0.328611	
  0.077310	  0.078087	  0.009280	  0.835324	
  0.925286	  0.017995	  0.039256	  0.017463	
  0.972774	  0.002586	  0.004350	  0.020290	
  0.033715	  0.021284	  0.021714	  0.923288	
  0.073569	  0.045070	  0.298338	  0.583023	
  0.719299	  0.017607	  0.216649	  0.046445	
  0.170597	  0.357560	  0.323534	  0.148310	
  0.162911	  0.348349	  0.209182	  0.279557	

URL http://cisbp.ccbr.utoronto.ca/TFreport.php?searchTF=T100036_1.02

MOTIF M0911_1.02 (Ppa-ceh-12)_(Mus_musculus)_(DBD_0.74)

letter-probability matrix: alength= 4 w= 10 nsites= 1 E= 0
  0.247073	  0.284202	  0.206373	  0.262352	
  0.149870	  0.075171	  0.040036	  0.734924	
  0.706549	  0.090958	  0.126519	  0.075974	
  0.851645	  0.008910	  0.044131	  0.095313	
  0.070692	  0.091682	  0.096383	  0.741243	
  0.120799	  0.217919	  0.226813	  0.434469	
  0.367812	  0.088905	  0.402450	  0.140833	
  0.215590	  0.296895	  0.274069	  0.213445	
  0.220651	  0.269503	  0.211999	  0.297847	
  0.238452	  0.238452	  0.243269	  0.279826	

URL http://cisbp.ccbr.utoronto.ca/TFreport.php?searchTF=T100064_1.02

MOTIF M0928_1.02 (Ppa-alr-1)_(Mus_musculus)_(DBD_0.81)

letter-probability matrix: alength= 4 w= 7 nsites= 1 E= 0
  0.144397	  0.120611	  0.119411	  0.615582	
  0.644210	  0.107557	  0.134025	  0.114208	
  0.733858	  0.022383	  0.092602	  0.151156	
  0.080543	  0.104458	  0.116604	  0.698395	
  0.170686	  0.157563	  0.174135	  0.497616	
  0.375164	  0.124881	  0.304102	  0.195853	
  0.313095	  0.175301	  0.329148	  0.182456	

URL http://cisbp.ccbr.utoronto.ca/TFreport.php?searchTF=T100011_1.02

MOTIF M0942_1.02 (Ppa-irx-1)_(Mus_musculus)_(DBD_0.83)

letter-probability matrix: alength= 4 w= 8 nsites= 1 E= 0
  0.320789	  0.120396	  0.221580	  0.337236	
  0.142028	  0.088768	  0.093319	  0.675885	
  0.117073	  0.115908	  0.597527	  0.169491	
  0.123128	  0.124365	  0.043957	  0.708550	
  0.334290	  0.242744	  0.111276	  0.311690	
  0.297216	  0.266256	  0.229168	  0.207360	
  0.227950	  0.251924	  0.244478	  0.275648	
  0.232873	  0.249759	  0.254804	  0.262564	

URL http://cisbp.ccbr.utoronto.ca/TFreport.php?searchTF=T100046_1.02

MOTIF M0972_1.02 (Ppa-unc-4)_(Mus_musculus)_(DBD_0.89)

letter-probability matrix: alength= 4 w= 8 nsites= 1 E= 0
  0.205661	  0.300734	  0.189849	  0.303757	
  0.125034	  0.075837	  0.035114	  0.764015	
  0.752473	  0.068263	  0.113678	  0.065586	
  0.947059	  0.000567	  0.020767	  0.031606	
  0.052681	  0.078591	  0.069010	  0.799717	
  0.162578	  0.134445	  0.157773	  0.545203	
  0.352715	  0.124669	  0.349206	  0.173410	
  0.314813	  0.200734	  0.311680	  0.172773	

URL http://cisbp.ccbr.utoronto.ca/TFreport.php?searchTF=T100057_1.02

MOTIF M1015_1.02 (Ppa-lim-6)_(Mus_musculus)_(DBD_0.86)

letter-probability matrix: alength= 4 w= 7 nsites= 1 E= 0
  0.161249	  0.279486	  0.178208	  0.381058	
  0.074215	  0.310124	  0.003515	  0.612146	
  0.496430	  0.223061	  0.103280	  0.177229	
  0.604375	  0.168039	  0.074010	  0.153576	
  0.151745	  0.140078	  0.000347	  0.707829	
  0.255989	  0.195416	  0.091390	  0.457205	
  0.395010	  0.194204	  0.151246	  0.259540	

URL http://cisbp.ccbr.utoronto.ca/TFreport.php?searchTF=T100059_1.02

MOTIF M1016_1.02 (Ppa-ceh-32)_(Mus_musculus)_(DBD_0.91)

letter-probability matrix: alength= 4 w= 7 nsites= 1 E= 0
  0.247356	  0.242458	  0.265291	  0.244895	
  0.187686	  0.245862	  0.203318	  0.363134	
  0.206531	  0.145540	  0.437226	  0.210703	
  0.818609	  0.111900	  0.033704	  0.035788	
  0.126658	  0.170970	  0.099632	  0.602740	
  0.539508	  0.337193	  0.043409	  0.079890	
  0.146793	  0.419484	  0.179294	  0.254430	

URL http://cisbp.ccbr.utoronto.ca/TFreport.php?searchTF=T100016_1.02

MOTIF M1063_1.02 (PPA10612)_(Mus_musculus)_(DBD_0.79)

letter-probability matrix: alength= 4 w= 10 nsites= 1 E= 0
  0.221818	  0.204764	  0.161073	  0.412344	
  0.207435	  0.166471	  0.084337	  0.541758	
  0.621586	  0.036682	  0.185355	  0.156378	
  0.910510	  0.013383	  0.034261	  0.041846	
  0.138801	  0.083349	  0.268550	  0.509300	
  0.088820	  0.300850	  0.045450	  0.564880	
  0.170729	  0.062808	  0.652021	  0.114443	
  0.204093	  0.304470	  0.254315	  0.237122	
  0.175698	  0.304530	  0.186563	  0.333209	
  0.196959	  0.273964	  0.238173	  0.290905	

URL http://cisbp.ccbr.utoronto.ca/TFreport.php?searchTF=T100034_1.02

MOTIF M1085_1.02 (Ppa-ceh-19)_(Caenorhabditis_elegans)_(DBD_0.74)

letter-probability matrix: alength= 4 w= 9 nsites= 1 E= 0
  0.141463	  0.262970	  0.153245	  0.442322	
  0.140870	  0.062667	  0.055581	  0.740881	
  0.653699	  0.052596	  0.071711	  0.221993	
  0.923705	  0.035460	  0.039189	  0.001646	
  0.158548	  0.118636	  0.073410	  0.649406	
  0.341859	  0.096005	  0.176690	  0.385445	
  0.185952	  0.067053	  0.623587	  0.123407	
  0.170282	  0.272449	  0.298107	  0.259162	
  0.152968	  0.314262	  0.202396	  0.330374	

URL http://cisbp.ccbr.utoronto.ca/TFreport.php?searchTF=T100044_1.02

MOTIF M1087_1.02 (Ppa-ceh-24)_(Caenorhabditis_elegans)_(DBD_0.96)

letter-probability matrix: alength= 4 w= 9 nsites= 1 E= 0
  0.293701	  0.219766	  0.271120	  0.215414	
  0.240582	  0.344834	  0.285164	  0.129420	
  0.118736	  0.506187	  0.055529	  0.319548	
  0.556942	  0.135974	  0.064229	  0.242854	
  0.177806	  0.658981	  0.069456	  0.093756	
  0.130078	  0.015152	  0.010785	  0.843985	
  0.100215	  0.295102	  0.056110	  0.548573	
  0.336411	  0.198013	  0.323220	  0.142356	
  0.424037	  0.145448	  0.175883	  0.254632	

URL http://cisbp.ccbr.utoronto.ca/TFreport.php?searchTF=T100065_1.02

MOTIF M1096_1.02 (Ppa-ceh-45)_(Drosophila_melanogaster)_(DBD_0.74)

letter-probability matrix: alength= 4 w= 8 nsites= 1 E= 0
  0.207448	  0.325343	  0.141866	  0.325343	
  0.070500	  0.046787	  0.081909	  0.800803	
  0.823901	  0.041432	  0.064978	  0.069690	
  0.800902	  0.045410	  0.085263	  0.068425	
  0.078337	  0.041722	  0.098595	  0.781347	
  0.084961	  0.693803	  0.089317	  0.131919	
  0.101356	  0.577459	  0.132772	  0.188413	
  0.148880	  0.348326	  0.299807	  0.202987	

URL http://cisbp.ccbr.utoronto.ca/TFreport.php?searchTF=T100047_1.02

MOTIF M1223_1.02 (Ppa-ceh-8)_(Mus_musculus)_(DBD_0.93)

letter-probability matrix: alength= 4 w= 8 nsites= 1 E= 0
  0.027268	  0.108261	  0.000270	  0.864201	
  0.022934	  0.022934	  0.000227	  0.953906	
  0.999362	  0.000213	  0.000213	  0.000213	
  0.999376	  0.000208	  0.000208	  0.000208	
  0.000208	  0.000208	  0.000208	  0.999376	
  0.000208	  0.041840	  0.104288	  0.853664	
  0.526025	  0.184280	  0.184280	  0.105415	
  0.148299	  0.037352	  0.740015	  0.074334	

URL http://cisbp.ccbr.utoronto.ca/TFreport.php?searchTF=T100019_1.02

MOTIF M1226_1.02 (Ppa-ceh-6)_(Wuchereria_bancrofti)_(DBD_0.73)

letter-probability matrix: alength= 4 w= 8 nsites= 1 E= 0
  0.167458	  0.368975	  0.167458	  0.296110	
  0.206674	  0.130470	  0.188886	  0.473970	
  0.382364	  0.288985	  0.140664	  0.187987	
  0.850777	  0.022786	  0.061323	  0.065115	
  0.073337	  0.001278	  0.049653	  0.875733	
  0.013710	  0.041188	  0.030819	  0.914283	
  0.801857	  0.016231	  0.059557	  0.122355	
  0.354113	  0.149847	  0.200260	  0.295780	

URL http://cisbp.ccbr.utoronto.ca/TFreport.php?searchTF=T105292_1.02

MOTIF M1229_1.02 (Ppa-unc-86)_(Caenorhabditis_elegans)_(DBD_0.92)

letter-probability matrix: alength= 4 w= 8 nsites= 1 E= 0
  0.498756	  0.001244	  0.250000	  0.250000	
  0.000996	  0.000996	  0.000996	  0.997012	
  0.997012	  0.000996	  0.000996	  0.000996	
  0.000906	  0.000906	  0.091486	  0.906703	
  0.000906	  0.000906	  0.906703	  0.091486	
  0.091486	  0.906703	  0.000906	  0.000906	
  0.997012	  0.000996	  0.000996	  0.000996	
  0.001420	  0.001420	  0.001420	  0.995739	

URL http://cisbp.ccbr.utoronto.ca/TFreport.php?searchTF=T105293_1.02

MOTIF M1244_1.02 (PPA28710)_(Caenorhabditis_elegans)_(DBD_0.74)

letter-probability matrix: alength= 4 w= 8 nsites= 1 E= 0
  0.031523	  0.031523	  0.031523	  0.905431	
  0.102715	  0.000256	  0.871158	  0.025871	
  0.190533	  0.737631	  0.000238	  0.071598	
  0.910524	  0.044627	  0.000222	  0.044627	
  0.000222	  0.000222	  0.000222	  0.999334	
  0.999334	  0.000222	  0.000222	  0.000222	
  0.552313	  0.026551	  0.026551	  0.394585	
  0.115591	  0.077189	  0.038786	  0.768433	

URL http://cisbp.ccbr.utoronto.ca/TFreport.php?searchTF=T105294_1.02

MOTIF M1473_1.02 (PPA20304)_(Caenorhabditis_elegans)_(DBD_0.86)

letter-probability matrix: alength= 4 w= 10 nsites= 1 E= 0
  0.287404	  0.206622	  0.235307	  0.270667	
  0.217614	  0.235738	  0.215448	  0.331200	
  0.030812	  0.190165	  0.000116	  0.778907	
  0.169077	  0.086518	  0.620395	  0.124009	
  0.480182	  0.102942	  0.238451	  0.178424	
  0.247104	  0.247104	  0.032454	  0.473338	
  0.115008	  0.661826	  0.096063	  0.127104	
  0.125570	  0.123084	  0.129394	  0.621952	
  0.237052	  0.230046	  0.138142	  0.394760	
  0.226196	  0.181526	  0.167570	  0.424708	

URL http://cisbp.ccbr.utoronto.ca/TFreport.php?searchTF=T134616_1.02

MOTIF M1574_1.02 (Ppa-sma-4)_(Caenorhabditis_elegans)_(DBD_0.80)

letter-probability matrix: alength= 4 w= 11 nsites= 1 E= 0
  0.330663	  0.223112	  0.223112	  0.223112	
  0.272757	  0.228295	  0.299748	  0.199199	
  0.033076	  0.033076	  0.033076	  0.900773	
  0.000115	  0.000115	  0.917099	  0.082672	
  0.082672	  0.000115	  0.000115	  0.917099	
  0.000115	  0.999656	  0.000115	  0.000115	
  0.000115	  0.000115	  0.000115	  0.999656	
  0.214516	  0.000115	  0.785254	  0.000115	
  0.027002	  0.027002	  0.836436	  0.109560	
  0.359996	  0.241673	  0.255945	  0.142386	
  0.217039	  0.348883	  0.217039	  0.217039	

URL http://cisbp.ccbr.utoronto.ca/TFreport.php?searchTF=T142317_1.02

MOTIF M1609_1.02 (Ppa-egl-13)_(Caenorhabditis_elegans)_(DBD_0.94)

letter-probability matrix: alength= 4 w= 10 nsites= 1 E= 0
  0.450923	  0.148771	  0.148771	  0.251536	
  0.298333	  0.204180	  0.289058	  0.208429	
  0.896801	  0.000144	  0.000144	  0.102910	
  0.910076	  0.089635	  0.000144	  0.000144	
  0.089635	  0.807310	  0.000144	  0.102910	
  0.999567	  0.000144	  0.000144	  0.000144	
  0.999567	  0.000144	  0.000144	  0.000144	
  0.000144	  0.000144	  0.000144	  0.999567	
  0.609680	  0.101374	  0.101374	  0.187572	
  0.240264	  0.237286	  0.371677	  0.150773	

URL http://cisbp.ccbr.utoronto.ca/TFreport.php?searchTF=T146144_1.02

MOTIF M1848_1.02 (Ppa-vab-3)_(Homo_sapiens)_(DBD_0.72)

letter-probability matrix: alength= 4 w= 19 nsites= 1 E= 0
  0.291295	  0.254464	  0.371652	  0.082589	
  0.351562	  0.065848	  0.247768	  0.334821	
  0.343750	  0.033482	  0.609375	  0.013393	
  0.273438	  0.165179	  0.375000	  0.186384	
  0.000000	  0.188616	  0.507812	  0.303571	
  0.043527	  0.821429	  0.000000	  0.135045	
  0.854911	  0.023438	  0.092634	  0.029018	
  0.169643	  0.181920	  0.594866	  0.053571	
  0.010045	  0.600446	  0.039062	  0.350446	
  0.194196	  0.467634	  0.328125	  0.010045	
  0.604911	  0.008929	  0.383929	  0.002232	
  0.599330	  0.018973	  0.206473	  0.175223	
  0.000000	  0.239955	  0.757812	  0.002232	
  0.003348	  0.838170	  0.018973	  0.139509	
  0.353795	  0.018973	  0.602679	  0.024554	
  0.170759	  0.045759	  0.172991	  0.610491	
  0.251116	  0.006696	  0.735491	  0.006696	
  0.655134	  0.036830	  0.247768	  0.060268	
  0.169643	  0.744420	  0.027902	  0.058036	

URL http://cisbp.ccbr.utoronto.ca/TFreport.php?searchTF=T136086_1.02

MOTIF M1858_1.02 (PPA01782)_(Drosophila_melanogaster)_(DBD_0.75)

letter-probability matrix: alength= 4 w= 7 nsites= 1 E= 0
  0.117647	  0.705882	  0.117647	  0.058824	
  0.294118	  0.705882	  0.000000	  0.000000	
  0.000000	  0.000000	  1.000000	  0.000000	
  0.000000	  0.000000	  1.000000	  0.000000	
  1.000000	  0.000000	  0.000000	  0.000000	
  1.000000	  0.000000	  0.000000	  0.000000	
  0.294118	  0.058824	  0.588235	  0.058824	

URL http://cisbp.ccbr.utoronto.ca/TFreport.php?searchTF=T078913_1.02

MOTIF M1960_1.02 (Ppa-sox-3)_(Mus_musculus)_(DBD_0.96)

letter-probability matrix: alength= 4 w= 8 nsites= 1 E= 0
  0.000000	  1.000000	  0.000000	  0.000000	
  0.000000	  1.000000	  0.000000	  0.000000	
  0.453252	  0.000000	  0.000000	  0.546748	
  0.000000	  0.000000	  0.000000	  1.000000	
  0.000000	  0.000000	  0.000000	  1.000000	
  0.000000	  0.000000	  1.000000	  0.000000	
  0.000000	  0.000000	  0.000000	  1.000000	
  0.000000	  0.283875	  0.201220	  0.514905	

URL http://cisbp.ccbr.utoronto.ca/TFreport.php?searchTF=T146125_1.02

MOTIF M1970_1.02 (Ppa-nfi-1)_(Homo_sapiens)_(DBD_0.71)

letter-probability matrix: alength= 4 w= 6 nsites= 1 E= 0
  0.209346	  0.171586	  0.141927	  0.477141	
  0.023437	  0.023148	  0.776042	  0.177373	
  0.013021	  0.961082	  0.012731	  0.013166	
  0.007378	  0.971209	  0.009693	  0.011719	
  0.935185	  0.043403	  0.009693	  0.011719	
  0.657697	  0.025463	  0.265046	  0.051794	

URL http://cisbp.ccbr.utoronto.ca/TFreport.php?searchTF=T142318_1.02

MOTIF M2277_1.02 (Ppa-ets-5)_(Homo_sapiens)_(DBD_0.74)

letter-probability matrix: alength= 4 w= 11 nsites= 1 E= 0
  0.499046	  0.055904	  0.390510	  0.054540	
  0.080447	  0.767657	  0.151895	  0.000000	
  0.739569	  0.260431	  0.000000	  0.000000	
  0.000000	  0.000000	  1.000000	  0.000000	
  0.000000	  0.000000	  1.000000	  0.000000	
  1.000000	  0.000000	  0.000000	  0.000000	
  0.959913	  0.000000	  0.000000	  0.040087	
  0.169076	  0.000000	  0.830924	  0.000000	
  0.025907	  0.272975	  0.081811	  0.619307	
  0.231797	  0.081811	  0.580856	  0.105536	
  0.276520	  0.125989	  0.511317	  0.086174	

URL http://cisbp.ccbr.utoronto.ca/TFreport.php?searchTF=T078925_1.02

MOTIF M2332_1.02 (Ppa-nhr-48)_(Caenorhabditis_elegans)_(DBD_0.76)

letter-probability matrix: alength= 4 w= 15 nsites= 1 E= 0
  0.141026	  0.128205	  0.724359	  0.006410	
  0.455128	  0.000000	  0.083333	  0.461538	
  0.211538	  0.000000	  0.788462	  0.000000	
  0.147436	  0.333333	  0.038462	  0.480769	
  0.000000	  0.000000	  1.000000	  0.000000	
  0.000000	  0.333333	  0.000000	  0.666667	
  0.000000	  0.000000	  1.000000	  0.000000	
  0.096154	  0.160256	  0.089744	  0.653846	
  0.000000	  0.128205	  0.621795	  0.250000	
  0.006410	  0.000000	  0.000000	  0.993590	
  0.000000	  0.006410	  0.987179	  0.006410	
  0.000000	  0.506410	  0.102564	  0.391026	
  0.205128	  0.000000	  0.538462	  0.256410	
  0.108974	  0.128205	  0.179487	  0.583333	
  0.108974	  0.275641	  0.358974	  0.256410	

URL http://cisbp.ccbr.utoronto.ca/TFreport.php?searchTF=T134614_1.02

MOTIF M2335_1.02 (Ppa-elt-3)_(Caenorhabditis_elegans)_(DBD_0.74)

letter-probability matrix: alength= 4 w= 8 nsites= 1 E= 0
  0.000000	  0.000000	  0.000000	  1.000000	
  0.000000	  0.000000	  1.000000	  0.000000	
  1.000000	  0.000000	  0.000000	  0.000000	
  0.000000	  0.000000	  0.000000	  1.000000	
  1.000000	  0.000000	  0.000000	  0.000000	
  1.000000	  0.000000	  0.000000	  0.000000	
  0.229917	  0.171745	  0.598338	  0.000000	
  0.850416	  0.000000	  0.149584	  0.000000	

URL http://cisbp.ccbr.utoronto.ca/TFreport.php?searchTF=T085174_1.02

MOTIF M2338_1.02 (Ppa-hlh-1)_(Caenorhabditis_elegans)_(DBD_0.88)

letter-probability matrix: alength= 4 w= 11 nsites= 1 E= 0
  0.257218	  0.057743	  0.685039	  0.000000	
  0.346457	  0.202100	  0.196850	  0.254593	
  0.000000	  1.000000	  0.000000	  0.000000	
  0.992126	  0.000000	  0.007874	  0.000000	
  0.215223	  0.031496	  0.692913	  0.060367	
  0.007874	  0.779528	  0.034121	  0.178478	
  0.000000	  0.000000	  0.000000	  1.000000	
  0.000000	  0.000000	  1.000000	  0.000000	
  0.013123	  0.188976	  0.039370	  0.758530	
  0.000000	  0.139108	  0.057743	  0.803150	
  0.060367	  0.388451	  0.364829	  0.186352	

URL http://cisbp.ccbr.utoronto.ca/TFreport.php?searchTF=T018192_1.02

MOTIF M2391_1.02 (Ppa-klf-1)_(Homo_sapiens)_(DBD_0.77)

letter-probability matrix: alength= 4 w= 10 nsites= 1 E= 0
  0.301300	  0.000000	  0.411065	  0.287635	
  0.034972	  0.000000	  0.965028	  0.000000	
  0.000000	  0.000000	  1.000000	  0.000000	
  0.000000	  0.000000	  1.000000	  0.000000	
  0.248182	  0.380721	  0.000000	  0.371097	
  0.000000	  0.000000	  1.000000	  0.000000	
  0.041511	  0.000000	  0.703034	  0.255455	
  0.117772	  0.000000	  0.882228	  0.000000	
  0.125707	  0.000000	  0.874293	  0.000000	
  0.190067	  0.556315	  0.148630	  0.104989	

URL http://cisbp.ccbr.utoronto.ca/TFreport.php?searchTF=T061252_1.02

MOTIF M4473_1.02 (PPA15417)_(Homo_sapiens)_(DBD_0.77)

letter-probability matrix: alength= 4 w= 15 nsites= 1 E= 0
  0.202000	  0.212000	  0.382000	  0.204000	
  0.142000	  0.380000	  0.234000	  0.244000	
  0.106000	  0.498000	  0.176000	  0.220000	
  0.356000	  0.100000	  0.366000	  0.178000	
  0.220000	  0.078000	  0.608000	  0.094000	
  0.004000	  0.844000	  0.008000	  0.144000	
  0.002000	  0.998000	  0.000000	  0.000000	
  0.952000	  0.022000	  0.000000	  0.026000	
  0.834000	  0.098000	  0.064000	  0.004000	
  0.000000	  0.038000	  0.002000	  0.960000	
  0.146000	  0.522000	  0.294000	  0.038000	
  0.560000	  0.050000	  0.390000	  0.000000	
  0.202000	  0.220000	  0.484000	  0.094000	
  0.400000	  0.240000	  0.260000	  0.100000	
  0.324000	  0.112000	  0.414000	  0.150000	

URL http://cisbp.ccbr.utoronto.ca/TFreport.php?searchTF=T100041_1.02

MOTIF M4633_1.02 (Ppa-unc-120)_(Homo_sapiens)_(DBD_0.94)

letter-probability matrix: alength= 4 w= 17 nsites= 1 E= 0
  0.091912	  0.125000	  0.702206	  0.080882	
  0.389706	  0.312500	  0.139706	  0.158088	
  0.000000	  0.992648	  0.003676	  0.003676	
  0.000000	  0.944853	  0.003676	  0.051471	
  0.750001	  0.003676	  0.003676	  0.242647	
  0.297794	  0.000000	  0.000000	  0.702206	
  0.915442	  0.000000	  0.011029	  0.073529	
  0.113971	  0.047794	  0.007353	  0.830882	
  0.882353	  0.014706	  0.000000	  0.102941	
  0.481618	  0.018382	  0.187500	  0.312500	
  0.014706	  0.000000	  0.985294	  0.000000	
  0.003676	  0.000000	  0.992648	  0.003676	
  0.165441	  0.411765	  0.121324	  0.301471	
  0.599265	  0.202206	  0.125000	  0.073529	
  0.672794	  0.069853	  0.154412	  0.102941	
  0.279412	  0.356618	  0.158088	  0.205882	
  0.139706	  0.169118	  0.205882	  0.485294	

URL http://cisbp.ccbr.utoronto.ca/TFreport.php?searchTF=T111888_1.02

MOTIF M4673_1.02 (Ppa-pha-4)_(Drosophila_melanogaster)_(DBD_0.83)

letter-probability matrix: alength= 4 w= 11 nsites= 1 E= 0
  0.148148	  0.148148	  0.148148	  0.555556	
  0.111111	  0.037037	  0.000000	  0.851852	
  0.518519	  0.074074	  0.407407	  0.000000	
  0.407407	  0.111111	  0.259259	  0.222222	
  0.296296	  0.074074	  0.481481	  0.148148	
  0.000000	  0.518519	  0.000000	  0.481481	
  0.962963	  0.037037	  0.000000	  0.000000	
  1.000000	  0.000000	  0.000000	  0.000000	
  1.000000	  0.000000	  0.000000	  0.000000	
  0.000000	  0.814815	  0.000000	  0.185185	
  0.888889	  0.000000	  0.000000	  0.111111	

URL http://cisbp.ccbr.utoronto.ca/TFreport.php?searchTF=T082927_1.02

MOTIF M4708_1.02 (Ppa-tbp-1)_(Homo_sapiens)_(DBD_0.83)

letter-probability matrix: alength= 4 w= 10 nsites= 1 E= 0
  0.161765	  0.161765	  0.058824	  0.617646	
  1.000000	  0.000000	  0.000000	  0.000000	
  0.014706	  0.000000	  0.029412	  0.955882	
  0.191176	  0.000000	  0.691177	  0.117647	
  0.000000	  0.779412	  0.000000	  0.220588	
  0.779412	  0.000000	  0.000000	  0.220588	
  0.838235	  0.000000	  0.161765	  0.000000	
  0.808824	  0.088235	  0.000000	  0.102941	
  0.117647	  0.044118	  0.029412	  0.808823	
  0.632353	  0.044118	  0.205882	  0.117647	

URL http://cisbp.ccbr.utoronto.ca/TFreport.php?searchTF=T150732_1.02

MOTIF M4710_1.02 (Ppa-blmp-1)_(Caenorhabditis_elegans)_(DBD_0.82)

letter-probability matrix: alength= 4 w= 10 nsites= 1 E= 0
  0.686047	  0.000000	  0.313953	  0.000000	
  0.000000	  0.000000	  0.906977	  0.093023	
  0.174419	  0.226744	  0.069767	  0.529070	
  0.034884	  0.000000	  0.965116	  0.000000	
  0.970930	  0.029070	  0.000000	  0.000000	
  0.924418	  0.000000	  0.029070	  0.046512	
  0.965116	  0.034884	  0.000000	  0.000000	
  0.000000	  0.000000	  0.947674	  0.052326	
  0.000000	  0.162791	  0.040698	  0.796511	
  0.122093	  0.139535	  0.534884	  0.203488	

URL http://cisbp.ccbr.utoronto.ca/TFreport.php?searchTF=T061256_1.02

MOTIF M4716_1.02 (Ppa-lin-39)_(Caenorhabditis_elegans)_(DBD_0.91)

letter-probability matrix: alength= 4 w= 8 nsites= 1 E= 0
  0.143293	  0.673781	  0.056402	  0.126524	
  0.818598	  0.050305	  0.036585	  0.094512	
  0.108232	  0.051829	  0.038110	  0.801829	
  0.102134	  0.768292	  0.060976	  0.068598	
  0.801829	  0.077744	  0.025915	  0.094512	
  0.815549	  0.067073	  0.035061	  0.082317	
  0.100610	  0.039634	  0.032012	  0.827744	
  0.092988	  0.682927	  0.048780	  0.175305	

URL http://cisbp.ccbr.utoronto.ca/TFreport.php?searchTF=T100055_1.02

MOTIF M4735_1.02 (Ppa-lin-32)_(Drosophila_melanogaster)_(DBD_0.60)

letter-probability matrix: alength= 4 w= 11 nsites= 1 E= 0
  0.565217	  0.043478	  0.347826	  0.043478	
  0.304348	  0.565217	  0.000000	  0.130435	
  0.000000	  1.000000	  0.000000	  0.000000	
  1.000000	  0.000000	  0.000000	  0.000000	
  0.000000	  0.304348	  0.043478	  0.652174	
  0.304348	  0.695652	  0.000000	  0.000000	
  0.000000	  0.000000	  0.000000	  1.000000	
  0.000000	  0.000000	  1.000000	  0.000000	
  0.086957	  0.391304	  0.260870	  0.260870	
  0.086957	  0.565217	  0.130435	  0.217391	
  0.260870	  0.304348	  0.434783	  0.000000	

URL http://cisbp.ccbr.utoronto.ca/TFreport.php?searchTF=T018193_1.02

MOTIF M4899_1.02 (Ppa-hlh-11)_(Drosophila_melanogaster)_(DBD_0.81)

letter-probability matrix: alength= 4 w= 11 nsites= 1 E= 0
  0.555556	  0.055556	  0.388889	  0.000000	
  0.000000	  0.111111	  0.000000	  0.888889	
  0.000000	  1.000000	  0.000000	  0.000000	
  1.000000	  0.000000	  0.000000	  0.000000	
  0.000000	  0.000000	  0.777778	  0.222222	
  0.166667	  0.833333	  0.000000	  0.000000	
  0.000000	  0.000000	  0.000000	  1.000000	
  0.000000	  0.000000	  1.000000	  0.000000	
  0.166667	  0.055556	  0.388889	  0.388889	
  0.166667	  0.055556	  0.111111	  0.666667	
  0.000000	  0.411765	  0.176471	  0.411765	

URL http://cisbp.ccbr.utoronto.ca/TFreport.php?searchTF=T018197_1.02

MOTIF M4933_1.02 (Ppa-sex-1)_(Drosophila_melanogaster)_(DBD_0.71)

letter-probability matrix: alength= 4 w= 8 nsites= 1 E= 0
  0.642857	  0.000000	  0.000000	  0.357143	
  0.000000	  0.000000	  0.000000	  1.000000	
  0.000000	  0.000000	  1.000000	  0.000000	
  1.000000	  0.000000	  0.000000	  0.000000	
  0.000000	  0.928571	  0.071429	  0.000000	
  0.000000	  1.000000	  0.000000	  0.000000	
  0.000000	  0.142857	  0.000000	  0.857143	
  0.000000	  0.500000	  0.000000	  0.500000	

URL http://cisbp.ccbr.utoronto.ca/TFreport.php?searchTF=T134613_1.02

MOTIF M5035_1.02 (Ppa-fax-1)_(Drosophila_melanogaster)_(DBD_0.90)

letter-probability matrix: alength= 4 w= 13 nsites= 1 E= 0
  0.642857	  0.142857	  0.000000	  0.214286	
  0.000000	  0.857143	  0.142857	  0.000000	
  0.000000	  0.571429	  0.071429	  0.357143	
  0.000000	  0.000000	  0.000000	  1.000000	
  0.000000	  0.357143	  0.000000	  0.642857	
  0.000000	  0.071429	  0.000000	  0.928571	
  0.142857	  0.000000	  0.857143	  0.000000	
  0.785714	  0.000000	  0.071429	  0.142857	
  0.071429	  0.142857	  0.000000	  0.785714	
  0.214286	  0.142857	  0.071429	  0.571429	
  0.142857	  0.285714	  0.000000	  0.571429	
  0.071429	  0.071429	  0.214286	  0.642857	
  0.000000	  0.000000	  0.214286	  0.785714	

URL http://cisbp.ccbr.utoronto.ca/TFreport.php?searchTF=T134528_1.02

MOTIF M5196_1.02 (Ppa-ceh-1)_(Drosophila_melanogaster)_(DBD_0.81)

letter-probability matrix: alength= 4 w= 8 nsites= 1 E= 0
  0.090909	  0.136364	  0.272727	  0.500000	
  0.136364	  0.227273	  0.045455	  0.590909	
  0.000000	  0.045455	  0.000000	  0.954545	
  1.000000	  0.000000	  0.000000	  0.000000	
  0.954545	  0.000000	  0.045455	  0.000000	
  0.000000	  0.000000	  0.000000	  1.000000	
  0.090909	  0.045455	  0.227273	  0.636364	
  0.500000	  0.000000	  0.500000	  0.000000	

URL http://cisbp.ccbr.utoronto.ca/TFreport.php?searchTF=T100061_1.02

MOTIF M5199_1.02 (PPA26046)_(Drosophila_melanogaster)_(DBD_0.52)

letter-probability matrix: alength= 4 w= 8 nsites= 1 E= 0
  0.333333	  0.000000	  0.666667	  0.000000	
  0.000000	  0.055556	  0.000000	  0.944444	
  1.000000	  0.000000	  0.000000	  0.000000	
  1.000000	  0.000000	  0.000000	  0.000000	
  1.000000	  0.000000	  0.000000	  0.000000	
  0.000000	  1.000000	  0.000000	  0.000000	
  1.000000	  0.000000	  0.000000	  0.000000	
  0.611111	  0.166667	  0.166667	  0.055556	

URL http://cisbp.ccbr.utoronto.ca/TFreport.php?searchTF=T082932_1.02

MOTIF M5217_1.02 (PPA23063)_(Drosophila_melanogaster)_(DBD_0.60)

letter-probability matrix: alength= 4 w= 11 nsites= 1 E= 0
  0.230769	  0.000000	  0.769231	  0.000000	
  0.000000	  0.000000	  0.000000	  1.000000	
  0.000000	  1.000000	  0.000000	  0.000000	
  1.000000	  0.000000	  0.000000	  0.000000	
  0.000000	  1.000000	  0.000000	  0.000000	
  0.000000	  0.000000	  1.000000	  0.000000	
  0.000000	  1.000000	  0.000000	  0.000000	
  0.769231	  0.000000	  0.230769	  0.000000	
  1.000000	  0.000000	  0.000000	  0.000000	
  0.153846	  0.153846	  0.076923	  0.615385	
  0.000000	  0.384615	  0.615385	  0.000000	

URL http://cisbp.ccbr.utoronto.ca/TFreport.php?searchTF=T018203_1.02

MOTIF M5221_1.02 (Ppa-unc-55)_(Drosophila_melanogaster)_(DBD_0.83)

letter-probability matrix: alength= 4 w= 7 nsites= 1 E= 0
  0.000000	  0.071429	  0.000000	  0.928571	
  0.000000	  0.000000	  1.000000	  0.000000	
  1.000000	  0.000000	  0.000000	  0.000000	
  0.000000	  1.000000	  0.000000	  0.000000	
  0.000000	  1.000000	  0.000000	  0.000000	
  0.000000	  0.285714	  0.000000	  0.714286	
  0.000000	  0.071429	  0.214286	  0.714286	

URL http://cisbp.ccbr.utoronto.ca/TFreport.php?searchTF=T134548_1.02

MOTIF M5520_1.02 (PPA18303)_(Homo_sapiens)_(DBD_0.81)

letter-probability matrix: alength= 4 w= 11 nsites= 1 E= 0
  0.128887	  0.307132	  0.235146	  0.328834	
  0.180386	  0.173504	  0.355347	  0.290762	
  0.156964	  0.179104	  0.129448	  0.534484	
  0.133379	  0.100398	  0.033272	  0.732952	
  0.769137	  0.000000	  0.124287	  0.106576	
  0.983214	  0.000000	  0.016786	  0.000000	
  0.054051	  0.028179	  0.332443	  0.585327	
  0.036134	  0.202331	  0.027586	  0.733949	
  0.080054	  0.018102	  0.849562	  0.052282	
  0.164108	  0.335892	  0.282160	  0.217840	
  0.159100	  0.252151	  0.142555	  0.446195	

URL http://cisbp.ccbr.utoronto.ca/TFreport.php?searchTF=T100049_1.02

MOTIF M5857_1.02 (Ppa-ets-4)_(Homo_sapiens)_(DBD_0.62)

letter-probability matrix: alength= 4 w= 11 nsites= 1 E= 0
  0.816393	  0.016393	  0.016393	  0.150820	
  0.390511	  0.518248	  0.067518	  0.023723	
  0.003831	  0.954023	  0.042146	  0.000000	
  0.040462	  0.959538	  0.000000	  0.000000	
  0.000000	  0.009940	  0.990060	  0.000000	
  0.019685	  0.000000	  0.980315	  0.000000	
  0.996000	  0.000000	  0.002000	  0.002000	
  0.127695	  0.034826	  0.011609	  0.825871	
  0.214966	  0.054422	  0.677551	  0.053061	
  0.000000	  0.139896	  0.000000	  0.860104	
  0.473896	  0.050201	  0.178715	  0.297189	

URL http://cisbp.ccbr.utoronto.ca/TFreport.php?searchTF=T078918_1.02

MOTIF M6075_1.02 (Ppa-daf-19)_(Mus_musculus)_(DBD_0.40)

letter-probability matrix: alength= 4 w= 16 nsites= 1 E= 0
