MEME version 4

ALPHABET= ACGT

strands: + -

Background letter frequencies (from uniform background):
A 0.25000 C 0.25000 G 0.25000 T 0.25000 

MOTIF M0086_1.02 (PTRG_01883)_(Histoplasma_capsulatum)_(DBD_0.97)

letter-probability matrix: alength= 4 w= 10 nsites= 1 E= 0
  0.287386	  0.184982	  0.164060	  0.363572	
  0.268823	  0.245690	  0.172342	  0.313145	
  0.339997	  0.263260	  0.151658	  0.245086	
  0.153137	  0.201022	  0.101791	  0.544050	
  0.240409	  0.109919	  0.541436	  0.108237	
  0.108237	  0.541436	  0.109919	  0.240409	
  0.544050	  0.101791	  0.201022	  0.153137	
  0.245086	  0.151658	  0.263260	  0.339997	
  0.313145	  0.172342	  0.245690	  0.268823	
  0.363572	  0.164060	  0.184982	  0.287386	

URL http://cisbp.ccbr.utoronto.ca/TFreport.php?searchTF=T005201_1.02

MOTIF M0088_1.02 (PTRG_09846)_(Aspergillus_nidulans)_(DBD_0.82)

letter-probability matrix: alength= 4 w= 7 nsites= 1 E= 0
  0.244709	  0.273163	  0.217037	  0.265090	
  0.259296	  0.165335	  0.343083	  0.232286	
  0.677036	  0.034389	  0.124926	  0.163649	
  0.005898	  0.967321	  0.013525	  0.013257	
  0.149512	  0.010149	  0.818420	  0.021919	
  0.010007	  0.874189	  0.003265	  0.112539	
  0.015323	  0.032764	  0.943248	  0.008665	

URL http://cisbp.ccbr.utoronto.ca/TFreport.php?searchTF=T005204_1.02

MOTIF M0112_1.02 (PTRG_11043)_(Neurospora_crassa)_(DBD_0.80)

letter-probability matrix: alength= 4 w= 8 nsites= 1 E= 0
  0.231893	  0.272129	  0.231893	  0.264086	
  0.199782	  0.275126	  0.241587	  0.283505	
  0.239406	  0.256765	  0.190216	  0.313613	
  0.169991	  0.163325	  0.418109	  0.248575	
  0.699238	  0.072966	  0.111051	  0.116745	
  0.096923	  0.120773	  0.014210	  0.768095	
  0.556969	  0.037808	  0.314980	  0.090243	
  0.186997	  0.278967	  0.206664	  0.327371	

URL http://cisbp.ccbr.utoronto.ca/TFreport.php?searchTF=T007070_1.02

MOTIF M0130_1.02 (PTRG_11414)_(Mus_musculus)_(DBD_0.69)

letter-probability matrix: alength= 4 w= 10 nsites= 1 E= 0
  0.215163	  0.323274	  0.194792	  0.266771	
  0.289485	  0.100082	  0.393882	  0.216552	
  0.286614	  0.288427	  0.170297	  0.254662	
  0.404746	  0.159463	  0.167260	  0.268531	
  0.420520	  0.151365	  0.157426	  0.270689	
  0.270689	  0.157426	  0.151365	  0.420520	
  0.268531	  0.167260	  0.159463	  0.404746	
  0.254662	  0.170297	  0.288427	  0.286614	
  0.216552	  0.393882	  0.100082	  0.289485	
  0.266771	  0.194792	  0.323274	  0.215163	

URL http://cisbp.ccbr.utoronto.ca/TFreport.php?searchTF=T008573_1.02

MOTIF M0142_1.02 (PTRG_05212)_(Saccharomyces_cerevisiae)_(DBD_0.48)

letter-probability matrix: alength= 4 w= 7 nsites= 1 E= 0
  0.282959	  0.248465	  0.245993	  0.222583	
  0.316659	  0.184532	  0.236944	  0.261864	
  0.377778	  0.112652	  0.209413	  0.300157	
  0.616393	  0.068985	  0.111484	  0.203138	
  0.675764	  0.042770	  0.063171	  0.218294	
  0.326032	  0.133887	  0.082023	  0.458058	
  0.321153	  0.137266	  0.112384	  0.429198	

URL http://cisbp.ccbr.utoronto.ca/TFreport.php?searchTF=T008571_1.02

MOTIF M0232_1.02 (PTRG_09887)_(Neurospora_crassa)_(DBD_0.67)

letter-probability matrix: alength= 4 w= 10 nsites= 1 E= 0
  0.388135	  0.112825	  0.260346	  0.238694	
  0.249054	  0.172339	  0.128937	  0.449670	
  0.199250	  0.410304	  0.162487	  0.227958	
  0.479655	  0.034839	  0.286042	  0.199464	
  0.129912	  0.429844	  0.141336	  0.298908	
  0.298908	  0.141336	  0.429844	  0.129912	
  0.199464	  0.286042	  0.034839	  0.479655	
  0.227958	  0.162487	  0.410304	  0.199250	
  0.449670	  0.128937	  0.172339	  0.249054	
  0.238694	  0.260346	  0.112825	  0.388135	

URL http://cisbp.ccbr.utoronto.ca/TFreport.php?searchTF=T011773_1.02

MOTIF M0233_1.02 (PTRG_11389)_(Neurospora_crassa)_(DBD_0.76)

letter-probability matrix: alength= 4 w= 10 nsites= 1 E= 0
  0.372697	  0.131267	  0.368992	  0.127044	
  0.132630	  0.120618	  0.150348	  0.596405	
  0.053806	  0.833998	  0.040004	  0.072192	
  0.860550	  0.014337	  0.062962	  0.062150	
  0.049765	  0.733895	  0.036448	  0.179892	
  0.179892	  0.036448	  0.733895	  0.049765	
  0.062150	  0.062962	  0.014337	  0.860550	
  0.072192	  0.040004	  0.833998	  0.053806	
  0.596405	  0.150348	  0.120618	  0.132630	
  0.127044	  0.368992	  0.131267	  0.372697	

URL http://cisbp.ccbr.utoronto.ca/TFreport.php?searchTF=T011774_1.02

MOTIF M0277_1.02 (PTRG_01651)_(Aspergillus_nidulans)_(DBD_0.85)

letter-probability matrix: alength= 4 w= 10 nsites= 1 E= 0
  0.154221	  0.132739	  0.506936	  0.206105	
  0.384330	  0.442085	  0.102668	  0.070916	
  0.058696	  0.013228	  0.037054	  0.891022	
  0.007506	  0.030745	  0.385962	  0.575787	
  0.911092	  0.000094	  0.061846	  0.026968	
  0.063690	  0.586417	  0.169700	  0.180193	
  0.278427	  0.160639	  0.196204	  0.364730	
  0.518034	  0.154476	  0.059742	  0.267747	
  0.729176	  0.086653	  0.088404	  0.095767	
  0.258065	  0.140220	  0.224351	  0.377364	

URL http://cisbp.ccbr.utoronto.ca/TFreport.php?searchTF=T023107_1.02

MOTIF M0280_1.02 (PTRG_08316)_(Aspergillus_nidulans)_(DBD_0.74)

letter-probability matrix: alength= 4 w= 10 nsites= 1 E= 0
  0.145649	  0.150084	  0.513473	  0.190794	
  0.418917	  0.431675	  0.089808	  0.059601	
  0.005884	  0.000005	  0.066837	  0.927274	
  0.023022	  0.048253	  0.291916	  0.636808	
  0.986170	  0.000006	  0.013788	  0.000036	
  0.019732	  0.609267	  0.192916	  0.178084	
  0.220193	  0.096015	  0.341896	  0.341896	
  0.331651	  0.171414	  0.040209	  0.456726	
  0.667716	  0.100873	  0.129524	  0.101887	
  0.435821	  0.122392	  0.214269	  0.227518	

URL http://cisbp.ccbr.utoronto.ca/TFreport.php?searchTF=T023119_1.02

MOTIF M0330_1.02 (PTRG_00227)_(Neurospora_crassa)_(DBD_0.81)

letter-probability matrix: alength= 4 w= 8 nsites= 1 E= 0
  0.690951	  0.077454	  0.154141	  0.077454	
  0.000525	  0.000525	  0.000525	  0.998424	
  0.053046	  0.000525	  0.053046	  0.893382	
  0.998424	  0.000525	  0.000525	  0.000525	
  0.000525	  0.945903	  0.053046	  0.000525	
  0.053046	  0.000525	  0.893382	  0.053046	
  0.000525	  0.053046	  0.000525	  0.945903	
  0.784188	  0.071937	  0.071937	  0.071937	

URL http://cisbp.ccbr.utoronto.ca/TFreport.php?searchTF=T023101_1.02

MOTIF M0331_1.02 (PTRG_07150)_(Neurospora_crassa)_(DBD_0.68)

letter-probability matrix: alength= 4 w= 10 nsites= 1 E= 0
  0.138972	  0.117246	  0.552400	  0.191382	
  0.407664	  0.450538	  0.049921	  0.091876	
  0.018202	  0.000228	  0.064170	  0.917399	
  0.109798	  0.113142	  0.249297	  0.527762	
  0.898816	  0.005480	  0.085719	  0.009985	
  0.003372	  0.668907	  0.109469	  0.218251	
  0.178122	  0.123035	  0.455988	  0.242856	
  0.305077	  0.126541	  0.094686	  0.473696	
  0.502827	  0.177727	  0.146973	  0.172474	
  0.496385	  0.129976	  0.163588	  0.210051	

URL http://cisbp.ccbr.utoronto.ca/TFreport.php?searchTF=T023115_1.02

MOTIF M0334_1.02 (PTRG_00938)_(Neurospora_crassa)_(DBD_0.81)

letter-probability matrix: alength= 4 w= 8 nsites= 1 E= 0
  0.115790	  0.106888	  0.483852	  0.293471	
  0.303746	  0.537105	  0.071250	  0.087899	
  0.128523	  0.032334	  0.037944	  0.801199	
  0.083192	  0.144194	  0.330682	  0.441932	
  0.921731	  0.000168	  0.035739	  0.042362	
  0.031981	  0.592974	  0.113881	  0.261164	
  0.229837	  0.193905	  0.319696	  0.256562	
  0.236428	  0.220444	  0.227158	  0.315969	

URL http://cisbp.ccbr.utoronto.ca/TFreport.php?searchTF=T023103_1.02

MOTIF M0341_1.02 (PTRG_04359)_(Schizosaccharomyces_pombe)_(DBD_0.68)

letter-probability matrix: alength= 4 w= 10 nsites= 1 E= 0
  0.570600	  0.126453	  0.170367	  0.132581	
  0.195785	  0.086320	  0.008371	  0.709524	
  0.193607	  0.163160	  0.313589	  0.329644	
  0.494817	  0.042071	  0.276108	  0.187005	
  0.071217	  0.695225	  0.054727	  0.178831	
  0.178831	  0.054727	  0.695225	  0.071217	
  0.187005	  0.276108	  0.042071	  0.494817	
  0.329644	  0.313589	  0.163160	  0.193607	
  0.709524	  0.008371	  0.086320	  0.195785	
  0.132581	  0.170367	  0.126453	  0.570600	

URL http://cisbp.ccbr.utoronto.ca/TFreport.php?searchTF=T023112_1.02

MOTIF M0464_1.02 (PTRG_01095)_(Neurospora_crassa)_(DBD_0.88)

letter-probability matrix: alength= 4 w= 10 nsites= 1 E= 0
  0.236571	  0.205221	  0.278493	  0.279715	
  0.149782	  0.262156	  0.085487	  0.502575	
  0.342827	  0.526572	  0.039079	  0.091522	
  0.958824	  0.021864	  0.018184	  0.001128	
  0.018978	  0.006180	  0.942469	  0.032373	
  0.000725	  0.000000	  0.991760	  0.007516	
  0.075042	  0.000000	  0.920178	  0.004780	
  0.050954	  0.000665	  0.904357	  0.044023	
  0.107583	  0.249341	  0.211968	  0.431108	
  0.362089	  0.187738	  0.176936	  0.273237	

URL http://cisbp.ccbr.utoronto.ca/TFreport.php?searchTF=T034475_1.02

MOTIF M0467_1.02 (PTRG_04426)_(Neurospora_crassa)_(DBD_0.80)

letter-probability matrix: alength= 4 w= 8 nsites= 1 E= 0
  0.200133	  0.133644	  0.599069	  0.067154	
  0.000370	  0.000370	  0.998891	  0.000370	
  0.000370	  0.000370	  0.037352	  0.961908	
  0.000370	  0.000370	  0.998891	  0.000370	
  0.000370	  0.000370	  0.998891	  0.000370	
  0.000370	  0.998891	  0.000370	  0.000370	
  0.185281	  0.037352	  0.776997	  0.000370	
  0.578256	  0.158088	  0.105567	  0.158088	

URL http://cisbp.ccbr.utoronto.ca/TFreport.php?searchTF=T034488_1.02

MOTIF M0469_1.02 (PTRG_02956)_(Neurospora_crassa)_(DBD_0.85)

letter-probability matrix: alength= 4 w= 10 nsites= 1 E= 0
  0.135111	  0.173485	  0.132435	  0.558969	
  0.036396	  0.008797	  0.948091	  0.006716	
  0.090702	  0.038382	  0.076522	  0.794394	
  0.000618	  0.001681	  0.991595	  0.006106	
  0.003099	  0.000230	  0.993412	  0.003258	
  0.008631	  0.977890	  0.002171	  0.011307	
  0.083917	  0.020902	  0.487765	  0.407416	
  0.128276	  0.306184	  0.274290	  0.291251	
  0.384309	  0.167578	  0.230776	  0.217337	
  0.242545	  0.177894	  0.351141	  0.228420	

URL http://cisbp.ccbr.utoronto.ca/TFreport.php?searchTF=T034482_1.02

MOTIF M0473_1.02 (PTRG_01511)_(Neurospora_crassa)_(DBD_0.94)

letter-probability matrix: alength= 4 w= 10 nsites= 1 E= 0
  0.289992	  0.212694	  0.304860	  0.192453	
  0.226165	  0.376631	  0.131797	  0.265407	
  0.199332	  0.017725	  0.681959	  0.100985	
  0.075701	  0.801743	  0.000218	  0.122338	
  0.645987	  0.007697	  0.129125	  0.217192	
  0.158375	  0.581123	  0.012121	  0.248381	
  0.244520	  0.088173	  0.432376	  0.234932	
  0.170600	  0.075893	  0.538789	  0.214718	
  0.377946	  0.137655	  0.240989	  0.243411	
  0.151477	  0.459636	  0.144089	  0.244798	

URL http://cisbp.ccbr.utoronto.ca/TFreport.php?searchTF=T034478_1.02

MOTIF M0477_1.02 (PTRG_01771)_(Neurospora_crassa)_(DBD_0.86)

letter-probability matrix: alength= 4 w= 9 nsites= 1 E= 0
  0.150339	  0.311965	  0.076930	  0.460766	
  0.204481	  0.685724	  0.049426	  0.060369	
  0.857399	  0.044876	  0.048130	  0.049596	
  0.038252	  0.042275	  0.857654	  0.061818	
  0.034879	  0.050496	  0.813949	  0.100675	
  0.114329	  0.120191	  0.555064	  0.210415	
  0.264307	  0.126104	  0.511379	  0.098210	
  0.170320	  0.346429	  0.179053	  0.304198	
  0.357377	  0.210354	  0.230164	  0.202106	

URL http://cisbp.ccbr.utoronto.ca/TFreport.php?searchTF=T034479_1.02

MOTIF M0478_1.02 (PTRG_11331)_(Neurospora_crassa)_(DBD_0.78)

letter-probability matrix: alength= 4 w= 8 nsites= 1 E= 0
  0.242991	  0.344820	  0.200943	  0.211246	
  0.195557	  0.000022	  0.703347	  0.101074	
  0.021540	  0.372380	  0.061554	  0.544526	
  0.000061	  0.000001	  0.999903	  0.000035	
  0.004818	  0.000871	  0.918184	  0.076127	
  0.061126	  0.018046	  0.856568	  0.064260	
  0.189179	  0.100755	  0.524632	  0.185433	
  0.232300	  0.138107	  0.375415	  0.254177	

URL http://cisbp.ccbr.utoronto.ca/TFreport.php?searchTF=T034513_1.02

MOTIF M0481_1.02 (PTRG_07073)_(Neurospora_crassa)_(DBD_0.87)

letter-probability matrix: alength= 4 w= 10 nsites= 1 E= 0
  0.414477	  0.104274	  0.295013	  0.186237	
  0.082034	  0.149476	  0.131254	  0.637235	
  0.000453	  0.000134	  0.999386	  0.000028	
  0.320894	  0.627103	  0.051993	  0.000010	
  0.000001	  0.000716	  0.998236	  0.001047	
  0.000006	  0.000761	  0.999233	  0.000000	
  0.002353	  0.987809	  0.000008	  0.009830	
  0.026346	  0.003226	  0.196628	  0.773800	
  0.160037	  0.593124	  0.166568	  0.080271	
  0.572905	  0.134386	  0.142696	  0.150013	

URL http://cisbp.ccbr.utoronto.ca/TFreport.php?searchTF=T034499_1.02

MOTIF M0482_1.02 (PTRG_05513)_(Neurospora_crassa)_(DBD_0.98)

letter-probability matrix: alength= 4 w= 10 nsites= 1 E= 0
  0.269622	  0.207893	  0.295014	  0.227471	
  0.221481	  0.230520	  0.308073	  0.239927	
  0.001518	  0.000218	  0.979590	  0.018674	
  0.174199	  0.441510	  0.029970	  0.354320	
  0.000399	  0.000217	  0.964849	  0.034535	
  0.001007	  0.065798	  0.885891	  0.047304	
  0.010090	  0.042164	  0.899247	  0.048500	
  0.083781	  0.065904	  0.733778	  0.116537	
  0.158734	  0.261708	  0.229805	  0.349754	
  0.323602	  0.206338	  0.239730	  0.230330	

URL http://cisbp.ccbr.utoronto.ca/TFreport.php?searchTF=T034491_1.02

MOTIF M0483_1.02 (PTRG_11457)_(Neurospora_crassa)_(DBD_0.75)

letter-probability matrix: alength= 4 w= 10 nsites= 1 E= 0
  0.309407	  0.173236	  0.322034	  0.195323	
  0.212288	  0.170365	  0.398594	  0.218753	
  0.182019	  0.056493	  0.688221	  0.073267	
  0.205430	  0.081868	  0.250913	  0.461789	
  0.005887	  0.032875	  0.927699	  0.033539	
  0.000760	  0.000020	  0.997902	  0.001317	
  0.000226	  0.805566	  0.018021	  0.176187	
  0.115535	  0.065995	  0.310932	  0.507539	
  0.149767	  0.109846	  0.644891	  0.095496	
  0.194711	  0.078376	  0.602759	  0.124153	

URL http://cisbp.ccbr.utoronto.ca/TFreport.php?searchTF=T034514_1.02

MOTIF M0484_1.02 (PTRG_04116)_(Neurospora_crassa)_(DBD_0.78)

letter-probability matrix: alength= 4 w= 9 nsites= 1 E= 0
  0.263824	  0.057701	  0.599012	  0.079462	
  0.306847	  0.094288	  0.136503	  0.462362	
  0.003417	  0.000402	  0.811461	  0.184719	
  0.000117	  0.000000	  0.999883	  0.000000	
  0.000079	  0.986535	  0.000000	  0.013386	
  0.095950	  0.004322	  0.443116	  0.456611	
  0.156563	  0.315279	  0.296918	  0.231240	
  0.534596	  0.081574	  0.087489	  0.296341	
  0.157278	  0.059028	  0.644202	  0.139493	

URL http://cisbp.ccbr.utoronto.ca/TFreport.php?searchTF=T034486_1.02

MOTIF M0577_1.02 (PTRG_00243)_(Neurospora_crassa)_(DBD_0.73)

letter-probability matrix: alength= 4 w= 8 nsites= 1 E= 0
  0.077454	  0.230828	  0.000767	  0.690951	
  0.166851	  0.000554	  0.832040	  0.000554	
  0.000525	  0.000525	  0.000525	  0.998424	
  0.000525	  0.998424	  0.000525	  0.000525	
  0.998424	  0.000525	  0.000525	  0.000525	
  0.000525	  0.998424	  0.000525	  0.000525	
  0.945903	  0.000525	  0.053046	  0.000525	
  0.077454	  0.614264	  0.077454	  0.230828	

URL http://cisbp.ccbr.utoronto.ca/TFreport.php?searchTF=T070848_1.02

MOTIF M0744_1.02 (PTRG_01176)_(Neurospora_crassa)_(DBD_0.62)

letter-probability matrix: alength= 4 w= 8 nsites= 1 E= 0
  0.570513	  0.071937	  0.356838	  0.000712	
  0.059272	  0.000587	  0.000587	  0.939554	
  0.939554	  0.059272	  0.000587	  0.000587	
  0.998239	  0.000587	  0.000587	  0.000587	
  0.998239	  0.000587	  0.000587	  0.000587	
  0.000587	  0.880869	  0.000587	  0.117958	
  0.998239	  0.000587	  0.000587	  0.000587	
  0.499004	  0.200199	  0.000996	  0.299801	

URL http://cisbp.ccbr.utoronto.ca/TFreport.php?searchTF=T080800_1.02

MOTIF M0791_1.02 (PTRG_04513)_(Neurospora_crassa)_(DBD_0.97)

letter-probability matrix: alength= 4 w= 9 nsites= 1 E= 0
  0.238290	  0.282447	  0.248015	  0.231248	
  0.249185	  0.272652	  0.259355	  0.218808	
  0.236587	  0.439798	  0.109543	  0.214073	
  0.059758	  0.068055	  0.757717	  0.114470	
  0.902683	  0.000129	  0.000123	  0.097064	
  0.048477	  0.051992	  0.000705	  0.898826	
  0.141843	  0.359503	  0.271706	  0.226948	
  0.208434	  0.289925	  0.254582	  0.247058	
  0.248381	  0.255945	  0.266390	  0.229284	

URL http://cisbp.ccbr.utoronto.ca/TFreport.php?searchTF=T084054_1.02

MOTIF M0792_1.02 (PTRG_06164)_(Neurospora_crassa)_(DBD_0.94)

letter-probability matrix: alength= 4 w= 8 nsites= 1 E= 0
  0.246114	  0.263959	  0.251086	  0.238840	
  0.289615	  0.264688	  0.175661	  0.270036	
  0.101067	  0.108395	  0.696303	  0.094234	
  0.794489	  0.034733	  0.044598	  0.126179	
  0.025614	  0.062373	  0.046671	  0.865343	
  0.449630	  0.160521	  0.097361	  0.292488	
  0.295846	  0.232721	  0.265029	  0.206405	
  0.224078	  0.276441	  0.282025	  0.217456	

URL http://cisbp.ccbr.utoronto.ca/TFreport.php?searchTF=T084056_1.02

MOTIF M1114_1.02 (PTRG_06001)_(Neurospora_crassa)_(DBD_0.89)

letter-probability matrix: alength= 4 w= 8 nsites= 1 E= 0
  0.209810	  0.248689	  0.243765	  0.297735	
  0.169404	  0.268348	  0.296570	  0.265678	
  0.128561	  0.266774	  0.173539	  0.431126	
  0.418284	  0.236550	  0.131126	  0.214040	
  0.620568	  0.129106	  0.226022	  0.024304	
  0.203970	  0.136725	  0.099283	  0.560021	
  0.279320	  0.235653	  0.176330	  0.308697	
  0.292088	  0.158706	  0.150966	  0.398240	

URL http://cisbp.ccbr.utoronto.ca/TFreport.php?searchTF=T089468_1.02

MOTIF M1212_1.02 (PTRG_00070)_(Phaeosphaeria_nodorum)_(DBD_0.89)

letter-probability matrix: alength= 4 w= 11 nsites= 1 E= 0
  0.404262	  0.198579	  0.198579	  0.198579	
  0.210358	  0.445165	  0.227255	  0.117223	
  0.023570	  0.023570	  0.023570	  0.929290	
  0.814469	  0.000159	  0.092078	  0.093294	
  0.999523	  0.000159	  0.000159	  0.000159	
  0.000159	  0.000159	  0.000159	  0.999523	
  0.093294	  0.906388	  0.000159	  0.000159	
  0.999523	  0.000159	  0.000159	  0.000159	
  0.444433	  0.051580	  0.051580	  0.452408	
  0.225863	  0.132936	  0.132936	  0.508264	
  0.226589	  0.226589	  0.226589	  0.320233	

URL http://cisbp.ccbr.utoronto.ca/TFreport.php?searchTF=T089461_1.02

MOTIF M1214_1.02 (PTRG_08525)_(Phaeosphaeria_nodorum)_(DBD_0.97)

letter-probability matrix: alength= 4 w= 9 nsites= 1 E= 0
  0.183057	  0.192443	  0.244642	  0.379858	
  0.089850	  0.307399	  0.064596	  0.538155	
  0.688220	  0.122011	  0.079369	  0.110400	
  0.818578	  0.107508	  0.072789	  0.001125	
  0.000245	  0.070414	  0.000078	  0.929263	
  0.397696	  0.161691	  0.077145	  0.363467	
  0.315946	  0.109461	  0.074111	  0.500481	
  0.450724	  0.183251	  0.232957	  0.133067	
  0.247417	  0.223872	  0.204604	  0.324107	

URL http://cisbp.ccbr.utoronto.ca/TFreport.php?searchTF=T089469_1.02

MOTIF M1248_1.02 (PTRG_00596)_(Aspergillus_nidulans)_(DBD_0.85)

letter-probability matrix: alength= 4 w= 10 nsites= 1 E= 0
  0.354631	  0.215094	  0.219440	  0.210835	
  0.330282	  0.212714	  0.202340	  0.254665	
  0.214610	  0.210361	  0.307608	  0.267421	
  0.286586	  0.236995	  0.241782	  0.234637	
  0.124300	  0.022037	  0.071001	  0.782662	
  0.089295	  0.000287	  0.037410	  0.873008	
  0.077635	  0.814050	  0.043468	  0.064846	
  0.032211	  0.433685	  0.153288	  0.380816	
  0.614435	  0.084835	  0.185064	  0.115666	
  0.161120	  0.302520	  0.140071	  0.396290	

URL http://cisbp.ccbr.utoronto.ca/TFreport.php?searchTF=T105583_1.02

MOTIF M1297_1.02 (PTRG_05354)_(Dictyostelium_discoideum)_(DBD_0.88)

letter-probability matrix: alength= 4 w= 10 nsites= 1 E= 0
  0.233777	  0.598464	  0.083460	  0.084299	
  0.030948	  0.562453	  0.044359	  0.362240	
  0.506429	  0.042836	  0.155615	  0.295120	
  0.524310	  0.062308	  0.043907	  0.369475	
  0.657133	  0.044163	  0.042009	  0.256695	
  0.290800	  0.112464	  0.066862	  0.529873	
  0.281986	  0.340992	  0.131875	  0.245147	
  0.228299	  0.247314	  0.296088	  0.228299	
  0.301159	  0.033037	  0.594451	  0.071353	
  0.207356	  0.056511	  0.520315	  0.215818	

URL http://cisbp.ccbr.utoronto.ca/TFreport.php?searchTF=T110982_1.02

MOTIF M1706_1.02 (PTRG_05544)_(Fusarium_graminearum)_(DBD_0.98)

letter-probability matrix: alength= 4 w= 10 nsites= 1 E= 0
  0.308556	  0.185287	  0.154764	  0.351393	
  0.296736	  0.166142	  0.222037	  0.315085	
  0.348515	  0.136140	  0.148961	  0.366384	
  0.232505	  0.212494	  0.364641	  0.190359	
  0.044296	  0.916800	  0.033145	  0.005760	
  0.000048	  0.936738	  0.062954	  0.000260	
  0.000070	  0.000015	  0.999762	  0.000154	
  0.424080	  0.214846	  0.188655	  0.172418	
  0.258288	  0.211468	  0.312335	  0.217909	
  0.261616	  0.256436	  0.259013	  0.222935	

URL http://cisbp.ccbr.utoronto.ca/TFreport.php?searchTF=T158612_1.02

MOTIF M1708_1.02 (PTRG_00793)_(Histoplasma_capsulatum)_(DBD_0.77)

letter-probability matrix: alength= 4 w= 12 nsites= 1 E= 0
  0.224602	  0.224602	  0.224602	  0.326193	
  0.287592	  0.305197	  0.203606	  0.203606	
  0.069397	  0.609890	  0.170988	  0.149726	
  0.044332	  0.398536	  0.145923	  0.411208	
  0.000092	  0.999724	  0.000092	  0.000092	
  0.000092	  0.999724	  0.000092	  0.000092	
  0.000092	  0.000092	  0.999724	  0.000092	
  0.907595	  0.000092	  0.092221	  0.000092	
  0.117619	  0.097900	  0.025490	  0.758992	
  0.046486	  0.575977	  0.138615	  0.238921	
  0.180695	  0.180695	  0.457914	  0.180695	
  0.205760	  0.205760	  0.382721	  0.205760	

URL http://cisbp.ccbr.utoronto.ca/TFreport.php?searchTF=T158568_1.02

MOTIF M1709_1.02 (PTRG_05347)_(Histoplasma_capsulatum)_(DBD_0.82)

letter-probability matrix: alength= 4 w= 10 nsites= 1 E= 0
  0.210977	  0.265536	  0.252586	  0.270900	
  0.223875	  0.237718	  0.223875	  0.314532	
  0.351108	  0.077563	  0.183294	  0.388034	
  0.160399	  0.356975	  0.210117	  0.272508	
  0.001886	  0.996570	  0.000001	  0.001544	
  0.000100	  0.999832	  0.000051	  0.000017	
  0.018155	  0.000186	  0.981346	  0.000313	
  0.205945	  0.342958	  0.170308	  0.280790	
  0.272412	  0.232134	  0.246488	  0.248966	
  0.269485	  0.264149	  0.239012	  0.227355	

URL http://cisbp.ccbr.utoronto.ca/TFreport.php?searchTF=T158609_1.02

MOTIF M1711_1.02 (PTRG_00141)_(Aspergillus_nidulans)_(DBD_0.85)

letter-probability matrix: alength= 4 w= 9 nsites= 1 E= 0
  0.261177	  0.236323	  0.263802	  0.238698	
  0.189377	  0.215668	  0.263418	  0.331537	
  0.364783	  0.095517	  0.080584	  0.459116	
  0.082747	  0.173433	  0.132395	  0.611424	
  0.016944	  0.972542	  0.000134	  0.010380	
  0.000127	  0.981032	  0.018702	  0.000139	
  0.002022	  0.000514	  0.996408	  0.001056	
  0.350011	  0.099282	  0.364295	  0.186413	
  0.242322	  0.194468	  0.330388	  0.232821	

URL http://cisbp.ccbr.utoronto.ca/TFreport.php?searchTF=T158564_1.02

MOTIF M1720_1.02 (PTRG_09915)_(Neurospora_crassa)_(DBD_0.87)

letter-probability matrix: alength= 4 w= 7 nsites= 1 E= 0
  0.203955	  0.184546	  0.423224	  0.188275	
  0.000292	  0.992488	  0.000533	  0.006687	
  0.090292	  0.000060	  0.909640	  0.000009	
  0.131709	  0.572835	  0.217152	  0.078304	
  0.243083	  0.240664	  0.255546	  0.260708	
  0.296444	  0.204764	  0.219611	  0.279181	
  0.290956	  0.217712	  0.235845	  0.255487	

URL http://cisbp.ccbr.utoronto.ca/TFreport.php?searchTF=T158640_1.02

MOTIF M1734_1.02 (PTRG_10554)_(Neurospora_crassa)_(DBD_0.77)

letter-probability matrix: alength= 4 w= 8 nsites= 1 E= 0
  0.324200	  0.145673	  0.242587	  0.287540	
  0.495789	  0.056045	  0.178779	  0.269387	
  0.128603	  0.277753	  0.028695	  0.564948	
  0.542726	  0.280509	  0.112911	  0.063854	
  0.053493	  0.862262	  0.018908	  0.065337	
  0.054837	  0.044897	  0.815966	  0.084299	
  0.507501	  0.120241	  0.252017	  0.120241	
  0.262801	  0.165902	  0.380465	  0.190832	

URL http://cisbp.ccbr.utoronto.ca/TFreport.php?searchTF=T158649_1.02

MOTIF M1735_1.02 (PTRG_06536)_(Neurospora_crassa)_(DBD_0.85)

letter-probability matrix: alength= 4 w= 10 nsites= 1 E= 0
  0.274890	  0.238978	  0.205690	  0.280443	
  0.281944	  0.226265	  0.226265	  0.265525	
  0.265719	  0.215387	  0.213244	  0.305649	
  0.266965	  0.168531	  0.106391	  0.458114	
  0.095408	  0.419122	  0.090755	  0.394715	
  0.107235	  0.716960	  0.074815	  0.100990	
  0.000913	  0.942656	  0.056188	  0.000244	
  0.004346	  0.000048	  0.952688	  0.042918	
  0.476776	  0.152482	  0.190004	  0.180738	
  0.263307	  0.215577	  0.235879	  0.285237	

URL http://cisbp.ccbr.utoronto.ca/TFreport.php?searchTF=T158619_1.02

MOTIF M1742_1.02 (PTRG_11285)_(Neurospora_crassa)_(DBD_0.77)

letter-probability matrix: alength= 4 w= 9 nsites= 1 E= 0
  0.231793	  0.248599	  0.224942	  0.294666	
  0.053192	  0.187526	  0.155076	  0.604206	
  0.611409	  0.012500	  0.016212	  0.359878	
  0.580877	  0.133559	  0.215840	  0.069724	
  0.078072	  0.329516	  0.571135	  0.021277	
  0.006820	  0.992178	  0.000002	  0.001000	
  0.004370	  0.000385	  0.977344	  0.017901	
  0.789651	  0.055235	  0.111229	  0.043886	
  0.271328	  0.158116	  0.438486	  0.132070	

URL http://cisbp.ccbr.utoronto.ca/TFreport.php?searchTF=T158655_1.02

MOTIF M1745_1.02 (PTRG_00822)_(Neurospora_crassa)_(DBD_0.80)

letter-probability matrix: alength= 4 w= 11 nsites= 1 E= 0
  0.267306	  0.384250	  0.174222	  0.174222	
  0.470233	  0.075473	  0.378822	  0.075473	
  0.023740	  0.023740	  0.023740	  0.928780	
  0.000136	  0.000136	  0.000136	  0.999593	
  0.000136	  0.999593	  0.000136	  0.000136	
  0.000136	  0.999593	  0.000136	  0.000136	
  0.000136	  0.000136	  0.999593	  0.000136	
  0.000136	  0.999593	  0.000136	  0.000136	
  0.258305	  0.075913	  0.589868	  0.075913	
  0.174663	  0.274628	  0.376046	  0.174663	
  0.320812	  0.226396	  0.226396	  0.226396	

URL http://cisbp.ccbr.utoronto.ca/TFreport.php?searchTF=T158569_1.02

MOTIF M1747_1.02 (PTRG_03571)_(Neurospora_crassa)_(DBD_0.97)

letter-probability matrix: alength= 4 w= 11 nsites= 1 E= 0
  0.638147	  0.120618	  0.120618	  0.120618	
  0.653853	  0.047071	  0.047071	  0.252005	
  0.141783	  0.558929	  0.138039	  0.161249	
  0.000193	  0.000193	  0.000193	  0.999421	
  0.100582	  0.000193	  0.899032	  0.000193	
  0.000193	  0.999421	  0.000193	  0.000193	
  0.000193	  0.999421	  0.000193	  0.000193	
  0.000193	  0.000193	  0.999421	  0.000193	
  0.328086	  0.129575	  0.412763	  0.129575	
  0.296955	  0.296800	  0.203122	  0.203122	
  0.203122	  0.203122	  0.296800	  0.296955	

URL http://cisbp.ccbr.utoronto.ca/TFreport.php?searchTF=T158597_1.02

MOTIF M1749_1.02 (PTRG_09927)_(Neurospora_crassa)_(DBD_0.93)

letter-probability matrix: alength= 4 w= 10 nsites= 1 E= 0
  0.193905	  0.256562	  0.229837	  0.319696	
  0.262957	  0.217455	  0.185303	  0.334284	
  0.188628	  0.270367	  0.242204	  0.298801	
  0.286552	  0.163681	  0.239348	  0.310418	
  0.105380	  0.177253	  0.220870	  0.496496	
  0.038875	  0.944224	  0.005873	  0.011027	
  0.000025	  0.881416	  0.118100	  0.000459	
  0.027096	  0.000343	  0.972013	  0.000548	
  0.314822	  0.135912	  0.344471	  0.204795	
  0.342729	  0.152466	  0.286271	  0.218534	

URL http://cisbp.ccbr.utoronto.ca/TFreport.php?searchTF=T158642_1.02

MOTIF M1752_1.02 (PTRG_10536)_(Neurospora_crassa)_(DBD_0.88)

letter-probability matrix: alength= 4 w= 10 nsites= 1 E= 0
  0.302482	  0.226183	  0.217606	  0.253729	
  0.234598	  0.218779	  0.142865	  0.403758	
  0.284671	  0.186005	  0.267808	  0.261516	
  0.140444	  0.458502	  0.099232	  0.301821	
  0.071558	  0.653334	  0.152056	  0.123053	
  0.123053	  0.152056	  0.653334	  0.071558	
  0.301821	  0.099232	  0.458502	  0.140444	
  0.261516	  0.267808	  0.186005	  0.284671	
  0.403758	  0.142865	  0.218779	  0.234598	
  0.253729	  0.217606	  0.226183	  0.302482	

URL http://cisbp.ccbr.utoronto.ca/TFreport.php?searchTF=T158648_1.02

MOTIF M1757_1.02 (PTRG_02861)_(Neurospora_crassa)_(DBD_0.85)

letter-probability matrix: alength= 4 w= 9 nsites= 1 E= 0
  0.180507	  0.280274	  0.229469	  0.309751	
  0.062223	  0.129117	  0.169139	  0.639521	
  0.674992	  0.021428	  0.009251	  0.294330	
  0.513306	  0.100572	  0.284540	  0.101583	
  0.103585	  0.337104	  0.523424	  0.035888	
  0.000033	  0.999923	  0.000044	  0.000000	
  0.000000	  0.000000	  1.000000	  0.000000	
  0.000000	  1.000000	  0.000000	  0.000000	
  0.023689	  0.452598	  0.294419	  0.229294	

URL http://cisbp.ccbr.utoronto.ca/TFreport.php?searchTF=T158590_1.02

MOTIF M2118_1.02 (PTRG_08051)_(Saccharomyces_cerevisiae)_(DBD_0.76)

letter-probability matrix: alength= 4 w= 5 nsites= 1 E= 0
  0.000000	  0.000000	  0.000000	  1.000000	
  0.000000	  0.000000	  0.010160	  0.989840	
  0.005578	  0.000000	  0.994422	  0.000000	
  0.000000	  0.000000	  0.998223	  0.001777	
  0.158006	  0.378979	  0.030665	  0.432350	

URL http://cisbp.ccbr.utoronto.ca/TFreport.php?searchTF=T070396_1.02

MOTIF M4265_1.02 (PTRG_02805)_(Saccharomyces_cerevisiae)_(DBD_0.70)

letter-probability matrix: alength= 4 w= 9 nsites= 1 E= 0
  0.336788	  0.051813	  0.290155	  0.321244	
  0.751296	  0.036269	  0.000000	  0.212435	
  0.316062	  0.082902	  0.000000	  0.601036	
  1.000000	  0.000000	  0.000000	  0.000000	
  0.000000	  0.000000	  1.000000	  0.000000	
  0.000000	  0.000000	  1.000000	  0.000000	
  0.088083	  0.000000	  0.911917	  0.000000	
  0.020725	  0.005181	  0.974094	  0.000000	
  0.129534	  0.233161	  0.290155	  0.347150	

URL http://cisbp.ccbr.utoronto.ca/TFreport.php?searchTF=T034481_1.02

MOTIF M4266_1.02 (PTRG_02418)_(Saccharomyces_cerevisiae)_(DBD_0.90)

letter-probability matrix: alength= 4 w= 21 nsites= 1 E= 0
  0.277896	  0.250994	  0.386874	  0.084236	
  0.337701	  0.191203	  0.147499	  0.323596	
  0.253161	  0.345476	  0.088062	  0.313301	
  0.160289	  0.200315	  0.154575	  0.484821	
  0.545495	  0.139664	  0.154641	  0.160199	
  0.115326	  0.098646	  0.701617	  0.084410	
  0.287085	  0.198825	  0.266325	  0.247765	
  0.332186	  0.110816	  0.027332	  0.529666	
  0.907072	  0.007916	  0.025927	  0.059085	
  0.012689	  0.007855	  0.023849	  0.955608	
  0.981186	  0.002417	  0.004390	  0.012006	
  0.038291	  0.001865	  0.005177	  0.954667	
  0.970929	  0.002253	  0.006019	  0.020798	
  0.044741	  0.004462	  0.003313	  0.947483	
  0.883835	  0.010075	  0.024913	  0.081177	
  0.186324	  0.062165	  0.094376	  0.657135	
  0.264806	  0.122748	  0.129197	  0.483248	
  0.137280	  0.380802	  0.369687	  0.112231	
  0.266096	  0.228247	  0.383999	  0.121658	
  0.350006	  0.176397	  0.172576	  0.301021	
  0.248908	  0.193837	  0.270884	  0.286371	

URL http://cisbp.ccbr.utoronto.ca/TFreport.php?searchTF=T150418_1.02

MOTIF M4276_1.02 (PTRG_11185)_(Saccharomyces_cerevisiae)_(DBD_0.79)

letter-probability matrix: alength= 4 w= 7 nsites= 1 E= 0
  0.071259	  0.298663	  0.583022	  0.047056	
  0.007434	  0.498571	  0.033741	  0.460255	
  0.000000	  0.000000	  1.000000	  0.000000	
  0.000000	  0.000000	  1.000000	  0.000000	
  0.000000	  0.000000	  1.000000	  0.000000	
  0.008921	  0.011618	  0.969378	  0.010083	
  0.179476	  0.146057	  0.353710	  0.320756	

URL http://cisbp.ccbr.utoronto.ca/TFreport.php?searchTF=T034512_1.02

MOTIF M4320_1.02 (PTRG_05029)_(Saccharomyces_cerevisiae)_(DBD_0.86)

letter-probability matrix: alength= 4 w= 6 nsites= 1 E= 0
  0.011904	  0.011904	  0.964289	  0.011904	
  0.964289	  0.011904	  0.011904	  0.011904	
  0.011904	  0.011904	  0.011904	  0.964289	
  0.964289	  0.011904	  0.011904	  0.011904	
  0.964289	  0.011904	  0.011904	  0.011904	
  0.011904	  0.011904	  0.964289	  0.011904	

URL http://cisbp.ccbr.utoronto.ca/TFreport.php?searchTF=T084055_1.02

MOTIF M4323_1.02 (PTRG_09820)_(Saccharomyces_cerevisiae)_(DBD_0.70)

letter-probability matrix: alength= 4 w= 9 nsites= 1 E= 0
  0.300000	  0.100000	  0.100000	  0.500000	
  0.050000	  0.050000	  0.850000	  0.050000	
  0.237500	  0.537500	  0.037500	  0.187500	
  0.000000	  0.000000	  1.000000	  0.000000	
  0.000000	  0.000000	  1.000000	  0.000000	
  0.000000	  0.000000	  1.000000	  0.000000	
  0.000000	  0.000000	  1.000000	  0.000000	
  0.462500	  0.112500	  0.112500	  0.312500	
  0.550000	  0.150000	  0.150000	  0.150000	

URL http://cisbp.ccbr.utoronto.ca/TFreport.php?searchTF=T034508_1.02

MOTIF M4343_1.02 (PTRG_01267)_(Saccharomyces_cerevisiae)_(DBD_0.45)

letter-probability matrix: alength= 4 w= 16 nsites= 1 E= 0
  0.088000	  0.066000	  0.637000	  0.209000	
  0.062000	  0.064000	  0.851000	  0.023000	
  0.030000	  0.113000	  0.052000	  0.805000	
  0.239000	  0.048000	  0.062000	  0.651000	
  0.200200	  0.127127	  0.624625	  0.048048	
  0.007007	  0.752753	  0.012012	  0.228228	
  0.038000	  0.702000	  0.054000	  0.206000	
  0.646000	  0.055000	  0.207000	  0.092000	
  0.027000	  0.190000	  0.060000	  0.723000	
  0.223000	  0.029000	  0.718000	  0.030000	
  0.215000	  0.199000	  0.535000	  0.051000	
  0.084000	  0.660000	  0.022000	  0.234000	
  0.616617	  0.109109	  0.240240	  0.034034	
  0.871000	  0.013000	  0.102000	  0.014000	
  0.083000	  0.749000	  0.109000	  0.059000	
  0.078000	  0.181000	  0.694000	  0.047000	

URL http://cisbp.ccbr.utoronto.ca/TFreport.php?searchTF=T138621_1.02

MOTIF M4376_1.02 (PTRG_00223)_(Saccharomyces_cerevisiae)_(DBD_0.59)

letter-probability matrix: alength= 4 w= 20 nsites= 1 E= 0
  0.240122	  0.196861	  0.220816	  0.342201	
  0.277890	  0.146179	  0.267804	  0.308128	
  0.341839	  0.174534	  0.219739	  0.263888	
  0.571702	  0.146030	  0.143912	  0.138356	
  0.495698	  0.110596	  0.176615	  0.217091	
  0.379266	  0.157960	  0.126669	  0.336105	
  0.179551	  0.004748	  0.813593	  0.002108	
  0.014558	  0.004260	  0.000952	  0.980230	
  0.950367	  0.047308	  0.000771	  0.001554	
  0.979678	  0.011390	  0.000976	  0.007956	
  0.986667	  0.001016	  0.002691	  0.009625	
  0.001767	  0.797833	  0.001297	  0.199103	
  0.989636	  0.001249	  0.003667	  0.005447	
  0.823954	  0.069661	  0.032500	  0.073884	
  0.684172	  0.025110	  0.106580	  0.184138	
  0.212491	  0.210952	  0.446148	  0.130410	
  0.353169	  0.173423	  0.321436	  0.151971	
  0.208011	  0.239547	  0.274318	  0.278123	
  0.315164	  0.071640	  0.432442	  0.180754	
  0.338566	  0.263541	  0.274442	  0.123450	

URL http://cisbp.ccbr.utoronto.ca/TFreport.php?searchTF=T080799_1.02

MOTIF M4405_1.02 (PTRG_08080)_(Saccharomyces_cerevisiae)_(DBD_0.75)

letter-probability matrix: alength= 4 w= 10 nsites= 1 E= 0
  0.000000	  0.921569	  0.039216	  0.039216	
  0.000000	  0.039216	  0.000000	  0.960784	
  0.901961	  0.000000	  0.019608	  0.078431	
  0.420000	  0.000000	  0.000000	  0.580000	
  0.320000	  0.000000	  0.000000	  0.680000	
  0.400000	  0.000000	  0.000000	  0.600000	
  0.460000	  0.000000	  0.000000	  0.540000	
  0.000000	  0.019608	  0.000000	  0.980392	
  0.823529	  0.058824	  0.098039	  0.019608	
  0.196078	  0.137255	  0.529412	  0.137255	

URL http://cisbp.ccbr.utoronto.ca/TFreport.php?searchTF=T110983_1.02

