MEME version 4

ALPHABET= ACGT

strands: + -

Background letter frequencies (from uniform background):
A 0.25000 C 0.25000 G 0.25000 T 0.25000 

MOTIF M0084_1.02 (Tcfap2c)_(Mus_musculus)_(DBD_0.97)

letter-probability matrix: alength= 4 w= 10 nsites= 1 E= 0
  0.194725	  0.400049	  0.150143	  0.255083	
  0.089600	  0.325498	  0.526030	  0.058872	
  0.000086	  0.989917	  0.000244	  0.009753	
  0.001248	  0.813717	  0.012325	  0.172710	
  0.070689	  0.449572	  0.225494	  0.254244	
  0.114154	  0.272476	  0.444767	  0.168603	
  0.586691	  0.182089	  0.161499	  0.069721	
  0.199175	  0.001924	  0.791701	  0.007201	
  0.019359	  0.000265	  0.975696	  0.004679	
  0.061747	  0.509308	  0.305837	  0.123107	

URL http://cisbp.ccbr.utoronto.ca/TFreport.php?searchTF=T004949_1.02

MOTIF M0085_1.02 (Tcfap2e)_(Mus_musculus)_(DBD_0.99)

letter-probability matrix: alength= 4 w= 10 nsites= 1 E= 0
  0.213214	  0.176319	  0.135951	  0.474516	
  0.222124	  0.321576	  0.134725	  0.321576	
  0.004784	  0.213834	  0.753855	  0.027528	
  0.000431	  0.961004	  0.000168	  0.038397	
  0.000296	  0.937765	  0.000164	  0.061775	
  0.001274	  0.327763	  0.135950	  0.535013	
  0.122837	  0.314460	  0.391841	  0.170862	
  0.454990	  0.254748	  0.230506	  0.059756	
  0.118505	  0.001133	  0.841307	  0.039054	
  0.002871	  0.001657	  0.957955	  0.037517	

URL http://cisbp.ccbr.utoronto.ca/TFreport.php?searchTF=T004953_1.02

MOTIF M0104_1.02 (Arid3b)_(Mus_musculus)_(DBD_1.00)

letter-probability matrix: alength= 4 w= 11 nsites= 1 E= 0
  0.467943	  0.177352	  0.177352	  0.177352	
  0.273411	  0.080067	  0.080067	  0.566454	
  0.609177	  0.119174	  0.033749	  0.237901	
  0.104443	  0.000141	  0.000141	  0.895276	
  0.000141	  0.000141	  0.000141	  0.999578	
  0.999578	  0.000141	  0.000141	  0.000141	
  0.910941	  0.000141	  0.000141	  0.088778	
  0.088778	  0.000141	  0.000141	  0.910941	
  0.261793	  0.167866	  0.072788	  0.497552	
  0.489780	  0.170073	  0.170073	  0.170073	
  0.350824	  0.216392	  0.216392	  0.216392	

URL http://cisbp.ccbr.utoronto.ca/TFreport.php?searchTF=T007669_1.02

MOTIF M0105_1.02 (Arid3c)_(Mus_musculus)_(DBD_0.87)

letter-probability matrix: alength= 4 w= 9 nsites= 1 E= 0
  0.265180	  0.185010	  0.202433	  0.347377	
  0.185396	  0.187259	  0.108039	  0.519306	
  0.151265	  0.141039	  0.100387	  0.607308	
  0.095920	  0.138866	  0.056459	  0.708755	
  0.354424	  0.113351	  0.333784	  0.198441	
  0.739186	  0.094212	  0.057143	  0.109459	
  0.023279	  0.024473	  0.020037	  0.932211	
  0.285933	  0.246105	  0.089636	  0.378326	
  0.254088	  0.232219	  0.267115	  0.246578	

URL http://cisbp.ccbr.utoronto.ca/TFreport.php?searchTF=T007665_1.02

MOTIF M0110_1.02 Arid5a

letter-probability matrix: alength= 4 w= 10 nsites= 1 E= 0
  0.229320	  0.255984	  0.250916	  0.263780	
  0.194317	  0.317186	  0.177592	  0.310905	
  0.229015	  0.255644	  0.331553	  0.183789	
  0.525746	  0.074800	  0.294364	  0.105090	
  0.330068	  0.122646	  0.088173	  0.459114	
  0.930616	  0.000580	  0.049198	  0.019606	
  0.034070	  0.021942	  0.020255	  0.923732	
  0.151462	  0.217095	  0.053002	  0.578440	
  0.292785	  0.179368	  0.323578	  0.204269	
  0.247457	  0.254993	  0.242557	  0.254993	

URL http://cisbp.ccbr.utoronto.ca/TFreport.php?searchTF=T007666_1.02

MOTIF M0129_1.02 (RGD1560612)_(Monodelphis_domestica)_(DBD_1.00)

letter-probability matrix: alength= 4 w= 8 nsites= 1 E= 0
  0.272331	  0.232065	  0.256472	  0.239132	
  0.290589	  0.228585	  0.247623	  0.233203	
  0.328743	  0.205465	  0.238717	  0.227074	
  0.321069	  0.190882	  0.252562	  0.235487	
  0.312520	  0.159919	  0.255870	  0.271692	
  0.448771	  0.140683	  0.094303	  0.316243	
  0.716851	  0.000111	  0.282836	  0.000201	
  0.337735	  0.159535	  0.090221	  0.412510	

URL http://cisbp.ccbr.utoronto.ca/TFreport.php?searchTF=T008710_1.02

MOTIF M0132_1.02 (Hmga2)_(Mus_musculus)_(DBD_0.97)

letter-probability matrix: alength= 4 w= 10 nsites= 1 E= 0
  0.237374	  0.264976	  0.264976	  0.232674	
  0.254916	  0.278923	  0.226090	  0.240071	
  0.234840	  0.237201	  0.304572	  0.223387	
  0.201961	  0.286597	  0.267221	  0.244221	
  0.601325	  0.000225	  0.320261	  0.078189	
  0.466521	  0.184067	  0.000331	  0.349080	
  0.391854	  0.070168	  0.064129	  0.473849	
  0.435120	  0.083565	  0.075612	  0.405703	
  0.376315	  0.160843	  0.160843	  0.302000	
  0.303804	  0.236603	  0.161804	  0.297789	

URL http://cisbp.ccbr.utoronto.ca/TFreport.php?searchTF=T008711_1.02

MOTIF M0174_1.02 (Tcfe3)_(Mus_musculus)_(DBD_1.00)

letter-probability matrix: alength= 4 w= 10 nsites= 1 E= 0
  0.280635	  0.184390	  0.316415	  0.218559	
  0.390544	  0.069237	  0.481806	  0.058413	
  0.073191	  0.091202	  0.083352	  0.752255	
  0.006168	  0.991693	  0.001767	  0.000371	
  0.893698	  0.042750	  0.012371	  0.051181	
  0.006567	  0.707771	  0.068178	  0.217483	
  0.151077	  0.039956	  0.794559	  0.014408	
  0.254645	  0.242226	  0.115569	  0.387560	
  0.035893	  0.036253	  0.863104	  0.064750	
  0.230459	  0.225896	  0.347260	  0.196384	

URL http://cisbp.ccbr.utoronto.ca/TFreport.php?searchTF=T016001_1.02

MOTIF M0175_1.02 (Mnt)_(Mus_musculus)_(DBD_1.00)

letter-probability matrix: alength= 4 w= 9 nsites= 1 E= 0
  0.237177	  0.246857	  0.223365	  0.292601	
  0.263053	  0.221929	  0.327785	  0.187233	
  0.059666	  0.787422	  0.047407	  0.105506	
  0.799512	  0.000774	  0.059383	  0.140331	
  0.018558	  0.805027	  0.000347	  0.176069	
  0.048592	  0.094015	  0.857013	  0.000380	
  0.032567	  0.226622	  0.003298	  0.737513	
  0.075226	  0.001633	  0.788785	  0.134356	
  0.183543	  0.327814	  0.217554	  0.271089	

URL http://cisbp.ccbr.utoronto.ca/TFreport.php?searchTF=T015976_1.02

MOTIF M0177_1.02 (Twist2)_(Mus_musculus)_(DBD_1.00)

letter-probability matrix: alength= 4 w= 10 nsites= 1 E= 0
  0.301828	  0.199871	  0.298430	  0.199871	
  0.282456	  0.579511	  0.069016	  0.069016	
  0.000139	  0.999582	  0.000139	  0.000139	
  0.999582	  0.000139	  0.000139	  0.000139	
  0.000139	  0.217001	  0.000139	  0.782721	
  0.789108	  0.000139	  0.210614	  0.000139	
  0.000139	  0.000139	  0.000139	  0.999582	
  0.000139	  0.000139	  0.999582	  0.000139	
  0.050268	  0.050268	  0.154736	  0.744728	
  0.181123	  0.181123	  0.272271	  0.365483	

URL http://cisbp.ccbr.utoronto.ca/TFreport.php?searchTF=T016040_1.02

MOTIF M0178_1.02 (Ascl2)_(Mus_musculus)_(DBD_1.00)

letter-probability matrix: alength= 4 w= 10 nsites= 1 E= 0
  0.315548	  0.181281	  0.304970	  0.198202	
  0.342567	  0.215650	  0.329097	  0.112687	
  0.036295	  0.956859	  0.000000	  0.006845	
  0.887444	  0.026036	  0.052040	  0.034479	
  0.022313	  0.233167	  0.582932	  0.161589	
  0.161589	  0.582932	  0.233167	  0.022313	
  0.034479	  0.052040	  0.026036	  0.887444	
  0.006845	  0.000000	  0.956859	  0.036295	
  0.112687	  0.329097	  0.215650	  0.342567	
  0.198202	  0.304970	  0.181281	  0.315548	

URL http://cisbp.ccbr.utoronto.ca/TFreport.php?searchTF=T016041_1.02

MOTIF M0181_1.02 (Mlx)_(Mus_musculus)_(DBD_1.00)

letter-probability matrix: alength= 4 w= 9 nsites= 1 E= 0
  0.213190	  0.185339	  0.327729	  0.273742	
  0.340712	  0.160941	  0.265347	  0.233000	
  0.209405	  0.197210	  0.258338	  0.335047	
  0.000001	  0.999579	  0.000071	  0.000349	
  0.888940	  0.000000	  0.111055	  0.000004	
  0.000027	  0.798969	  0.000000	  0.201004	
  0.000000	  0.076487	  0.922526	  0.000987	
  0.097990	  0.012742	  0.112715	  0.776553	
  0.052222	  0.053812	  0.769317	  0.124649	

URL http://cisbp.ccbr.utoronto.ca/TFreport.php?searchTF=T016037_1.02

MOTIF M0184_1.02 (Tcf3)_(Mus_musculus)_(DBD_1.00)

letter-probability matrix: alength= 4 w= 9 nsites= 1 E= 0
  0.267667	  0.262367	  0.202299	  0.267667	
  0.266552	  0.251029	  0.393692	  0.088727	
  0.012172	  0.981588	  0.003630	  0.002610	
  0.970200	  0.006603	  0.007749	  0.015448	
  0.005096	  0.134094	  0.852816	  0.007993	
  0.093201	  0.112703	  0.784273	  0.009823	
  0.001777	  0.039843	  0.000291	  0.958089	
  0.005090	  0.000808	  0.989542	  0.004560	
  0.062982	  0.344762	  0.233424	  0.358832	

URL http://cisbp.ccbr.utoronto.ca/TFreport.php?searchTF=T016034_1.02

MOTIF M0187_1.02 (Srebf1)_(Mus_musculus)_(DBD_1.00)

letter-probability matrix: alength= 4 w= 10 nsites= 1 E= 0
  0.393016	  0.151995	  0.362799	  0.092190	
  0.117172	  0.118350	  0.069661	  0.694816	
  0.128123	  0.479620	  0.327993	  0.064264	
  0.397372	  0.002704	  0.466320	  0.133603	
  0.000288	  0.485023	  0.315512	  0.199177	
  0.212693	  0.139749	  0.578160	  0.069397	
  0.099009	  0.160007	  0.002045	  0.738939	
  0.055450	  0.025674	  0.841747	  0.077129	
  0.578926	  0.073052	  0.141341	  0.206681	
  0.101129	  0.261489	  0.146407	  0.490975	

URL http://cisbp.ccbr.utoronto.ca/TFreport.php?searchTF=T015979_1.02

MOTIF M0189_1.02 (Id2)_(Mus_musculus)_(DBD_1.00)

letter-probability matrix: alength= 4 w= 8 nsites= 1 E= 0
  0.277716	  0.166851	  0.499446	  0.055987	
  0.000370	  0.998891	  0.000370	  0.000370	
  0.999001	  0.000333	  0.000333	  0.000333	
  0.000333	  0.999001	  0.000333	  0.000333	
  0.000333	  0.000333	  0.999001	  0.000333	
  0.000333	  0.000333	  0.000333	  0.999001	
  0.000344	  0.000344	  0.998967	  0.000344	
  0.499546	  0.045826	  0.272686	  0.181942	

URL http://cisbp.ccbr.utoronto.ca/TFreport.php?searchTF=T015995_1.02

MOTIF M0192_1.02 (Hes7)_(Mus_musculus)_(DBD_1.00)

letter-probability matrix: alength= 4 w= 10 nsites= 1 E= 0
  0.227282	  0.175246	  0.397896	  0.199575	
  0.347982	  0.154803	  0.337698	  0.159517	
  0.144508	  0.798981	  0.033560	  0.022950	
  0.234584	  0.082915	  0.522077	  0.160423	
  0.028070	  0.824446	  0.025399	  0.122084	
  0.031607	  0.017003	  0.947070	  0.004321	
  0.045487	  0.046406	  0.021486	  0.886622	
  0.010821	  0.004911	  0.964354	  0.019915	
  0.095751	  0.416445	  0.242682	  0.245121	
  0.159861	  0.443326	  0.207329	  0.189484	

URL http://cisbp.ccbr.utoronto.ca/TFreport.php?searchTF=T015996_1.02

MOTIF M0194_1.02 (Bhlhe22)_(Mus_musculus)_(DBD_1.00)

letter-probability matrix: alength= 4 w= 10 nsites= 1 E= 0
  0.361199	  0.183013	  0.272775	  0.183013	
  0.138914	  0.651658	  0.134874	  0.074555	
  0.000046	  0.999862	  0.000046	  0.000046	
  0.999862	  0.000046	  0.000046	  0.000046	
  0.000046	  0.000046	  0.000046	  0.999862	
  0.999862	  0.000046	  0.000046	  0.000046	
  0.000046	  0.000046	  0.000046	  0.999862	
  0.000046	  0.000046	  0.999862	  0.000046	
  0.067033	  0.298563	  0.220536	  0.413869	
  0.175491	  0.236272	  0.175491	  0.412746	

URL http://cisbp.ccbr.utoronto.ca/TFreport.php?searchTF=T016043_1.02

MOTIF M0195_1.02 (Msc)_(Mus_musculus)_(DBD_1.00)

letter-probability matrix: alength= 4 w= 10 nsites= 1 E= 0
  0.349915	  0.146774	  0.278558	  0.224752	
  0.357002	  0.417355	  0.173504	  0.052139	
  0.139509	  0.827857	  0.032001	  0.000633	
  0.724593	  0.000000	  0.227645	  0.047763	
  0.064454	  0.126184	  0.294078	  0.515285	
  0.515285	  0.294078	  0.126184	  0.064454	
  0.047763	  0.227645	  0.000000	  0.724593	
  0.000633	  0.032001	  0.827857	  0.139509	
  0.052139	  0.173504	  0.417355	  0.357002	
  0.224752	  0.278558	  0.146774	  0.349915	

URL http://cisbp.ccbr.utoronto.ca/TFreport.php?searchTF=T015998_1.02

MOTIF M0196_1.02 (Npas2)_(Mus_musculus)_(DBD_0.98)

letter-probability matrix: alength= 4 w= 10 nsites= 1 E= 0
  0.273313	  0.176530	  0.292754	  0.257403	
  0.154185	  0.377249	  0.420347	  0.048219	
  0.000226	  0.999321	  0.000226	  0.000226	
  0.999321	  0.000226	  0.000226	  0.000226	
  0.081100	  0.918447	  0.000226	  0.000226	
  0.081100	  0.000226	  0.918447	  0.000226	
  0.000226	  0.000226	  0.000226	  0.999321	
  0.081100	  0.000226	  0.918447	  0.000226	
  0.073697	  0.172181	  0.187665	  0.566457	
  0.297058	  0.298928	  0.202007	  0.202007	

URL http://cisbp.ccbr.utoronto.ca/TFreport.php?searchTF=T016016_1.02

MOTIF M0198_1.02 (Sohlh2)_(Mus_musculus)_(DBD_0.96)

letter-probability matrix: alength= 4 w= 10 nsites= 1 E= 0
  0.314175	  0.219192	  0.249622	  0.217011	
  0.209218	  0.174753	  0.434144	  0.181885	
  0.159171	  0.387601	  0.102512	  0.350716	
  0.253998	  0.378920	  0.186294	  0.180788	
  0.131112	  0.769738	  0.026471	  0.072679	
  0.075648	  0.029847	  0.894341	  0.000165	
  0.109744	  0.024733	  0.070679	  0.794844	
  0.000431	  0.092665	  0.896940	  0.009964	
  0.171237	  0.574240	  0.137421	  0.117102	
  0.291434	  0.191486	  0.303328	  0.213752	

URL http://cisbp.ccbr.utoronto.ca/TFreport.php?searchTF=T016070_1.02

MOTIF M0199_1.02 (Hes2)_(Mus_musculus)_(DBD_0.95)

letter-probability matrix: alength= 4 w= 13 nsites= 1 E= 0
  0.214247	  0.214247	  0.214247	  0.357260	
  0.341052	  0.197239	  0.197239	  0.264469	
  0.341052	  0.197239	  0.197239	  0.264469	
  0.245377	  0.332697	  0.244578	  0.177348	
  0.082925	  0.152323	  0.681827	  0.082925	
  0.602961	  0.000158	  0.396723	  0.000158	
  0.281517	  0.718168	  0.000158	  0.000158	
  0.930129	  0.000158	  0.069555	  0.000158	
  0.174257	  0.753921	  0.035911	  0.035911	
  0.123235	  0.052918	  0.770928	  0.052918	
  0.052918	  0.052918	  0.052918	  0.841245	
  0.143126	  0.072810	  0.711254	  0.072810	
  0.237549	  0.427986	  0.167232	  0.167232	

URL http://cisbp.ccbr.utoronto.ca/TFreport.php?searchTF=T016003_1.02

MOTIF M0200_1.02 (Clock)_(Mus_musculus)_(DBD_1.00)

letter-probability matrix: alength= 4 w= 10 nsites= 1 E= 0
  0.239964	  0.200309	  0.336557	  0.223170	
  0.293276	  0.320740	  0.252774	  0.133210	
  0.162184	  0.774560	  0.028113	  0.035143	
  0.713119	  0.054463	  0.173280	  0.059138	
  0.027939	  0.674387	  0.047681	  0.249993	
  0.249993	  0.047681	  0.674387	  0.027939	
  0.059138	  0.173280	  0.054463	  0.713119	
  0.035143	  0.028113	  0.774560	  0.162184	
  0.133210	  0.252774	  0.320740	  0.293276	
  0.223170	  0.336557	  0.200309	  0.239964	

URL http://cisbp.ccbr.utoronto.ca/TFreport.php?searchTF=T015974_1.02

MOTIF M0201_1.02 (Tfec)_(Mus_musculus)_(DBD_0.98)

letter-probability matrix: alength= 4 w= 10 nsites= 1 E= 0
  0.317421	  0.183419	  0.333604	  0.165555	
  0.190817	  0.212307	  0.221545	  0.375331	
  0.065189	  0.842821	  0.039209	  0.052781	
  0.673632	  0.069570	  0.110745	  0.146054	
  0.020029	  0.798819	  0.038881	  0.142271	
  0.142271	  0.038881	  0.798819	  0.020029	
  0.146054	  0.110745	  0.069570	  0.673632	
  0.052781	  0.039209	  0.842821	  0.065189	
  0.375331	  0.221545	  0.212307	  0.190817	
  0.165555	  0.333604	  0.183419	  0.317421	

URL http://cisbp.ccbr.utoronto.ca/TFreport.php?searchTF=T015991_1.02

MOTIF M0203_1.02 (Figla)_(Mus_musculus)_(DBD_0.94)

letter-probability matrix: alength= 4 w= 9 nsites= 1 E= 0
  0.250583	  0.381378	  0.193213	  0.174826	
  0.013384	  0.986426	  0.000150	  0.000039	
  0.917989	  0.033188	  0.040132	  0.008690	
  0.008390	  0.398232	  0.570798	  0.022579	
  0.046180	  0.314989	  0.627999	  0.010832	
  0.001167	  0.022070	  0.000006	  0.976757	
  0.059828	  0.014034	  0.881371	  0.044767	
  0.176480	  0.217719	  0.308958	  0.296844	
  0.272826	  0.167140	  0.206197	  0.353836	

URL http://cisbp.ccbr.utoronto.ca/TFreport.php?searchTF=T016028_1.02

MOTIF M0211_1.02 (Mlxip)_(Mus_musculus)_(DBD_1.00)

letter-probability matrix: alength= 4 w= 8 nsites= 1 E= 0
  0.053046	  0.263130	  0.420693	  0.263130	
  0.000399	  0.998802	  0.000399	  0.000399	
  0.998802	  0.000399	  0.000399	  0.000399	
  0.000399	  0.998802	  0.000399	  0.000399	
  0.000399	  0.000399	  0.998802	  0.000399	
  0.000399	  0.000399	  0.000399	  0.998802	
  0.000399	  0.000399	  0.998802	  0.000399	
  0.187656	  0.062968	  0.250000	  0.499377	

URL http://cisbp.ccbr.utoronto.ca/TFreport.php?searchTF=T015970_1.02

MOTIF M0212_1.02 (RGD1305899)_(Mus_musculus)_(DBD_1.00)

letter-probability matrix: alength= 4 w= 10 nsites= 1 E= 0
  0.263325	  0.202596	  0.307948	  0.226130	
  0.113138	  0.226680	  0.364435	  0.295747	
  0.058154	  0.874211	  0.016939	  0.050696	
  0.372199	  0.064471	  0.336403	  0.226927	
  0.006221	  0.903915	  0.018504	  0.071360	
  0.071360	  0.018504	  0.903915	  0.006221	
  0.226927	  0.336403	  0.064471	  0.372199	
  0.050696	  0.016939	  0.874211	  0.058154	
  0.295747	  0.364435	  0.226680	  0.113138	
  0.226130	  0.307948	  0.202596	  0.263325	

URL http://cisbp.ccbr.utoronto.ca/TFreport.php?searchTF=T016049_1.02

MOTIF M0213_1.02 (Olig3)_(Mus_musculus)_(DBD_1.00)

letter-probability matrix: alength= 4 w= 11 nsites= 1 E= 0
  0.201784	  0.295980	  0.300452	  0.201784	
  0.274925	  0.079923	  0.079923	  0.565228	
  0.731885	  0.120705	  0.024371	  0.123039	
  0.189822	  0.517890	  0.000302	  0.291985	
  0.195173	  0.614669	  0.000302	  0.189856	
  0.809704	  0.000302	  0.000302	  0.189691	
  0.000302	  0.194479	  0.093488	  0.711731	
  0.905907	  0.000302	  0.000302	  0.093488	
  0.243671	  0.144721	  0.237061	  0.374546	
  0.170379	  0.170379	  0.392660	  0.266582	
  0.225931	  0.225931	  0.322206	  0.225931	

URL http://cisbp.ccbr.utoronto.ca/TFreport.php?searchTF=T016012_1.02

MOTIF M0214_1.02 (Tcf21)_(Mus_musculus)_(DBD_1.00)

letter-probability matrix: alength= 4 w= 9 nsites= 1 E= 0
  0.745050	  0.002475	  0.250000	  0.002475	
  0.747512	  0.250000	  0.001244	  0.001244	
  0.001244	  0.996269	  0.001244	  0.001244	
  0.996269	  0.001244	  0.001244	  0.001244	
  0.001244	  0.001244	  0.374378	  0.623134	
  0.623134	  0.374378	  0.001244	  0.001244	
  0.001244	  0.001244	  0.001244	  0.996269	
  0.001244	  0.001244	  0.996269	  0.001244	
  0.002475	  0.002475	  0.497525	  0.497525	

URL http://cisbp.ccbr.utoronto.ca/TFreport.php?searchTF=T016032_1.02

MOTIF M0215_1.02 (Hes5)_(Mus_musculus)_(DBD_1.00)

letter-probability matrix: alength= 4 w= 10 nsites= 1 E= 0
  0.216882	  0.223200	  0.384442	  0.175475	
  0.345594	  0.220337	  0.348034	  0.086035	
  0.070888	  0.898272	  0.018035	  0.012805	
  0.587881	  0.086790	  0.237040	  0.088289	
  0.022632	  0.821184	  0.052593	  0.103591	
  0.103591	  0.052593	  0.821184	  0.022632	
  0.088289	  0.237040	  0.086790	  0.587881	
  0.012805	  0.018035	  0.898272	  0.070888	
  0.086035	  0.348034	  0.220337	  0.345594	
  0.175475	  0.384442	  0.223200	  0.216882	

URL http://cisbp.ccbr.utoronto.ca/TFreport.php?searchTF=T016018_1.02

MOTIF M0216_1.02 (Nhlh2)_(Mus_musculus)_(DBD_1.00)

letter-probability matrix: alength= 4 w= 10 nsites= 1 E= 0
  0.282767	  0.305521	  0.171954	  0.239759	
  0.037628	  0.037628	  0.674128	  0.250617	
  0.000178	  0.862732	  0.000178	  0.136912	
  0.930537	  0.000178	  0.069106	  0.000178	
  0.071132	  0.077413	  0.714543	  0.136912	
  0.145218	  0.714543	  0.069106	  0.071132	
  0.000178	  0.067984	  0.000178	  0.931660	
  0.077413	  0.000178	  0.922231	  0.000178	
  0.152455	  0.301874	  0.078225	  0.467447	
  0.281479	  0.212551	  0.293420	  0.212551	

URL http://cisbp.ccbr.utoronto.ca/TFreport.php?searchTF=T016031_1.02

MOTIF M0217_1.02 (Neurog1)_(Mus_musculus)_(DBD_1.00)

letter-probability matrix: alength= 4 w= 10 nsites= 1 E= 0
  0.424799	  0.113479	  0.235478	  0.226244	
  0.169637	  0.592091	  0.171342	  0.066931	
  0.271365	  0.687777	  0.026936	  0.013922	
  0.665113	  0.034812	  0.186785	  0.113291	
  0.001368	  0.064301	  0.143105	  0.791225	
  0.793894	  0.140745	  0.056090	  0.009272	
  0.075714	  0.150952	  0.010559	  0.762775	
  0.011683	  0.000903	  0.869711	  0.117703	
  0.038634	  0.150525	  0.421629	  0.389213	
  0.091763	  0.270213	  0.234912	  0.403111	

URL http://cisbp.ccbr.utoronto.ca/TFreport.php?searchTF=T016048_1.02

MOTIF M0218_1.02 (Bhlha15)_(Mus_musculus)_(DBD_1.00)

letter-probability matrix: alength= 4 w= 8 nsites= 1 E= 0
  0.143162	  0.570513	  0.285613	  0.000712	
  0.000499	  0.998503	  0.000499	  0.000499	
  0.998503	  0.000499	  0.000499	  0.000499	
  0.000499	  0.000499	  0.200100	  0.798902	
  0.798902	  0.200100	  0.000499	  0.000499	
  0.000499	  0.000499	  0.000499	  0.998503	
  0.000499	  0.000499	  0.998503	  0.000499	
  0.000767	  0.230828	  0.154141	  0.614264	

URL http://cisbp.ccbr.utoronto.ca/TFreport.php?searchTF=T016052_1.02

MOTIF M0225_1.02 (Usf2)_(Mus_musculus)_(DBD_1.00)

letter-probability matrix: alength= 4 w= 10 nsites= 1 E= 0
  0.326350	  0.175680	  0.322290	  0.175680	
  0.054832	  0.117006	  0.054832	  0.773331	
  0.000021	  0.999938	  0.000021	  0.000021	
  0.999938	  0.000021	  0.000021	  0.000021	
  0.000021	  0.999938	  0.000021	  0.000021	
  0.000021	  0.000021	  0.999938	  0.000021	
  0.000021	  0.000021	  0.000021	  0.999938	
  0.000021	  0.000021	  0.999938	  0.000021	
  0.202158	  0.177035	  0.370057	  0.250750	
  0.195189	  0.195189	  0.256649	  0.352973	

URL http://cisbp.ccbr.utoronto.ca/TFreport.php?searchTF=T016042_1.02

MOTIF M0298_1.02 (Atf3)_(Mus_musculus)_(DBD_1.00)

letter-probability matrix: alength= 4 w= 9 nsites= 1 E= 0
  0.180173	  0.245653	  0.229045	  0.345129	
  0.180819	  0.146569	  0.458287	  0.214325	
  0.556878	  0.113562	  0.235650	  0.093911	
  0.020212	  0.000716	  0.000325	  0.978747	
  0.084476	  0.056062	  0.643206	  0.216256	
  0.854376	  0.000259	  0.030888	  0.114477	
  0.078044	  0.669994	  0.033357	  0.218605	
  0.230071	  0.132739	  0.463306	  0.173884	
  0.217065	  0.252194	  0.200376	  0.330365	

URL http://cisbp.ccbr.utoronto.ca/TFreport.php?searchTF=T026498_1.02

MOTIF M0300_1.02 (Atf2)_(Mus_musculus)_(DBD_1.00)

letter-probability matrix: alength= 4 w= 10 nsites= 1 E= 0
  0.291870	  0.184253	  0.277636	  0.246241	
  0.530199	  0.133387	  0.274034	  0.062380	
  0.035631	  0.062379	  0.001238	  0.900752	
  0.073796	  0.082377	  0.556301	  0.287525	
  0.757933	  0.025806	  0.125285	  0.090976	
  0.084682	  0.638364	  0.084682	  0.192271	
  0.156906	  0.065082	  0.710273	  0.067738	
  0.117142	  0.166233	  0.068950	  0.647675	
  0.368627	  0.407396	  0.102492	  0.121484	
  0.489340	  0.124345	  0.187365	  0.198951	

URL http://cisbp.ccbr.utoronto.ca/TFreport.php?searchTF=T026493_1.02

MOTIF M0303_1.02 (Jdp2)_(Mus_musculus)_(DBD_1.00)

letter-probability matrix: alength= 4 w= 10 nsites= 1 E= 0
  0.233199	  0.233199	  0.300403	  0.233199	
  0.507982	  0.164006	  0.164006	  0.164006	
  0.000043	  0.000043	  0.000043	  0.999872	
  0.000043	  0.000043	  0.948614	  0.051301	
  0.999872	  0.000043	  0.000043	  0.000043	
  0.000043	  0.999872	  0.000043	  0.000043	
  0.000043	  0.000043	  0.766726	  0.233189	
  0.000043	  0.281877	  0.000043	  0.718037	
  0.516762	  0.396651	  0.069743	  0.016844	
  0.613651	  0.136419	  0.086037	  0.163893	

URL http://cisbp.ccbr.utoronto.ca/TFreport.php?searchTF=T026507_1.02

MOTIF M0305_1.02 (Creb3l2)_(Mus_musculus)_(DBD_1.00)

letter-probability matrix: alength= 4 w= 9 nsites= 1 E= 0
  0.002475	  0.002475	  0.745050	  0.250000	
  0.250000	  0.623134	  0.001244	  0.125622	
  0.001244	  0.871891	  0.125622	  0.001244	
  0.996269	  0.001244	  0.001244	  0.001244	
  0.001244	  0.996269	  0.001244	  0.001244	
  0.001244	  0.001244	  0.996269	  0.001244	
  0.001244	  0.001244	  0.001244	  0.996269	
  0.001420	  0.143466	  0.853693	  0.001420	
  0.250000	  0.002475	  0.250000	  0.497525	

URL http://cisbp.ccbr.utoronto.ca/TFreport.php?searchTF=T026518_1.02

MOTIF M0306_1.02 (Atf4)_(Mus_musculus)_(DBD_1.00)

letter-probability matrix: alength= 4 w= 13 nsites= 1 E= 0
  0.225953	  0.322141	  0.225953	  0.225953	
  0.275447	  0.272623	  0.179259	  0.272671	
  0.419876	  0.225846	  0.223845	  0.130433	
  0.143666	  0.141617	  0.150860	  0.563858	
  0.117391	  0.119440	  0.152771	  0.610399	
  0.607710	  0.000238	  0.289208	  0.102844	
  0.093650	  0.713348	  0.000238	  0.192764	
  0.190971	  0.093650	  0.522049	  0.193330	
  0.220303	  0.311922	  0.024285	  0.443490	
  0.562908	  0.199722	  0.166391	  0.070979	
  0.345918	  0.317568	  0.119805	  0.216709	
  0.297141	  0.298889	  0.201985	  0.201985	
  0.226211	  0.226211	  0.226211	  0.321368	

URL http://cisbp.ccbr.utoronto.ca/TFreport.php?searchTF=T026531_1.02

MOTIF M0307_1.02 (Crebzf)_(Mus_musculus)_(DBD_1.00)

letter-probability matrix: alength= 4 w= 8 nsites= 1 E= 0
  0.498756	  0.125622	  0.001244	  0.374378	
  0.498756	  0.001244	  0.001244	  0.498756	
  0.996681	  0.001106	  0.001106	  0.001106	
  0.001106	  0.996681	  0.001106	  0.001106	
  0.001106	  0.001106	  0.996681	  0.001106	
  0.001106	  0.001106	  0.001106	  0.996681	
  0.498756	  0.001244	  0.001244	  0.498756	
  0.200397	  0.001984	  0.398810	  0.398810	

URL http://cisbp.ccbr.utoronto.ca/TFreport.php?searchTF=T026533_1.02

MOTIF M0308_1.02 (Mafg)_(Mus_musculus)_(DBD_1.00)

letter-probability matrix: alength= 4 w= 10 nsites= 1 E= 0
  0.210236	  0.241829	  0.402717	  0.145218	
  0.137799	  0.117425	  0.127204	  0.617572	
  0.252961	  0.530191	  0.058747	  0.158101	
  0.595515	  0.084726	  0.143944	  0.175814	
  0.134960	  0.017374	  0.661809	  0.185857	
  0.085670	  0.720903	  0.101545	  0.091882	
  0.538447	  0.049338	  0.259482	  0.152733	
  0.320244	  0.206249	  0.186622	  0.286886	
  0.324774	  0.156512	  0.187379	  0.331335	
  0.306832	  0.191770	  0.155446	  0.345952	

URL http://cisbp.ccbr.utoronto.ca/TFreport.php?searchTF=T026552_1.02

MOTIF M0309_1.02 (Atf7)_(Mus_musculus)_(DBD_1.00)

letter-probability matrix: alength= 4 w= 10 nsites= 1 E= 0
  0.260002	  0.181397	  0.311279	  0.247322	
  0.577516	  0.121357	  0.289668	  0.011459	
  0.000019	  0.055723	  0.000006	  0.944252	
  0.074595	  0.061073	  0.579449	  0.284883	
  0.852748	  0.005980	  0.140958	  0.000313	
  0.000066	  0.834717	  0.000028	  0.165189	
  0.169554	  0.075428	  0.694486	  0.060532	
  0.133120	  0.126628	  0.087466	  0.652787	
  0.371994	  0.440927	  0.102399	  0.084680	
  0.527113	  0.119991	  0.170275	  0.182621	

URL http://cisbp.ccbr.utoronto.ca/TFreport.php?searchTF=T026526_1.02

MOTIF M0310_1.02 (Cebpe)_(Mus_musculus)_(DBD_0.98)

letter-probability matrix: alength= 4 w= 8 nsites= 1 E= 0
  0.013641	  0.013641	  0.013641	  0.959076	
  0.000127	  0.000127	  0.126645	  0.873102	
  0.139297	  0.000127	  0.809843	  0.050734	
  0.025430	  0.873102	  0.012778	  0.088689	
  0.363577	  0.039071	  0.597222	  0.000130	
  0.457025	  0.228584	  0.000143	  0.314249	
  0.693262	  0.193585	  0.000161	  0.112992	
  0.999334	  0.000222	  0.000222	  0.000222	

URL http://cisbp.ccbr.utoronto.ca/TFreport.php?searchTF=T026524_1.02

MOTIF M0313_1.02 (Cebpg)_(Mus_musculus)_(DBD_1.00)

letter-probability matrix: alength= 4 w= 10 nsites= 1 E= 0
  0.231876	  0.201583	  0.288935	  0.277606	
  0.445882	  0.170725	  0.317366	  0.066026	
  0.064153	  0.042152	  0.047053	  0.846642	
  0.027177	  0.055277	  0.142931	  0.774614	
  0.304859	  0.000145	  0.492675	  0.202320	
  0.087581	  0.673554	  0.077678	  0.161187	
  0.302455	  0.164339	  0.376882	  0.156324	
  0.234880	  0.313900	  0.134166	  0.317055	
  0.391736	  0.281628	  0.160869	  0.165768	
  0.466130	  0.183913	  0.171480	  0.178478	

URL http://cisbp.ccbr.utoronto.ca/TFreport.php?searchTF=T026540_1.02

MOTIF M0314_1.02 (Cebpb)_(Mus_musculus)_(DBD_1.00)

letter-probability matrix: alength= 4 w= 10 nsites= 1 E= 0
  0.350536	  0.196264	  0.307804	  0.145396	
  0.100011	  0.098030	  0.099016	  0.702944	
  0.101466	  0.066005	  0.368604	  0.463925	
  0.346959	  0.064664	  0.292717	  0.295659	
  0.127064	  0.413513	  0.120867	  0.338556	
  0.113993	  0.061938	  0.739621	  0.084448	
  0.193829	  0.481535	  0.001853	  0.322782	
  0.884113	  0.076293	  0.035680	  0.003914	
  0.885718	  0.020830	  0.033328	  0.060123	
  0.107508	  0.289329	  0.216495	  0.386668	

URL http://cisbp.ccbr.utoronto.ca/TFreport.php?searchTF=T026546_1.02

MOTIF M0319_1.02 (CREM_RAT)_(Mus_musculus)_(DBD_1.00)

letter-probability matrix: alength= 4 w= 10 nsites= 1 E= 0
  0.183122	  0.183122	  0.270541	  0.363215	
  0.645397	  0.087274	  0.180054	  0.087274	
  0.000184	  0.000184	  0.000184	  0.999448	
  0.000184	  0.000184	  0.724689	  0.274944	
  0.999448	  0.000184	  0.000184	  0.000184	
  0.000184	  0.999448	  0.000184	  0.000184	
  0.000184	  0.000184	  0.999448	  0.000184	
  0.000184	  0.000184	  0.000184	  0.999448	
  0.547966	  0.317911	  0.067062	  0.067062	
  0.511272	  0.162909	  0.162909	  0.162909	

URL http://cisbp.ccbr.utoronto.ca/TFreport.php?searchTF=T026525_1.02

MOTIF M0391_1.02 (Bcl6b)_(Mus_musculus)_(DBD_0.99)

letter-probability matrix: alength= 4 w= 12 nsites= 1 E= 0
  0.225477	  0.225477	  0.225477	  0.323570	
  0.174679	  0.264200	  0.174679	  0.386441	
  0.174679	  0.475962	  0.174679	  0.174679	
  0.231566	  0.046052	  0.136642	  0.585740	
  0.613789	  0.112087	  0.273933	  0.000191	
  0.185997	  0.000191	  0.813622	  0.000191	
  0.702578	  0.000191	  0.297041	  0.000191	
  0.794940	  0.000191	  0.204678	  0.000191	
  0.630781	  0.117305	  0.227200	  0.024714	
  0.373214	  0.075511	  0.475764	  0.075511	
  0.590285	  0.075511	  0.258693	  0.075511	
  0.294700	  0.297022	  0.204139	  0.204139	

URL http://cisbp.ccbr.utoronto.ca/TFreport.php?searchTF=T053438_1.02

MOTIF M0392_1.02 (Sp1)_(Mus_musculus)_(DBD_1.00)

letter-probability matrix: alength= 4 w= 9 nsites= 1 E= 0
  0.249730	  0.075696	  0.598878	  0.075696	
  0.000046	  0.000046	  0.694134	  0.305774	
  0.000046	  0.000046	  0.999863	  0.000046	
  0.000046	  0.084914	  0.914995	  0.000046	
  0.000046	  0.000046	  0.999863	  0.000046	
  0.000046	  0.914995	  0.084914	  0.000046	
  0.000046	  0.000046	  0.999863	  0.000046	
  0.000046	  0.000046	  0.582071	  0.417838	
  0.174350	  0.174350	  0.476951	  0.174350	

URL http://cisbp.ccbr.utoronto.ca/TFreport.php?searchTF=T053361_1.02

MOTIF M0393_1.02 (Glis2)_(Mus_musculus)_(DBD_1.00)

letter-probability matrix: alength= 4 w= 11 nsites= 1 E= 0
  0.296412	  0.201346	  0.300897	  0.201346	
  0.309315	  0.227261	  0.127710	  0.335713	
  0.231420	  0.044907	  0.678767	  0.044907	
  0.365605	  0.000178	  0.634038	  0.000178	
  0.000178	  0.000178	  0.999466	  0.000178	
  0.000178	  0.000178	  0.999466	  0.000178	
  0.000178	  0.000178	  0.999466	  0.000178	
  0.000178	  0.000178	  0.999466	  0.000178	
  0.048833	  0.048833	  0.048833	  0.853502	
  0.238588	  0.516476	  0.122468	  0.122468	
  0.205271	  0.291670	  0.205271	  0.297787	

URL http://cisbp.ccbr.utoronto.ca/TFreport.php?searchTF=T053256_1.02

MOTIF M0394_1.02 (Plagl1)_(Mus_musculus)_(DBD_0.96)

letter-probability matrix: alength= 4 w= 10 nsites= 1 E= 0
  0.265677	  0.200794	  0.302560	  0.230968	
  0.297612	  0.119796	  0.338929	  0.243664	
  0.040482	  0.030595	  0.872049	  0.056874	
  0.226744	  0.011289	  0.752816	  0.009151	
  0.007531	  0.000170	  0.924328	  0.067970	
  0.026305	  0.000980	  0.934251	  0.038465	
  0.084445	  0.553411	  0.203589	  0.158555	
  0.164476	  0.494112	  0.191093	  0.150319	
  0.223285	  0.423455	  0.170451	  0.182810	
  0.249629	  0.327005	  0.214858	  0.208508	

URL http://cisbp.ccbr.utoronto.ca/TFreport.php?searchTF=T053511_1.02

MOTIF M0395_1.02 (Zfp187)_(Mus_musculus)_(DBD_0.99)

letter-probability matrix: alength= 4 w= 8 nsites= 1 E= 0
  0.000093	  0.000093	  0.999721	  0.000093	
  0.185064	  0.000093	  0.259544	  0.555300	
  0.809118	  0.000093	  0.190696	  0.000093	
  0.000093	  0.795572	  0.000093	  0.204242	
  0.198253	  0.107873	  0.081000	  0.612874	
  0.999721	  0.000093	  0.000093	  0.000093	
  0.720654	  0.000093	  0.279160	  0.000093	
  0.000093	  0.000093	  0.279160	  0.720654	

URL http://cisbp.ccbr.utoronto.ca/TFreport.php?searchTF=T053608_1.02

MOTIF M0396_1.02 (Osr2)_(Mus_musculus)_(DBD_1.00)

letter-probability matrix: alength= 4 w= 10 nsites= 1 E= 0
  0.421366	  0.195525	  0.181878	  0.201232	
  0.443805	  0.205154	  0.147552	  0.203489	
  0.163505	  0.668656	  0.069838	  0.098002	
  0.486448	  0.000004	  0.513153	  0.000396	
  0.006671	  0.000189	  0.993136	  0.000004	
  0.203978	  0.028198	  0.090710	  0.677114	
  0.859283	  0.000001	  0.104554	  0.036161	
  0.044236	  0.000000	  0.942389	  0.013374	
  0.034714	  0.675756	  0.116217	  0.173312	
  0.351094	  0.201449	  0.184650	  0.262806	

URL http://cisbp.ccbr.utoronto.ca/TFreport.php?searchTF=T053331_1.02

MOTIF M0397_1.02 (Zfp263)_(Mus_musculus)_(DBD_1.00)

letter-probability matrix: alength= 4 w= 8 nsites= 1 E= 0
  0.150000	  0.150000	  0.600000	  0.100000	
  0.038462	  0.038462	  0.807692	  0.115385	
  0.035714	  0.035714	  0.892857	  0.035714	
  0.892857	  0.035714	  0.035714	  0.035714	
  0.035714	  0.035714	  0.714286	  0.214286	
  0.035714	  0.535714	  0.392857	  0.035714	
  0.892857	  0.035714	  0.035714	  0.035714	
  0.045455	  0.818182	  0.090909	  0.045455	

URL http://cisbp.ccbr.utoronto.ca/TFreport.php?searchTF=T053297_1.02

MOTIF M0398_1.02 (Zscan10)_(Mus_musculus)_(DBD_0.91)

letter-probability matrix: alength= 4 w= 11 nsites= 1 E= 0
  0.302984	  0.232339	  0.232339	  0.232339	
  0.040148	  0.040148	  0.879557	  0.040148	
  0.232382	  0.017611	  0.503545	  0.246461	
  0.510667	  0.000101	  0.489130	  0.000101	
  0.999696	  0.000101	  0.000101	  0.000101	
  0.000101	  0.000101	  0.999696	  0.000101	
  0.000101	  0.000101	  0.000101	  0.999696	
  0.000101	  0.000101	  0.999696	  0.000101	
  0.017763	  0.877019	  0.017763	  0.087456	
  0.370139	  0.209954	  0.209954	  0.209954	
  0.302529	  0.232490	  0.232490	  0.232490	

URL http://cisbp.ccbr.utoronto.ca/TFreport.php?searchTF=T053474_1.02

MOTIF M0401_1.02 (Sp4)_(Mus_musculus)_(DBD_1.00)

letter-probability matrix: alength= 4 w= 9 nsites= 1 E= 0
  0.312927	  0.065625	  0.555822	  0.065625	
  0.000044	  0.000044	  0.599631	  0.400281	
  0.000044	  0.000044	  0.999868	  0.000044	
  0.000044	  0.000044	  0.999868	  0.000044	
  0.000044	  0.000044	  0.999868	  0.000044	
  0.000044	  0.999868	  0.000044	  0.000044	
  0.000044	  0.000044	  0.999868	  0.000044	
  0.000044	  0.000044	  0.579255	  0.420657	
  0.279294	  0.184418	  0.268904	  0.267384	

URL http://cisbp.ccbr.utoronto.ca/TFreport.php?searchTF=T053262_1.02

MOTIF M0404_1.02 (Zfp202)_(Mus_musculus)_(DBD_0.96)

letter-probability matrix: alength= 4 w= 10 nsites= 1 E= 0
  0.285048	  0.209068	  0.226480	  0.279404	
  0.313707	  0.190273	  0.249250	  0.246770	
  0.222819	  0.189874	  0.325825	  0.261481	
  0.170544	  0.190374	  0.411163	  0.227919	
  0.007796	  0.001638	  0.857134	  0.133432	
  0.004399	  0.000062	  0.973967	  0.021572	
  0.005120	  0.000231	  0.873980	  0.120670	
  0.212111	  0.165192	  0.506289	  0.116409	
  0.073646	  0.391221	  0.353992	  0.181141	
  0.406486	  0.225326	  0.236879	  0.131309	

URL http://cisbp.ccbr.utoronto.ca/TFreport.php?searchTF=T053273_1.02

MOTIF M0405_1.02 (Klf7)_(Mus_musculus)_(DBD_1.00)

letter-probability matrix: alength= 4 w= 10 nsites= 1 E= 0
  0.322200	  0.077105	  0.258571	  0.342124	
  0.174850	  0.000229	  0.823801	  0.001121	
  0.000272	  0.000173	  0.999363	  0.000191	
  0.000074	  0.000241	  0.999596	  0.000089	
  0.100743	  0.660217	  0.010304	  0.228736	
  0.015211	  0.000320	  0.974574	  0.009895	
  0.042318	  0.089587	  0.352557	  0.515538	
  0.208085	  0.076550	  0.538047	  0.177318	
  0.167365	  0.115605	  0.497789	  0.219242	
  0.170239	  0.414554	  0.180766	  0.234441	

URL http://cisbp.ccbr.utoronto.ca/TFreport.php?searchTF=T053349_1.02

MOTIF M0408_1.02 (Zkscan1)_(Mus_musculus)_(DBD_1.00)

letter-probability matrix: alength= 4 w= 10 nsites= 1 E= 0
  0.368659	  0.127974	  0.237717	  0.265650	
  0.253090	  0.257619	  0.185858	  0.303434	
  0.201345	  0.206571	  0.334720	  0.257364	
  0.145520	  0.301411	  0.103189	  0.449879	
  0.311749	  0.108333	  0.429663	  0.150255	
  0.150255	  0.429663	  0.108333	  0.311749	
  0.449879	  0.103189	  0.301411	  0.145520	
  0.257364	  0.334720	  0.206571	  0.201345	
  0.303434	  0.185858	  0.257619	  0.253090	
  0.265650	  0.237717	  0.127974	  0.368659	

URL http://cisbp.ccbr.utoronto.ca/TFreport.php?searchTF=T053219_1.02

MOTIF M0415_1.02 (Klf9)_(Mus_musculus)_(DBD_1.00)

letter-probability matrix: alength= 4 w= 8 nsites= 1 E= 0
  0.314286	  0.285714	  0.257143	  0.142857	
  0.018519	  0.018519	  0.018519	  0.944444	
  0.946429	  0.017857	  0.017857	  0.017857	
  0.875000	  0.017857	  0.089286	  0.017857	
  0.017857	  0.946429	  0.017857	  0.017857	
  0.017857	  0.017857	  0.946429	  0.017857	
  0.017857	  0.017857	  0.910714	  0.053571	
  0.200000	  0.225000	  0.200000	  0.375000	

URL http://cisbp.ccbr.utoronto.ca/TFreport.php?searchTF=T053365_1.02

MOTIF M0422_1.02 (Zic5)_(Mus_musculus)_(DBD_0.99)

letter-probability matrix: alength= 4 w= 10 nsites= 1 E= 0
  0.099420	  0.445568	  0.350496	  0.104517	
  0.165680	  0.468744	  0.100490	  0.265087	
  0.353510	  0.011916	  0.594613	  0.039961	
  0.000395	  0.066783	  0.736166	  0.196656	
  0.000102	  0.013897	  0.926755	  0.059245	
  0.132555	  0.042394	  0.663148	  0.161903	
  0.092275	  0.114981	  0.655087	  0.137657	
  0.080950	  0.000229	  0.832002	  0.086820	
  0.000241	  0.253500	  0.164904	  0.581356	
  0.234156	  0.462196	  0.203566	  0.100082	

URL http://cisbp.ccbr.utoronto.ca/TFreport.php?searchTF=T053369_1.02

MOTIF M0423_1.02 (Zfp410)_(Mus_musculus)_(DBD_1.00)

letter-probability matrix: alength= 4 w= 8 nsites= 1 E= 0
  0.001420	  0.001420	  0.001420	  0.995739	
  0.001106	  0.001106	  0.996681	  0.001106	
  0.001106	  0.001106	  0.996681	  0.001106	
  0.001106	  0.001106	  0.996681	  0.001106	
  0.996681	  0.001106	  0.001106	  0.001106	
  0.001106	  0.001106	  0.001106	  0.996681	
  0.250000	  0.001244	  0.747512	  0.001244	
  0.001984	  0.001984	  0.795635	  0.200397	

URL http://cisbp.ccbr.utoronto.ca/TFreport.php?searchTF=T053329_1.02

MOTIF M0424_1.02 (Snai1)_(Mus_musculus)_(DBD_0.99)

letter-probability matrix: alength= 4 w= 10 nsites= 1 E= 0
  0.277274	  0.205410	  0.231599	  0.285718	
  0.260772	  0.211378	  0.215648	  0.312201	
  0.119201	  0.079108	  0.058605	  0.743086	
  0.006837	  0.028857	  0.918136	  0.046171	
  0.862086	  0.000771	  0.084720	  0.052423	
  0.039362	  0.891405	  0.009326	  0.059907	
  0.762638	  0.017936	  0.180690	  0.038737	
  0.164638	  0.133453	  0.461162	  0.240748	
  0.190999	  0.293614	  0.282101	  0.233286	
  0.218148	  0.236317	  0.178604	  0.366931	

URL http://cisbp.ccbr.utoronto.ca/TFreport.php?searchTF=T053321_1.02

MOTIF M0428_1.02 (Znf691)_(Mus_musculus)_(DBD_0.98)

letter-probability matrix: alength= 4 w= 8 nsites= 1 E= 0
  0.516489	  0.100100	  0.283311	  0.100100	
  0.081474	  0.127964	  0.523129	  0.267434	
  0.018955	  0.000094	  0.980856	  0.000094	
  0.971426	  0.009525	  0.018955	  0.000094	
  0.009525	  0.000094	  0.971426	  0.018955	
  0.000095	  0.647468	  0.009615	  0.342822	
  0.791865	  0.188143	  0.000099	  0.019893	
  0.054901	  0.890060	  0.013828	  0.041210	

URL http://cisbp.ccbr.utoronto.ca/TFreport.php?searchTF=T053291_1.02

MOTIF M0429_1.02 (D4A538_RAT)_(Mus_musculus)_(DBD_1.00)

letter-probability matrix: alength= 4 w= 10 nsites= 1 E= 0
  0.274694	  0.220447	  0.216082	  0.288778	
  0.329098	  0.122285	  0.352961	  0.195656	
  0.141888	  0.143314	  0.248400	  0.466398	
  0.105061	  0.013257	  0.753360	  0.128322	
  0.014383	  0.000784	  0.959145	  0.025688	
  0.015348	  0.001106	  0.983368	  0.000177	
  0.024626	  0.000729	  0.966610	  0.008035	
  0.000342	  0.000611	  0.998869	  0.000178	
  0.056015	  0.000306	  0.731883	  0.211796	
  0.072619	  0.111634	  0.642411	  0.173335	

URL http://cisbp.ccbr.utoronto.ca/TFreport.php?searchTF=T053344_1.02

MOTIF M0431_1.02 (Osr1)_(Mus_musculus)_(DBD_1.00)

letter-probability matrix: alength= 4 w= 9 nsites= 1 E= 0
  0.403971	  0.240169	  0.179710	  0.176151	
  0.198142	  0.544020	  0.131497	  0.126341	
  0.492328	  0.000000	  0.507322	  0.000350	
  0.083075	  0.002363	  0.906640	  0.007923	
  0.250624	  0.044432	  0.158215	  0.546729	
  0.796265	  0.000247	  0.170704	  0.032784	
  0.140921	  0.002359	  0.835642	  0.021077	
  0.097198	  0.532058	  0.178887	  0.191857	
  0.295275	  0.246634	  0.218745	  0.239345	

URL http://cisbp.ccbr.utoronto.ca/TFreport.php?searchTF=T053246_1.02

MOTIF M0432_1.02 (Zfp161)_(Mus_musculus)_(DBD_1.00)

letter-probability matrix: alength= 4 w= 9 nsites= 1 E= 0
  0.218335	  0.335636	  0.256218	  0.189811	
  0.281737	  0.194605	  0.347572	  0.176086	
  0.037721	  0.820757	  0.023576	  0.117946	
  0.059238	  0.045221	  0.863991	  0.031550	
  0.137689	  0.500193	  0.106165	  0.255953	
