MEME version 4

ALPHABET= ACGT

strands: + -

Background letter frequencies (from uniform background):
A 0.25000 C 0.25000 G 0.25000 T 0.25000 

MOTIF M1371_1.02 (1089_YHR161C)_(Saccharomyces_cerevisiae)_(DBD_1.00)

letter-probability matrix: alength= 4 w= 8 nsites= 1 E= 0
  0.184434	  0.313341	  0.272406	  0.229819	
  0.166904	  0.310262	  0.332759	  0.190075	
  0.161706	  0.409844	  0.224927	  0.203523	
  0.047620	  0.037459	  0.759948	  0.154973	
  0.773057	  0.106735	  0.083961	  0.036247	
  0.037887	  0.046740	  0.013391	  0.901983	
  0.057125	  0.000068	  0.930060	  0.012746	
  0.138965	  0.312382	  0.362936	  0.185717	

URL http://cisbp.ccbr.utoronto.ca/TFreport.php?searchTF=T125582_1.02

MOTIF M1372_1.02 (746_YFL003C)_(Saccharomyces_cerevisiae)_(DBD_0.97)

letter-probability matrix: alength= 4 w= 8 nsites= 1 E= 0
  0.200199	  0.797809	  0.000996	  0.000996	
  0.000665	  0.000665	  0.998005	  0.000665	
  0.000665	  0.000665	  0.998005	  0.000665	
  0.000665	  0.000665	  0.998005	  0.000665	
  0.000665	  0.000665	  0.000665	  0.998005	
  0.998005	  0.000665	  0.000665	  0.000665	
  0.997863	  0.000712	  0.000712	  0.000712	
  0.001106	  0.664823	  0.111726	  0.222345	

URL http://cisbp.ccbr.utoronto.ca/TFreport.php?searchTF=T125660_1.02

MOTIF M2118_1.02 (7831_YGL237C)_(Saccharomyces_cerevisiae)_(DBD_1.00)

letter-probability matrix: alength= 4 w= 5 nsites= 1 E= 0
  0.000000	  0.000000	  0.000000	  1.000000	
  0.000000	  0.000000	  0.010160	  0.989840	
  0.005578	  0.000000	  0.994422	  0.000000	
  0.000000	  0.000000	  0.998223	  0.001777	
  0.158006	  0.378979	  0.030665	  0.432350	

URL http://cisbp.ccbr.utoronto.ca/TFreport.php?searchTF=T070734_1.02

MOTIF M2128_1.02 (14658_YKL032C)_(Saccharomyces_cerevisiae)_(DBD_0.99)

letter-probability matrix: alength= 4 w= 15 nsites= 1 E= 0
  0.102941	  0.897059	  0.000000	  0.000000	
  0.469194	  0.530806	  0.000000	  0.000000	
  0.000000	  0.979381	  0.000000	  0.020619	
  0.000000	  0.897059	  0.000000	  0.102941	
  0.000000	  0.000000	  1.000000	  0.000000	
  0.000000	  1.000000	  0.000000	  0.000000	
  0.234177	  0.000000	  0.000000	  0.765823	
  0.000000	  0.369792	  0.000000	  0.630208	
  0.158120	  0.722222	  0.000000	  0.119658	
  0.000000	  0.760163	  0.000000	  0.239837	
  0.000000	  0.000000	  0.760163	  0.239837	
  0.022901	  0.000000	  0.870229	  0.106870	
  0.134615	  0.538462	  0.000000	  0.326923	
  0.234177	  0.000000	  0.000000	  0.765823	
  0.000000	  0.000000	  0.000000	  1.000000	

URL http://cisbp.ccbr.utoronto.ca/TFreport.php?searchTF=T147551_1.02

MOTIF M2137_1.02 (11216_YIR017C)_(Saccharomyces_cerevisiae)_(DBD_0.62)

letter-probability matrix: alength= 4 w= 6 nsites= 1 E= 0
  0.000000	  1.000000	  0.000000	  0.000000	
  0.000000	  0.000000	  0.000000	  1.000000	
  0.000000	  0.000000	  1.000000	  0.000000	
  0.000000	  0.000000	  0.000000	  1.000000	
  0.000000	  0.000000	  1.000000	  0.000000	
  0.000000	  0.000000	  1.000000	  0.000000	

URL http://cisbp.ccbr.utoronto.ca/TFreport.php?searchTF=T030348_1.02

MOTIF M4195_1.02 (81_2_YGL100W)_(Saccharomyces_cerevisiae)_(DBD_0.95)

letter-probability matrix: alength= 4 w= 24 nsites= 1 E= 0
  0.241758	  0.202797	  0.188811	  0.366633	
  0.017017	  0.729730	  0.202202	  0.051051	
  0.123000	  0.262000	  0.518000	  0.097000	
  0.055000	  0.329000	  0.500000	  0.116000	
  0.179000	  0.424000	  0.206000	  0.191000	
  0.142000	  0.253000	  0.402000	  0.203000	
  0.199000	  0.462000	  0.138000	  0.201000	
  0.218000	  0.350000	  0.240000	  0.192000	
  0.180000	  0.230000	  0.233000	  0.357000	
  0.116000	  0.179000	  0.160000	  0.545000	
  0.130000	  0.511000	  0.183000	  0.176000	
  0.131000	  0.219000	  0.108000	  0.542000	
  0.082000	  0.474000	  0.192000	  0.252000	
  0.150000	  0.202000	  0.397000	  0.251000	
  0.119119	  0.436436	  0.133133	  0.311311	
  0.158841	  0.369630	  0.356643	  0.114885	
  0.275275	  0.289289	  0.224224	  0.211211	
  0.223000	  0.178000	  0.390000	  0.209000	
  0.097097	  0.404404	  0.345345	  0.153153	
  0.360360	  0.178178	  0.203203	  0.258258	
  0.057000	  0.699000	  0.210000	  0.034000	
  0.066066	  0.778779	  0.060060	  0.095095	
  0.065000	  0.081000	  0.813000	  0.041000	
  0.402000	  0.286000	  0.156000	  0.156000	

URL http://cisbp.ccbr.utoronto.ca/TFreport.php?searchTF=T164920_1.02

MOTIF M4199_1.02 (1266_YBL103C)_(Saccharomyces_cerevisiae)_(DBD_0.98)

letter-probability matrix: alength= 4 w= 11 nsites= 1 E= 0
  0.184000	  0.252000	  0.295000	  0.269000	
  0.535000	  0.090000	  0.247000	  0.128000	
  0.033000	  0.039000	  0.040000	  0.888000	
  0.047047	  0.219219	  0.584585	  0.149149	
  0.809191	  0.092907	  0.039960	  0.057942	
  0.005005	  0.969970	  0.003003	  0.022022	
  0.040000	  0.067000	  0.156000	  0.737000	
  0.055000	  0.780000	  0.102000	  0.063000	
  0.525000	  0.102000	  0.159000	  0.214000	
  0.021000	  0.275000	  0.123000	  0.581000	
  0.206000	  0.356000	  0.143000	  0.295000	

URL http://cisbp.ccbr.utoronto.ca/TFreport.php?searchTF=T020782_1.02

MOTIF M4202_1.02 (666_YBR033W)_(Saccharomyces_cerevisiae)_(DBD_0.76)

letter-probability matrix: alength= 4 w= 9 nsites= 1 E= 0
  0.535714	  0.107143	  0.202381	  0.154762	
  0.154762	  0.011905	  0.011905	  0.821429	
  0.000000	  0.000000	  0.000000	  1.000000	
  0.190476	  0.095238	  0.238095	  0.476190	
  0.238095	  0.000000	  0.000000	  0.761905	
  0.000000	  0.000000	  0.000000	  1.000000	
  0.000000	  1.000000	  0.000000	  0.000000	
  0.000000	  1.000000	  0.000000	  0.000000	
  0.190476	  0.142857	  0.523810	  0.142857	

URL http://cisbp.ccbr.utoronto.ca/TFreport.php?searchTF=T164906_1.02

MOTIF M4204_1.02 (832_)_(Saccharomyces_cerevisiae)_(DBD_1.00)

letter-probability matrix: alength= 4 w= 8 nsites= 1 E= 0
  0.381219	  0.372382	  0.051597	  0.194802	
  0.816599	  0.028502	  0.154083	  0.000817	
  0.000985	  0.001395	  0.985099	  0.012520	
  0.000997	  0.000997	  0.997009	  0.000997	
  0.002465	  0.000996	  0.995544	  0.000996	
  0.204414	  0.065490	  0.079540	  0.650555	
  0.137896	  0.624717	  0.000625	  0.236763	
  0.000345	  0.381015	  0.344576	  0.274064	

URL http://cisbp.ccbr.utoronto.ca/TFreport.php?searchTF=T067334_1.02

MOTIF M4205_1.02 (938_)_(Saccharomyces_cerevisiae)_(DBD_0.82)

letter-probability matrix: alength= 4 w= 20 nsites= 1 E= 0
  0.290310	  0.302434	  0.130368	  0.276889	
  0.369507	  0.263876	  0.138415	  0.228201	
  0.415587	  0.202985	  0.166543	  0.214884	
  0.194335	  0.353620	  0.187605	  0.264440	
  0.160117	  0.430781	  0.198437	  0.210664	
  0.500105	  0.218635	  0.073431	  0.207829	
  0.753885	  0.009890	  0.225485	  0.010740	
  0.079572	  0.917028	  0.002496	  0.000904	
  0.963133	  0.000654	  0.034699	  0.001513	
  0.013734	  0.000968	  0.000818	  0.984480	
  0.049433	  0.000431	  0.001742	  0.948394	
  0.000344	  0.980815	  0.007453	  0.011388	
  0.001567	  0.482371	  0.008104	  0.507957	
  0.007707	  0.399204	  0.012811	  0.580278	
  0.143921	  0.163986	  0.563246	  0.128847	
  0.437248	  0.161840	  0.140605	  0.260307	
  0.158298	  0.314342	  0.189815	  0.337544	
  0.341058	  0.317231	  0.197115	  0.144596	
  0.230695	  0.262203	  0.194825	  0.312277	
  0.362377	  0.249556	  0.233846	  0.154221	

URL http://cisbp.ccbr.utoronto.ca/TFreport.php?searchTF=T151899_1.02

MOTIF M4207_1.02 (1758_YLR377C)_(Saccharomyces_cerevisiae)_(DBD_0.93)

letter-probability matrix: alength= 4 w= 8 nsites= 1 E= 0
  0.083333	  0.750000	  0.083333	  0.083333	
  0.000000	  0.000000	  1.000000	  0.000000	
  0.000000	  0.000000	  1.000000	  0.000000	
  0.533333	  0.133333	  0.133333	  0.200000	
  0.083333	  0.083333	  0.083333	  0.750000	
  0.016667	  0.950000	  0.016667	  0.016667	
  0.033333	  0.900000	  0.033333	  0.033333	
  0.050000	  0.050000	  0.783333	  0.116667	

URL http://cisbp.ccbr.utoronto.ca/TFreport.php?searchTF=T164831_1.02

MOTIF M4208_1.02 (1645_YBR182C)_(Saccharomyces_cerevisiae)_(DBD_0.98)

letter-probability matrix: alength= 4 w= 21 nsites= 1 E= 0
  0.261529	  0.229270	  0.172952	  0.336249	
  0.168474	  0.201074	  0.381034	  0.249418	
  0.097684	  0.455860	  0.290116	  0.156340	
  0.269202	  0.101553	  0.104155	  0.525089	
  0.279409	  0.271500	  0.275034	  0.174056	
  0.393314	  0.146775	  0.262911	  0.196999	
  0.130193	  0.147261	  0.085376	  0.637170	
  0.402545	  0.060597	  0.041016	  0.495841	
  0.097427	  0.234068	  0.033912	  0.634593	
  0.750868	  0.125165	  0.046003	  0.077965	
  0.865617	  0.018378	  0.018798	  0.097207	
  0.097207	  0.018798	  0.018378	  0.865617	
  0.077965	  0.046003	  0.125165	  0.750868	
  0.634593	  0.033912	  0.234068	  0.097427	
  0.350237	  0.112232	  0.128639	  0.408892	
  0.637170	  0.085376	  0.147261	  0.130193	
  0.149412	  0.047445	  0.623403	  0.179740	
  0.201987	  0.158587	  0.554009	  0.085417	
  0.196195	  0.137159	  0.097629	  0.569017	
  0.356039	  0.265821	  0.188299	  0.189841	
  0.409458	  0.235182	  0.244325	  0.111035	

URL http://cisbp.ccbr.utoronto.ca/TFreport.php?searchTF=T112815_1.02

MOTIF M4209_1.02 (2111_Multiple)_(Saccharomyces_cerevisiae)_(DBD_1.00)

letter-probability matrix: alength= 4 w= 8 nsites= 1 E= 0
  0.279412	  0.044118	  0.632353	  0.044118	
  0.000000	  0.000000	  0.000000	  1.000000	
  0.000000	  0.000000	  0.000000	  1.000000	
  0.000000	  1.000000	  0.000000	  0.000000	
  0.000000	  1.000000	  0.000000	  0.000000	
  0.000000	  0.000000	  1.000000	  0.000000	
  0.411765	  0.058824	  0.470588	  0.058824	
  0.161765	  0.220588	  0.102941	  0.514706	

URL http://cisbp.ccbr.utoronto.ca/TFreport.php?searchTF=T164852_1.02

MOTIF M4210_1.02 (2117_YBR240C)_(Saccharomyces_cerevisiae)_(DBD_0.97)

letter-probability matrix: alength= 4 w= 20 nsites= 1 E= 0
  0.178000	  0.276000	  0.381000	  0.165000	
  0.164000	  0.659000	  0.046000	  0.131000	
  0.146853	  0.153846	  0.568432	  0.130869	
  0.071000	  0.135000	  0.613000	  0.181000	
  0.321321	  0.160160	  0.359359	  0.159159	
  0.180000	  0.222000	  0.148000	  0.450000	
  0.155000	  0.233000	  0.276000	  0.336000	
  0.111000	  0.185000	  0.298000	  0.406000	
  0.188000	  0.213000	  0.188000	  0.411000	
  0.160000	  0.200000	  0.265000	  0.375000	
  0.106106	  0.224224	  0.198198	  0.471471	
  0.092092	  0.144144	  0.496496	  0.267267	
  0.241241	  0.243243	  0.311311	  0.204204	
  0.370000	  0.184000	  0.291000	  0.155000	
  0.149000	  0.465000	  0.167000	  0.219000	
  0.242000	  0.208000	  0.300000	  0.250000	
  0.121000	  0.747000	  0.058000	  0.074000	
  0.089089	  0.726727	  0.076076	  0.108108	
  0.014000	  0.042000	  0.878000	  0.066000	
  0.205000	  0.242000	  0.098000	  0.455000	

URL http://cisbp.ccbr.utoronto.ca/TFreport.php?searchTF=T164853_1.02

MOTIF M4214_1.02 (2668_Multiple)_(Saccharomyces_cerevisiae)_(DBD_0.86)

letter-probability matrix: alength= 4 w= 8 nsites= 1 E= 0
  0.660645	  0.085930	  0.193842	  0.059583	
  0.061909	  0.017162	  0.903905	  0.017024	
  0.974138	  0.000000	  0.000000	  0.025862	
  0.129310	  0.000000	  0.017241	  0.853449	
  0.002351	  0.993524	  0.001997	  0.002128	
  0.043880	  0.187352	  0.029952	  0.738816	
  0.463939	  0.295011	  0.127507	  0.113544	
  0.244492	  0.415463	  0.175430	  0.164615	

URL http://cisbp.ccbr.utoronto.ca/TFreport.php?searchTF=T086043_1.02

MOTIF M4215_1.02 (2768_YCR039C)_(Saccharomyces_cerevisiae)_(DBD_1.00)

letter-probability matrix: alength= 4 w= 6 nsites= 1 E= 0
  0.850802	  0.000851	  0.007866	  0.140481	
  0.007801	  0.872161	  0.000872	  0.119166	
  0.820398	  0.007379	  0.142768	  0.029455	
  0.000600	  0.387667	  0.011548	  0.600185	
  0.205170	  0.000729	  0.728775	  0.065326	
  0.354082	  0.248861	  0.035063	  0.361993	

URL http://cisbp.ccbr.utoronto.ca/TFreport.php?searchTF=T102762_1.02

MOTIF M4216_1.02 (2770_Multiple)_(Saccharomyces_cerevisiae)_(DBD_0.81)

letter-probability matrix: alength= 4 w= 22 nsites= 1 E= 0
  0.166667	  0.166667	  0.166667	  0.500000	
  0.000000	  0.000000	  0.000000	  1.000000	
  0.000000	  0.000000	  0.000000	  1.000000	
  0.000000	  1.000000	  0.000000	  0.000000	
  0.166667	  0.500000	  0.166667	  0.166667	
  0.000000	  0.000000	  0.000000	  1.000000	
  0.500000	  0.166667	  0.166667	  0.166667	
  1.000000	  0.000000	  0.000000	  0.000000	
  0.000000	  0.000000	  0.000000	  1.000000	
  0.000000	  0.000000	  0.000000	  1.000000	
  0.500000	  0.166667	  0.166667	  0.166667	
  0.000000	  0.000000	  1.000000	  0.000000	
  0.166667	  0.166667	  0.166667	  0.500000	
  0.250000	  0.250000	  0.250000	  0.250000	
  0.166667	  0.500000	  0.166667	  0.166667	
  0.500000	  0.166667	  0.166667	  0.166667	
  0.166667	  0.166667	  0.166667	  0.500000	
  0.000000	  1.000000	  0.000000	  0.000000	
  1.000000	  0.000000	  0.000000	  0.000000	
  1.000000	  0.000000	  0.000000	  0.000000	
  0.000000	  0.000000	  0.000000	  1.000000	
  0.166667	  0.166667	  0.500000	  0.166667	

URL http://cisbp.ccbr.utoronto.ca/TFreport.php?searchTF=T113329_1.02

MOTIF M4217_1.02 (2876_YCR065W)_(Saccharomyces_cerevisiae)_(DBD_0.96)

letter-probability matrix: alength= 4 w= 8 nsites= 1 E= 0
  0.513075	  0.160895	  0.248858	  0.077172	
  0.272549	  0.076780	  0.041351	  0.609320	
  0.670106	  0.315845	  0.006581	  0.007468	
  0.946809	  0.053191	  0.000000	  0.000000	
  1.000000	  0.000000	  0.000000	  0.000000	
  0.007021	  0.855953	  0.004388	  0.132638	
  0.950104	  0.017114	  0.015356	  0.017426	
  0.580308	  0.170674	  0.108697	  0.140321	

URL http://cisbp.ccbr.utoronto.ca/TFreport.php?searchTF=T083402_1.02

MOTIF M4218_1.02 (2986_YCR096C)_(Saccharomyces_cerevisiae)_(DBD_1.00)

letter-probability matrix: alength= 4 w= 8 nsites= 1 E= 0
  0.062500	  0.669643	  0.062500	  0.205357	
  0.535714	  0.000000	  0.464286	  0.000000	
  0.035714	  0.000000	  0.000000	  0.964286	
  0.000000	  0.000000	  1.000000	  0.000000	
  0.000000	  0.000000	  0.000000	  1.000000	
  0.928571	  0.000000	  0.000000	  0.071429	
  0.875000	  0.017857	  0.017857	  0.089286	
  0.401786	  0.080357	  0.080357	  0.437500	

URL http://cisbp.ccbr.utoronto.ca/TFreport.php?searchTF=T102765_1.02

MOTIF M4220_1.02 (603_YDL002C)_(Saccharomyces_cerevisiae)_(DBD_0.98)

letter-probability matrix: alength= 4 w= 8 nsites= 1 E= 0
  0.075000	  0.175000	  0.075000	  0.675000	
  0.000000	  1.000000	  0.000000	  0.000000	
  0.000000	  1.000000	  0.000000	  0.000000	
  0.000000	  1.000000	  0.000000	  0.000000	
  0.000000	  1.000000	  0.000000	  0.000000	
  0.000000	  0.000000	  1.000000	  0.000000	
  0.075000	  0.075000	  0.775000	  0.075000	
  0.100000	  0.600000	  0.100000	  0.200000	

URL http://cisbp.ccbr.utoronto.ca/TFreport.php?searchTF=T147578_1.02

MOTIF M4225_1.02 (3364_YDL170W)_(Saccharomyces_cerevisiae)_(DBD_0.90)

letter-probability matrix: alength= 4 w= 8 nsites= 1 E= 0
  0.104167	  0.020833	  0.020833	  0.854167	
  0.020833	  0.687500	  0.270833	  0.020833	
  0.000000	  1.000000	  0.000000	  0.000000	
  0.000000	  1.000000	  0.000000	  0.000000	
  0.000000	  0.000000	  1.000000	  0.000000	
  0.000000	  1.000000	  0.000000	  0.000000	
  0.041667	  0.625000	  0.291667	  0.041667	
  0.187500	  0.270833	  0.437500	  0.104167	

URL http://cisbp.ccbr.utoronto.ca/TFreport.php?searchTF=T164885_1.02

MOTIF M4228_1.02 (21342_YDR034C)_(Saccharomyces_cerevisiae)_(DBD_0.97)

letter-probability matrix: alength= 4 w= 15 nsites= 1 E= 0
  0.600000	  0.000000	  0.000000	  0.400000	
  0.600000	  0.000000	  0.000000	  0.400000	
  0.000000	  0.000000	  0.000000	  1.000000	
  0.100000	  0.000000	  0.100000	  0.800000	
  0.000000	  1.000000	  0.000000	  0.000000	
  0.000000	  1.000000	  0.000000	  0.000000	
  0.400000	  0.100000	  0.500000	  0.000000	
  0.200000	  0.300000	  0.400000	  0.100000	
  0.100000	  0.600000	  0.000000	  0.300000	
  0.000000	  0.000000	  1.000000	  0.000000	
  0.000000	  0.000000	  1.000000	  0.000000	
  0.600000	  0.100000	  0.200000	  0.100000	
  0.900000	  0.000000	  0.000000	  0.100000	
  0.300000	  0.000000	  0.100000	  0.600000	
  0.200000	  0.200000	  0.000000	  0.600000	

URL http://cisbp.ccbr.utoronto.ca/TFreport.php?searchTF=T164855_1.02

MOTIF M4230_1.02 (21303_YDR043C)_(Saccharomyces_cerevisiae)_(DBD_1.00)

letter-probability matrix: alength= 4 w= 7 nsites= 1 E= 0
  0.732659	  0.061211	  0.139365	  0.066764	
  0.008657	  0.003863	  0.980637	  0.006844	
  0.025744	  0.009533	  0.960008	  0.004715	
  0.028381	  0.009908	  0.935487	  0.026224	
  0.105717	  0.019929	  0.004239	  0.870115	
  0.059933	  0.803422	  0.034584	  0.102061	
  0.018447	  0.683620	  0.041876	  0.256057	

URL http://cisbp.ccbr.utoronto.ca/TFreport.php?searchTF=T067253_1.02

MOTIF M4233_1.02 (4347_Multiple)_(Saccharomyces_cerevisiae)_(DBD_1.00)

letter-probability matrix: alength= 4 w= 9 nsites= 1 E= 0
  0.300733	  0.183374	  0.193154	  0.322738	
  0.273839	  0.156479	  0.110024	  0.459658	
  0.317848	  0.151589	  0.044010	  0.486553	
  1.000000	  0.000000	  0.000000	  0.000000	
  0.127139	  0.000000	  0.872861	  0.000000	
  0.000000	  0.000000	  1.000000	  0.000000	
  0.000000	  0.000000	  1.000000	  0.000000	
  0.029340	  0.000000	  0.970660	  0.000000	
  0.251834	  0.124694	  0.215159	  0.408313	

URL http://cisbp.ccbr.utoronto.ca/TFreport.php?searchTF=T067309_1.02

MOTIF M4235_1.02 (4131_Multiple)_(Saccharomyces_cerevisiae)_(DBD_0.96)

letter-probability matrix: alength= 4 w= 8 nsites= 1 E= 0
  0.076923	  0.076923	  0.230769	  0.615385	
  0.000000	  0.000000	  1.000000	  0.000000	
  0.000000	  1.000000	  0.000000	  0.000000	
  0.000000	  0.000000	  0.000000	  1.000000	
  0.000000	  0.000000	  1.000000	  0.000000	
  0.000000	  0.000000	  1.000000	  0.000000	
  0.038462	  0.038462	  0.269231	  0.653846	
  0.250000	  0.250000	  0.096154	  0.403846	

URL http://cisbp.ccbr.utoronto.ca/TFreport.php?searchTF=T067307_1.02

MOTIF M4237_1.02 (4486_YDR207C)_(Saccharomyces_cerevisiae)_(DBD_0.97)

letter-probability matrix: alength= 4 w= 9 nsites= 1 E= 0
  0.125000	  0.187500	  0.125000	  0.562500	
  0.421875	  0.046875	  0.109375	  0.421875	
  0.390625	  0.078125	  0.515625	  0.015625	
  0.000000	  0.812500	  0.187500	  0.000000	
  0.000000	  1.000000	  0.000000	  0.000000	
  0.000000	  0.000000	  1.000000	  0.000000	
  0.000000	  1.000000	  0.000000	  0.000000	
  0.031250	  0.218750	  0.656250	  0.093750	
  0.187500	  0.187500	  0.437500	  0.187500	

URL http://cisbp.ccbr.utoronto.ca/TFreport.php?searchTF=T164890_1.02

MOTIF M4238_1.02 (4515_Multiple)_(Saccharomyces_cerevisiae)_(DBD_0.95)

letter-probability matrix: alength= 4 w= 7 nsites= 1 E= 0
  0.156931	  0.252915	  0.194150	  0.396005	
  0.593216	  0.027584	  0.289317	  0.089883	
  0.378413	  0.003065	  0.002980	  0.615542	
  1.000000	  0.000000	  0.000000	  0.000000	
  0.000000	  1.000000	  0.000000	  0.000000	
  0.005119	  0.004597	  0.985720	  0.004564	
  0.828454	  0.049279	  0.085756	  0.036511	

URL http://cisbp.ccbr.utoronto.ca/TFreport.php?searchTF=T164892_1.02

MOTIF M4239_1.02 (4528_Multiple)_(Saccharomyces_cerevisiae)_(DBD_1.00)

letter-probability matrix: alength= 4 w= 7 nsites= 1 E= 0
  0.093123	  0.059999	  0.505577	  0.341301	
  0.095242	  0.202811	  0.059809	  0.642138	
  0.000000	  0.000000	  1.000000	  0.000000	
  0.000000	  0.000000	  1.000000	  0.000000	
  0.146597	  0.000000	  0.853403	  0.000000	
  0.001114	  0.001304	  0.996309	  0.001273	
  0.221005	  0.130670	  0.241650	  0.406675	

URL http://cisbp.ccbr.utoronto.ca/TFreport.php?searchTF=T067310_1.02

MOTIF M4241_1.02 (4720_YDR259C)_(Saccharomyces_cerevisiae)_(DBD_0.94)

letter-probability matrix: alength= 4 w= 8 nsites= 1 E= 0
  0.146777	  0.036713	  0.155980	  0.660531	
  0.000000	  0.036697	  0.000000	  0.963303	
  0.972469	  0.000000	  0.018357	  0.009174	
  0.000000	  0.944956	  0.009178	  0.045867	
  0.660523	  0.000000	  0.311956	  0.027521	
  0.009171	  0.027527	  0.009175	  0.954127	
  0.779810	  0.055052	  0.045877	  0.119261	
  0.605564	  0.155942	  0.055057	  0.183436	

URL http://cisbp.ccbr.utoronto.ca/TFreport.php?searchTF=T030401_1.02

MOTIF M4243_1.02 (4894_YDR303C)_(Saccharomyces_cerevisiae)_(DBD_1.00)

letter-probability matrix: alength= 4 w= 7 nsites= 1 E= 0
  0.176573	  0.337413	  0.260490	  0.225524	
  0.141608	  0.365385	  0.302448	  0.190559	
  0.204545	  0.183566	  0.547203	  0.064685	
  0.001748	  0.994755	  0.001748	  0.001748	
  0.001748	  0.001748	  0.994755	  0.001748	
  0.001748	  0.994755	  0.001748	  0.001748	
  0.036713	  0.050699	  0.910839	  0.001748	

URL http://cisbp.ccbr.utoronto.ca/TFreport.php?searchTF=T164897_1.02

MOTIF M4251_1.02 (5532_YDR451C)_(Saccharomyces_cerevisiae)_(DBD_0.95)

letter-probability matrix: alength= 4 w= 8 nsites= 1 E= 0
  0.428571	  0.142857	  0.000000	  0.428571	
  0.142857	  0.178571	  0.392857	  0.285714	
  0.178571	  0.035714	  0.107143	  0.678571	
  0.857143	  0.000000	  0.035714	  0.107143	
  0.857143	  0.000000	  0.107143	  0.035714	
  0.000000	  0.000000	  0.035714	  0.964286	
  0.071429	  0.000000	  0.142857	  0.785714	
  0.535714	  0.071429	  0.392857	  0.000000	

URL http://cisbp.ccbr.utoronto.ca/TFreport.php?searchTF=T102770_1.02

MOTIF M4252_1.02 (5582_YDR463W)_(Saccharomyces_cerevisiae)_(DBD_1.00)

letter-probability matrix: alength= 4 w= 8 nsites= 1 E= 0
  0.043475	  0.304405	  0.130404	  0.521715	
  0.304335	  0.000000	  0.695665	  0.000000	
  0.000000	  1.000000	  0.000000	  0.000000	
  0.000000	  0.000000	  0.956530	  0.043470	
  0.086934	  0.000000	  0.913066	  0.000000	
  0.000000	  1.000000	  0.000000	  0.000000	
  0.043480	  0.000000	  0.434743	  0.521777	
  0.043483	  0.347798	  0.260856	  0.347863	

URL http://cisbp.ccbr.utoronto.ca/TFreport.php?searchTF=T067317_1.02

MOTIF M4254_1.02 (5824_YDR520C)_(Saccharomyces_cerevisiae)_(DBD_0.98)

letter-probability matrix: alength= 4 w= 10 nsites= 1 E= 0
  0.319853	  0.148284	  0.167892	  0.363971	
  0.001225	  0.001225	  0.060049	  0.937500	
  0.854167	  0.001225	  0.001225	  0.143382	
  0.432598	  0.001225	  0.001225	  0.564951	
  0.138480	  0.462010	  0.172794	  0.226716	
  0.001225	  0.167892	  0.094363	  0.736520	
  0.001225	  0.996324	  0.001225	  0.001225	
  0.001225	  0.996324	  0.001225	  0.001225	
  0.001225	  0.001225	  0.996324	  0.001225	
  0.265931	  0.109069	  0.378676	  0.246324	

URL http://cisbp.ccbr.utoronto.ca/TFreport.php?searchTF=T164904_1.02

MOTIF M4255_1.02 (6511_YEL009C)_(Saccharomyces_cerevisiae)_(DBD_0.97)

letter-probability matrix: alength= 4 w= 8 nsites= 1 E= 0
  0.538827	  0.103527	  0.357108	  0.000539	
  0.000997	  0.000997	  0.000997	  0.997009	
  0.000972	  0.000972	  0.972361	  0.025695	
  0.997009	  0.000997	  0.000997	  0.000997	
  0.000719	  0.719011	  0.275700	  0.004570	
  0.091972	  0.022445	  0.000885	  0.884699	
  0.105908	  0.888764	  0.000889	  0.004440	
  0.810068	  0.023153	  0.106526	  0.060253	

URL http://cisbp.ccbr.utoronto.ca/TFreport.php?searchTF=T030409_1.02

MOTIF M4256_1.02 (6354_YER028C)_(Saccharomyces_cerevisiae)_(DBD_0.85)

letter-probability matrix: alength= 4 w= 7 nsites= 1 E= 0
  0.142406	  0.230826	  0.221607	  0.405160	
  0.090188	  0.165111	  0.690994	  0.053707	
  0.013951	  0.552753	  0.020831	  0.412465	
  0.000000	  0.000000	  1.000000	  0.000000	
  0.000000	  0.000000	  1.000000	  0.000000	
  0.060345	  0.000000	  0.939655	  0.000000	
  0.006976	  0.009135	  0.975932	  0.007957	

URL http://cisbp.ccbr.utoronto.ca/TFreport.php?searchTF=T067321_1.02

MOTIF M4257_1.02 (6302_YER040W)_(Saccharomyces_cerevisiae)_(DBD_1.00)

letter-probability matrix: alength= 4 w= 5 nsites= 1 E= 0
  0.000454	  0.000454	  0.998639	  0.000454	
  0.998639	  0.000454	  0.000454	  0.000454	
  0.000454	  0.000454	  0.000454	  0.998639	
  0.742740	  0.000454	  0.000454	  0.256352	
  0.613884	  0.000454	  0.269056	  0.116606	

URL http://cisbp.ccbr.utoronto.ca/TFreport.php?searchTF=T086046_1.02

MOTIF M4258_1.02 (6282_YER045C)_(Saccharomyces_cerevisiae)_(DBD_0.92)

letter-probability matrix: alength= 4 w= 8 nsites= 1 E= 0
  0.000000	  0.000000	  0.000000	  1.000000	
  0.000000	  0.000000	  0.666667	  0.333333	
  1.000000	  0.000000	  0.000000	  0.000000	
  0.000000	  1.000000	  0.000000	  0.000000	
  0.000000	  0.000000	  1.000000	  0.000000	
  0.000000	  0.000000	  0.000000	  1.000000	
  0.666667	  0.333333	  0.000000	  0.000000	
  1.000000	  0.000000	  0.000000	  0.000000	

URL http://cisbp.ccbr.utoronto.ca/TFreport.php?searchTF=T030408_1.02

MOTIF M4262_1.02 (6919_YER088C)_(Saccharomyces_cerevisiae)_(DBD_1.00)

letter-probability matrix: alength= 4 w= 21 nsites= 1 E= 0
  0.462263	  0.202929	  0.149311	  0.185498	
  0.290928	  0.183845	  0.371599	  0.153628	
  0.192039	  0.208726	  0.435699	  0.163536	
  0.441559	  0.072002	  0.298287	  0.188153	
  0.202524	  0.252107	  0.265192	  0.280176	
  0.022830	  0.177568	  0.575758	  0.223844	
  0.078296	  0.876172	  0.009336	  0.036196	
  0.028924	  0.001330	  0.968835	  0.000910	
  0.969672	  0.027763	  0.000889	  0.001676	
  0.025509	  0.001352	  0.000614	  0.972526	
  0.002967	  0.004978	  0.990720	  0.001336	
  0.858305	  0.083356	  0.052292	  0.006046	
  0.003229	  0.197676	  0.770071	  0.029024	
  0.107392	  0.392358	  0.420594	  0.079656	
  0.285422	  0.138431	  0.059725	  0.516422	
  0.232053	  0.145553	  0.480552	  0.141841	
  0.273927	  0.400493	  0.085783	  0.239797	
  0.351407	  0.268092	  0.249399	  0.131102	
  0.287739	  0.223748	  0.332067	  0.156446	
  0.289536	  0.266069	  0.250238	  0.194157	
  0.354280	  0.231491	  0.135779	  0.278449	

URL http://cisbp.ccbr.utoronto.ca/TFreport.php?searchTF=T125656_1.02

MOTIF M4264_1.02 (6809_YER111C)_(Saccharomyces_cerevisiae)_(DBD_0.97)

letter-probability matrix: alength= 4 w= 8 nsites= 1 E= 0
  0.615385	  0.076923	  0.153846	  0.153846	
  0.000000	  1.000000	  0.000000	  0.000000	
  0.153846	  0.000000	  0.846154	  0.000000	
  0.000000	  1.000000	  0.000000	  0.000000	
  0.000000	  0.000000	  1.000000	  0.000000	
  1.000000	  0.000000	  0.000000	  0.000000	
  0.942308	  0.019231	  0.019231	  0.019231	
  0.615385	  0.076923	  0.076923	  0.230769	

URL http://cisbp.ccbr.utoronto.ca/TFreport.php?searchTF=T006881_1.02

MOTIF M4265_1.02 (6723_YER130C)_(Saccharomyces_cerevisiae)_(DBD_1.00)

letter-probability matrix: alength= 4 w= 9 nsites= 1 E= 0
  0.336788	  0.051813	  0.290155	  0.321244	
  0.751296	  0.036269	  0.000000	  0.212435	
  0.316062	  0.082902	  0.000000	  0.601036	
  1.000000	  0.000000	  0.000000	  0.000000	
  0.000000	  0.000000	  1.000000	  0.000000	
  0.000000	  0.000000	  1.000000	  0.000000	
  0.088083	  0.000000	  0.911917	  0.000000	
  0.020725	  0.005181	  0.974094	  0.000000	
  0.129534	  0.233161	  0.290155	  0.347150	

URL http://cisbp.ccbr.utoronto.ca/TFreport.php?searchTF=T067324_1.02

MOTIF M4266_1.02 (6631_YER148W)_(Saccharomyces_cerevisiae)_(DBD_1.00)

letter-probability matrix: alength= 4 w= 21 nsites= 1 E= 0
  0.277896	  0.250994	  0.386874	  0.084236	
  0.337701	  0.191203	  0.147499	  0.323596	
  0.253161	  0.345476	  0.088062	  0.313301	
  0.160289	  0.200315	  0.154575	  0.484821	
  0.545495	  0.139664	  0.154641	  0.160199	
  0.115326	  0.098646	  0.701617	  0.084410	
  0.287085	  0.198825	  0.266325	  0.247765	
  0.332186	  0.110816	  0.027332	  0.529666	
  0.907072	  0.007916	  0.025927	  0.059085	
  0.012689	  0.007855	  0.023849	  0.955608	
  0.981186	  0.002417	  0.004390	  0.012006	
  0.038291	  0.001865	  0.005177	  0.954667	
  0.970929	  0.002253	  0.006019	  0.020798	
  0.044741	  0.004462	  0.003313	  0.947483	
  0.883835	  0.010075	  0.024913	  0.081177	
  0.186324	  0.062165	  0.094376	  0.657135	
  0.264806	  0.122748	  0.129197	  0.483248	
  0.137280	  0.380802	  0.369687	  0.112231	
  0.266096	  0.228247	  0.383999	  0.121658	
  0.350006	  0.176397	  0.172576	  0.301021	
  0.248908	  0.193837	  0.270884	  0.286371	

URL http://cisbp.ccbr.utoronto.ca/TFreport.php?searchTF=T150921_1.02

MOTIF M4268_1.02 (7085_YER169W)_(Saccharomyces_cerevisiae)_(DBD_0.98)

letter-probability matrix: alength= 4 w= 8 nsites= 1 E= 0
  0.125000	  0.069444	  0.069444	  0.736111	
  0.291667	  0.069444	  0.013889	  0.625000	
  1.000000	  0.000000	  0.000000	  0.000000	
  0.000000	  0.000000	  1.000000	  0.000000	
  0.000000	  0.000000	  1.000000	  0.000000	
  0.000000	  0.000000	  1.000000	  0.000000	
  0.000000	  0.000000	  1.000000	  0.000000	
  0.194444	  0.138889	  0.138889	  0.527778	

URL http://cisbp.ccbr.utoronto.ca/TFreport.php?searchTF=T067328_1.02

MOTIF M4271_1.02 (7290_YFL031W)_(Saccharomyces_cerevisiae)_(DBD_0.81)

letter-probability matrix: alength= 4 w= 12 nsites= 1 E= 0
  0.515737	  0.048552	  0.135243	  0.300467	
  0.202883	  0.055139	  0.546926	  0.195052	
  0.100050	  0.000885	  0.884810	  0.014255	
  0.739152	  0.243117	  0.000741	  0.016990	
  0.028217	  0.918421	  0.000919	  0.052443	
  0.979716	  0.000980	  0.000980	  0.018325	
  0.000972	  0.970252	  0.007485	  0.021291	
  0.067383	  0.062527	  0.869221	  0.000869	
  0.085060	  0.087673	  0.101073	  0.726194	
  0.563717	  0.120622	  0.254631	  0.061029	
  0.087230	  0.278291	  0.061829	  0.572651	
  0.199688	  0.313834	  0.377010	  0.109468	

URL http://cisbp.ccbr.utoronto.ca/TFreport.php?searchTF=T030411_1.02

MOTIF M4275_1.02 (8710_YGL013C)_(Saccharomyces_cerevisiae)_(DBD_0.87)

letter-probability matrix: alength= 4 w= 8 nsites= 1 E= 0
  0.083333	  0.216667	  0.083333	  0.616667	
  0.033333	  0.833333	  0.033333	  0.100000	
  0.016667	  0.883333	  0.016667	  0.083333	
  0.016667	  0.083333	  0.883333	  0.016667	
  0.000000	  0.866667	  0.000000	  0.133333	
  0.000000	  0.000000	  1.000000	  0.000000	
  0.000000	  0.000000	  1.000000	  0.000000	
  0.483333	  0.150000	  0.283333	  0.083333	

URL http://cisbp.ccbr.utoronto.ca/TFreport.php?searchTF=T164923_1.02

MOTIF M4276_1.02 (8784_YGL035C)_(Saccharomyces_cerevisiae)_(DBD_0.98)

letter-probability matrix: alength= 4 w= 7 nsites= 1 E= 0
  0.071259	  0.298663	  0.583022	  0.047056	
  0.007434	  0.498571	  0.033741	  0.460255	
  0.000000	  0.000000	  1.000000	  0.000000	
  0.000000	  0.000000	  1.000000	  0.000000	
  0.000000	  0.000000	  1.000000	  0.000000	
  0.008921	  0.011618	  0.969378	  0.010083	
  0.179476	  0.146057	  0.353710	  0.320756	

URL http://cisbp.ccbr.utoronto.ca/TFreport.php?searchTF=T067338_1.02

MOTIF M4279_1.02 (7991_YGL073W)_(Saccharomyces_cerevisiae)_(DBD_0.96)

letter-probability matrix: alength= 4 w= 8 nsites= 1 E= 0
  0.040000	  0.103000	  0.047000	  0.810000	
  0.010000	  0.021000	  0.025000	  0.944000	
  0.036000	  0.939000	  0.021000	  0.004000	
  0.001998	  0.001998	  0.002997	  0.993007	
  0.740000	  0.059000	  0.178000	  0.023000	
  0.029029	  0.033033	  0.733734	  0.204204	
  0.979000	  0.013000	  0.006000	  0.002000	
  0.844000	  0.057000	  0.045000	  0.054000	

URL http://cisbp.ccbr.utoronto.ca/TFreport.php?searchTF=T107012_1.02

MOTIF M4283_1.02 (8079_YGL096W)_(Saccharomyces_cerevisiae)_(DBD_0.88)

letter-probability matrix: alength= 4 w= 8 nsites= 1 E= 0
  0.278846	  0.471154	  0.201923	  0.048077	
  0.009615	  0.163462	  0.009615	  0.817308	
  0.000000	  0.000000	  1.000000	  0.000000	
  0.000000	  0.000000	  0.000000	  1.000000	
  0.000000	  1.000000	  0.000000	  0.000000	
  1.000000	  0.000000	  0.000000	  0.000000	
  0.644231	  0.067308	  0.067308	  0.221154	
  0.500000	  0.153846	  0.153846	  0.192308	

URL http://cisbp.ccbr.utoronto.ca/TFreport.php?searchTF=T102773_1.02

MOTIF M4285_1.02 (8334_YGL162W)_(Saccharomyces_cerevisiae)_(DBD_1.00)

letter-probability matrix: alength= 4 w= 7 nsites= 1 E= 0
  0.045101	  0.618147	  0.060456	  0.276297	
  0.011345	  0.550165	  0.134898	  0.303592	
  0.007853	  0.816265	  0.175569	  0.000314	
  0.028570	  0.678476	  0.228042	  0.064912	
  0.015266	  0.007626	  0.954066	  0.023042	
  0.000241	  0.670954	  0.030150	  0.298656	
  0.189945	  0.138829	  0.515978	  0.155248	

URL http://cisbp.ccbr.utoronto.ca/TFreport.php?searchTF=T164921_1.02

MOTIF M4286_1.02 (8357_YGL166W)_(Saccharomyces_cerevisiae)_(DBD_0.97)

letter-probability matrix: alength= 4 w= 10 nsites= 1 E= 0
  0.000000	  1.000000	  0.000000	  0.000000	
  1.000000	  0.000000	  0.000000	  0.000000	
  0.000000	  0.000000	  1.000000	  0.000000	
  0.000000	  1.000000	  0.000000	  0.000000	
  1.000000	  0.000000	  0.000000	  0.000000	
  1.000000	  0.000000	  0.000000	  0.000000	
  1.000000	  0.000000	  0.000000	  0.000000	
  1.000000	  0.000000	  0.000000	  0.000000	
  0.000000	  0.000000	  1.000000	  0.000000	
  1.000000	  0.000000	  0.000000	  0.000000	

URL http://cisbp.ccbr.utoronto.ca/TFreport.php?searchTF=T071962_1.02

MOTIF M4291_1.02 (8566_YGL209W)_(Saccharomyces_cerevisiae)_(DBD_0.96)

letter-probability matrix: alength= 4 w= 7 nsites= 1 E= 0
  0.154035	  0.241668	  0.242841	  0.361456	
  0.058427	  0.130212	  0.765757	  0.045604	
  0.012397	  0.520648	  0.107529	  0.359426	
  0.000000	  0.000000	  1.000000	  0.000000	
  0.000000	  0.000000	  1.000000	  0.000000	
  0.000000	  0.000000	  1.000000	  0.000000	
  0.012397	  0.016223	  0.957087	  0.014293	

URL http://cisbp.ccbr.utoronto.ca/TFreport.php?searchTF=T067337_1.02

MOTIF M4292_1.02 (7764_YGL254W)_(Saccharomyces_cerevisiae)_(DBD_0.86)

letter-probability matrix: alength= 4 w= 23 nsites= 1 E= 0
  0.000000	  1.000000	  0.000000	  0.000000	
  0.000000	  0.000000	  1.000000	  0.000000	
  0.000000	  0.000000	  0.000000	  1.000000	
  1.000000	  0.000000	  0.000000	  0.000000	
  0.000000	  0.000000	  0.000000	  1.000000	
  0.000000	  1.000000	  0.000000	  0.000000	
  0.000000	  0.000000	  1.000000	  0.000000	
  0.000000	  0.000000	  0.000000	  1.000000	
  1.000000	  0.000000	  0.000000	  0.000000	
  0.000000	  0.000000	  0.000000	  1.000000	
  1.000000	  0.000000	  0.000000	  0.000000	
  1.000000	  0.000000	  0.000000	  0.000000	
  0.000000	  0.000000	  1.000000	  0.000000	
  0.000000	  0.000000	  1.000000	  0.000000	
  0.000000	  1.000000	  0.000000	  0.000000	
  1.000000	  0.000000	  0.000000	  0.000000	
  1.000000	  0.000000	  0.000000	  0.000000	
  0.000000	  1.000000	  0.000000	  0.000000	
  1.000000	  0.000000	  0.000000	  0.000000	
  1.000000	  0.000000	  0.000000	  0.000000	
  0.000000	  0.000000	  0.000000	  1.000000	
  1.000000	  0.000000	  0.000000	  0.000000	
  0.000000	  0.000000	  1.000000	  0.000000	

URL http://cisbp.ccbr.utoronto.ca/TFreport.php?searchTF=T067332_1.02

MOTIF M4295_1.02 (9591_YGR249W)_(Saccharomyces_cerevisiae)_(DBD_0.93)

letter-probability matrix: alength= 4 w= 21 nsites= 1 E= 0
  0.144953	  0.216897	  0.295433	  0.342717	
  0.285698	  0.105266	  0.168379	  0.440656	
  0.257456	  0.229976	  0.070933	  0.441636	
  0.342346	  0.097554	  0.268295	  0.291805	
  0.260310	  0.084545	  0.353365	  0.301780	
  0.419419	  0.195813	  0.180833	  0.203935	
  0.355150	  0.070474	  0.505913	  0.068463	
  0.032911	  0.082740	  0.039866	  0.844483	
  0.156624	  0.015794	  0.815522	  0.012061	
  0.005768	  0.002019	  0.002055	  0.990158	
  0.002982	  0.003907	  0.002167	  0.990945	
  0.002589	  0.989258	  0.002195	  0.005958	
  0.002661	  0.098310	  0.197151	  0.701878	
  0.531732	  0.166048	  0.110091	  0.192128	
  0.011189	  0.198174	  0.003113	  0.787524	
  0.448674	  0.230470	  0.204732	  0.116123	
  0.273071	  0.194184	  0.280394	  0.252351	
  0.154495	  0.306966	  0.171074	  0.367465	
  0.172411	  0.318892	  0.268372	  0.240324	
  0.194235	  0.376159	  0.124108	  0.305497	
  0.317149	  0.206640	  0.091810	  0.384400	

URL http://cisbp.ccbr.utoronto.ca/TFreport.php?searchTF=T107017_1.02

MOTIF M4296_1.02 (23273_YHL009C)_(Saccharomyces_cerevisiae)_(DBD_0.92)

letter-probability matrix: alength= 4 w= 8 nsites= 1 E= 0
  0.000997	  0.000997	  0.000997	  0.997009	
  0.000974	  0.000974	  0.023687	  0.974364	
  0.972947	  0.000973	  0.000973	  0.025107	
  0.000520	  0.520128	  0.478832	  0.000520	
  0.209451	  0.144356	  0.620503	  0.025690	
  0.035966	  0.036987	  0.028984	  0.898064	
  0.816276	  0.083576	  0.085666	  0.014483	
  0.992266	  0.000992	  0.000992	  0.005749	

URL http://cisbp.ccbr.utoronto.ca/TFreport.php?searchTF=T030378_1.02

MOTIF M4299_1.02 (23216_YHR006W)_(Saccharomyces_cerevisiae)_(DBD_0.91)

letter-probability matrix: alength= 4 w= 20 nsites= 1 E= 0
  0.268614	  0.122700	  0.265909	  0.342777	
  0.259140	  0.344374	  0.237752	  0.158734	
  0.179766	  0.161550	  0.427007	  0.231677	
  0.227787	  0.205416	  0.240489	  0.326307	
  0.109600	  0.359943	  0.312309	  0.218149	
  0.341145	  0.139832	  0.433015	  0.086007	
  0.030401	  0.338455	  0.012751	  0.618393	
  0.460697	  0.004604	  0.520591	  0.014108	
  0.029720	  0.948501	  0.013051	  0.008728	
  0.003829	  0.128114	  0.866343	  0.001714	
  0.001229	  0.148653	  0.849176	  0.000941	
  0.004278	  0.987781	  0.005756	  0.002185	
  0.312182	  0.005584	  0.647777	  0.034457	
  0.045966	  0.829086	  0.011156	  0.113792	
  0.081686	  0.567373	  0.111967	  0.238974	
  0.325874	  0.143008	  0.405070	  0.126048	
  0.336718	  0.176576	  0.209919	  0.276787	
  0.157047	  0.211317	  0.193514	  0.438122	
  0.174549	  0.293678	  0.242982	  0.288791	
  0.385744	  0.175089	  0.258547	  0.180619	

URL http://cisbp.ccbr.utoronto.ca/TFreport.php?searchTF=T067264_1.02

MOTIF M4300_1.02 (10337_Multiple)_(Saccharomyces_cerevisiae)_(DBD_1.00)

letter-probability matrix: alength= 4 w= 21 nsites= 1 E= 0
  0.318916	  0.352577	  0.106079	  0.222429	
  0.182992	  0.388289	  0.280308	  0.148410	
  0.347473	  0.389339	  0.085801	  0.177387	
  0.310713	  0.315541	  0.312110	  0.061635	
  0.323581	  0.333118	  0.120597	  0.222704	
  0.113240	  0.699521	  0.063925	  0.123314	
  0.101824	  0.241396	  0.623491	  0.033288	
  0.015908	  0.887441	  0.035644	  0.061007	
  0.019835	  0.089567	  0.876617	  0.013981	
  0.013169	  0.952762	  0.022563	  0.011507	
  0.011507	  0.022563	  0.952762	  0.013169	
  0.013981	  0.876617	  0.089567	  0.019835	
  0.061007	  0.035644	  0.887441	  0.015908	
  0.025990	  0.596148	  0.308850	  0.069012	
  0.123314	  0.063925	  0.699521	  0.113240	
  0.223195	  0.162992	  0.431538	  0.182275	
  0.217244	  0.051583	  0.320978	  0.410195	
  0.356226	  0.378842	  0.165309	  0.099623	
  0.091331	  0.394063	  0.417845	  0.096760	
  0.384621	  0.192629	  0.303120	  0.119631	
  0.266535	  0.385091	  0.197282	  0.151092	

URL http://cisbp.ccbr.utoronto.ca/TFreport.php?searchTF=T164763_1.02

MOTIF M4302_1.02 (10753_YHR124W)_(Saccharomyces_cerevisiae)_(DBD_0.90)

letter-probability matrix: alength= 4 w= 10 nsites= 1 E= 0
  0.169000	  0.237000	  0.253000	  0.341000	
  0.113113	  0.085085	  0.141141	  0.660661	
  0.157842	  0.130869	  0.230769	  0.480519	
  0.005994	  0.019980	  0.009990	  0.964036	
  0.054054	  0.021021	  0.914915	  0.010010	
  0.004000	  0.068000	  0.004000	  0.924000	
  0.125000	  0.125000	  0.710000	  0.040000	
  0.168000	  0.095000	  0.064000	  0.673000	
  0.082000	  0.640000	  0.200000	  0.078000	
  0.097000	  0.114000	  0.634000	  0.155000	

URL http://cisbp.ccbr.utoronto.ca/TFreport.php?searchTF=T130593_1.02

MOTIF M4303_1.02 (10973_YHR178W)_(Saccharomyces_cerevisiae)_(DBD_0.95)

letter-probability matrix: alength= 4 w= 8 nsites= 1 E= 0
  0.279969	  0.139650	  0.000580	  0.579801	
  0.584187	  0.226627	  0.130871	  0.058315	
  0.450443	  0.070979	  0.282232	  0.196347	
  0.074413	  0.541065	  0.220254	  0.164268	
  0.398854	  0.176321	  0.144905	  0.279921	
  0.000937	  0.937206	  0.034147	  0.027710	
  0.000969	  0.968596	  0.000969	  0.029466	
  0.018692	  0.008875	  0.971461	  0.000971	

URL http://cisbp.ccbr.utoronto.ca/TFreport.php?searchTF=T164766_1.02

MOTIF M4305_1.02 (11061_YHR206W)_(Saccharomyces_cerevisiae)_(DBD_0.99)

letter-probability matrix: alength= 4 w= 9 nsites= 1 E= 0
  0.098098	  0.200200	  0.593594	  0.108108	
  0.035000	  0.030000	  0.913000	  0.022000	
  0.046000	  0.428000	  0.425000	  0.101000	
  0.017000	  0.876000	  0.072000	  0.035000	
  0.121000	  0.363000	  0.314000	  0.202000	
  0.324000	  0.309000	  0.313000	  0.054000	
  0.052000	  0.042000	  0.874000	  0.032000	
  0.217000	  0.279000	  0.420000	  0.084000	
  0.058941	  0.839161	  0.047952	  0.053946	

URL http://cisbp.ccbr.utoronto.ca/TFreport.php?searchTF=T107001_1.02

MOTIF M4307_1.02 (11457_YIL036W)_(Saccharomyces_cerevisiae)_(DBD_0.91)

letter-probability matrix: alength= 4 w= 9 nsites= 1 E= 0
