MEME version 4

ALPHABET= ACGT

strands: + -

Background letter frequencies (from uniform background):
A 0.25000 C 0.25000 G 0.25000 T 0.25000 

MOTIF M2118_1.02 (Skud_Contig1238.2)_(Saccharomyces_cerevisiae)_(DBD_0.98)

letter-probability matrix: alength= 4 w= 5 nsites= 1 E= 0
  0.000000	  0.000000	  0.000000	  1.000000	
  0.000000	  0.000000	  0.010160	  0.989840	
  0.005578	  0.000000	  0.994422	  0.000000	
  0.000000	  0.000000	  0.998223	  0.001777	
  0.158006	  0.378979	  0.030665	  0.432350	

URL http://cisbp.ccbr.utoronto.ca/TFreport.php?searchTF=T070728_1.02

MOTIF M4196_1.02 (Skud_Contig1893.2)_(Saccharomyces_cerevisiae)_(DBD_0.90)

letter-probability matrix: alength= 4 w= 6 nsites= 1 E= 0
  0.091246	  0.105756	  0.124914	  0.678084	
  0.000933	  0.933304	  0.000933	  0.064829	
  0.000986	  0.986200	  0.011827	  0.000986	
  0.071141	  0.081607	  0.846406	  0.000846	
  0.093067	  0.368868	  0.266878	  0.271187	
  0.145968	  0.231821	  0.371482	  0.250729	

URL http://cisbp.ccbr.utoronto.ca/TFreport.php?searchTF=T164743_1.02

MOTIF M4199_1.02 (Skud_Contig1948.3)_(Saccharomyces_cerevisiae)_(DBD_1.00)

letter-probability matrix: alength= 4 w= 11 nsites= 1 E= 0
  0.184000	  0.252000	  0.295000	  0.269000	
  0.535000	  0.090000	  0.247000	  0.128000	
  0.033000	  0.039000	  0.040000	  0.888000	
  0.047047	  0.219219	  0.584585	  0.149149	
  0.809191	  0.092907	  0.039960	  0.057942	
  0.005005	  0.969970	  0.003003	  0.022022	
  0.040000	  0.067000	  0.156000	  0.737000	
  0.055000	  0.780000	  0.102000	  0.063000	
  0.525000	  0.102000	  0.159000	  0.214000	
  0.021000	  0.275000	  0.123000	  0.581000	
  0.206000	  0.356000	  0.143000	  0.295000	

URL http://cisbp.ccbr.utoronto.ca/TFreport.php?searchTF=T020738_1.02

MOTIF M4202_1.02 (Skud_Contig1675.3)_(Saccharomyces_cerevisiae)_(DBD_0.79)

letter-probability matrix: alength= 4 w= 9 nsites= 1 E= 0
  0.535714	  0.107143	  0.202381	  0.154762	
  0.154762	  0.011905	  0.011905	  0.821429	
  0.000000	  0.000000	  0.000000	  1.000000	
  0.190476	  0.095238	  0.238095	  0.476190	
  0.238095	  0.000000	  0.000000	  0.761905	
  0.000000	  0.000000	  0.000000	  1.000000	
  0.000000	  1.000000	  0.000000	  0.000000	
  0.000000	  1.000000	  0.000000	  0.000000	
  0.190476	  0.142857	  0.523810	  0.142857	

URL http://cisbp.ccbr.utoronto.ca/TFreport.php?searchTF=T164733_1.02

MOTIF M4205_1.02 (Skud_Contig1761.2)_(Saccharomyces_cerevisiae)_(DBD_0.84)

letter-probability matrix: alength= 4 w= 20 nsites= 1 E= 0
  0.290310	  0.302434	  0.130368	  0.276889	
  0.369507	  0.263876	  0.138415	  0.228201	
  0.415587	  0.202985	  0.166543	  0.214884	
  0.194335	  0.353620	  0.187605	  0.264440	
  0.160117	  0.430781	  0.198437	  0.210664	
  0.500105	  0.218635	  0.073431	  0.207829	
  0.753885	  0.009890	  0.225485	  0.010740	
  0.079572	  0.917028	  0.002496	  0.000904	
  0.963133	  0.000654	  0.034699	  0.001513	
  0.013734	  0.000968	  0.000818	  0.984480	
  0.049433	  0.000431	  0.001742	  0.948394	
  0.000344	  0.980815	  0.007453	  0.011388	
  0.001567	  0.482371	  0.008104	  0.507957	
  0.007707	  0.399204	  0.012811	  0.580278	
  0.143921	  0.163986	  0.563246	  0.128847	
  0.437248	  0.161840	  0.140605	  0.260307	
  0.158298	  0.314342	  0.189815	  0.337544	
  0.341058	  0.317231	  0.197115	  0.144596	
  0.230695	  0.262203	  0.194825	  0.312277	
  0.362377	  0.249556	  0.233846	  0.154221	

URL http://cisbp.ccbr.utoronto.ca/TFreport.php?searchTF=T151895_1.02

MOTIF M4206_1.02 (Skud_Contig2011.6)_(Saccharomyces_cerevisiae)_(DBD_0.96)

letter-probability matrix: alength= 4 w= 20 nsites= 1 E= 0
  0.182042	  0.304420	  0.099351	  0.414187	
  0.217012	  0.225209	  0.216550	  0.341229	
  0.135553	  0.108932	  0.107984	  0.647532	
  0.376644	  0.208833	  0.077882	  0.336641	
  0.195358	  0.316234	  0.111897	  0.376511	
  0.154774	  0.317516	  0.143266	  0.384444	
  0.393811	  0.069898	  0.026203	  0.510088	
  0.578521	  0.089903	  0.051952	  0.279624	
  0.169071	  0.065660	  0.016137	  0.749132	
  0.807796	  0.032800	  0.067079	  0.092325	
  0.092325	  0.067079	  0.032800	  0.807796	
  0.749132	  0.016137	  0.065660	  0.169071	
  0.279624	  0.051952	  0.089903	  0.578521	
  0.510088	  0.026203	  0.069898	  0.393811	
  0.461269	  0.096593	  0.121822	  0.320316	
  0.372446	  0.106653	  0.111807	  0.409094	
  0.465870	  0.084202	  0.336242	  0.113686	
  0.202821	  0.160353	  0.302688	  0.334137	
  0.287801	  0.120317	  0.339173	  0.252709	
  0.287291	  0.257450	  0.252875	  0.202385	

URL http://cisbp.ccbr.utoronto.ca/TFreport.php?searchTF=T147515_1.02

MOTIF M4207_1.02 (Skud_Contig2051.9)_(Saccharomyces_cerevisiae)_(DBD_0.91)

letter-probability matrix: alength= 4 w= 8 nsites= 1 E= 0
  0.083333	  0.750000	  0.083333	  0.083333	
  0.000000	  0.000000	  1.000000	  0.000000	
  0.000000	  0.000000	  1.000000	  0.000000	
  0.533333	  0.133333	  0.133333	  0.200000	
  0.083333	  0.083333	  0.083333	  0.750000	
  0.016667	  0.950000	  0.016667	  0.016667	
  0.033333	  0.900000	  0.033333	  0.033333	
  0.050000	  0.050000	  0.783333	  0.116667	

URL http://cisbp.ccbr.utoronto.ca/TFreport.php?searchTF=T164758_1.02

MOTIF M4208_1.02 (Skud_Contig1785.6)_(Saccharomyces_cerevisiae)_(DBD_1.00)

letter-probability matrix: alength= 4 w= 21 nsites= 1 E= 0
  0.261529	  0.229270	  0.172952	  0.336249	
  0.168474	  0.201074	  0.381034	  0.249418	
  0.097684	  0.455860	  0.290116	  0.156340	
  0.269202	  0.101553	  0.104155	  0.525089	
  0.279409	  0.271500	  0.275034	  0.174056	
  0.393314	  0.146775	  0.262911	  0.196999	
  0.130193	  0.147261	  0.085376	  0.637170	
  0.402545	  0.060597	  0.041016	  0.495841	
  0.097427	  0.234068	  0.033912	  0.634593	
  0.750868	  0.125165	  0.046003	  0.077965	
  0.865617	  0.018378	  0.018798	  0.097207	
  0.097207	  0.018798	  0.018378	  0.865617	
  0.077965	  0.046003	  0.125165	  0.750868	
  0.634593	  0.033912	  0.234068	  0.097427	
  0.350237	  0.112232	  0.128639	  0.408892	
  0.637170	  0.085376	  0.147261	  0.130193	
  0.149412	  0.047445	  0.623403	  0.179740	
  0.201987	  0.158587	  0.554009	  0.085417	
  0.196195	  0.137159	  0.097629	  0.569017	
  0.356039	  0.265821	  0.188299	  0.189841	
  0.409458	  0.235182	  0.244325	  0.111035	

URL http://cisbp.ccbr.utoronto.ca/TFreport.php?searchTF=T112809_1.02

MOTIF M4209_1.02 (Skud_Contig1387.1)_(Saccharomyces_cerevisiae)_(DBD_1.00)

letter-probability matrix: alength= 4 w= 8 nsites= 1 E= 0
  0.279412	  0.044118	  0.632353	  0.044118	
  0.000000	  0.000000	  0.000000	  1.000000	
  0.000000	  0.000000	  0.000000	  1.000000	
  0.000000	  1.000000	  0.000000	  0.000000	
  0.000000	  1.000000	  0.000000	  0.000000	
  0.000000	  0.000000	  1.000000	  0.000000	
  0.411765	  0.058824	  0.470588	  0.058824	
  0.161765	  0.220588	  0.102941	  0.514706	

URL http://cisbp.ccbr.utoronto.ca/TFreport.php?searchTF=T164726_1.02

MOTIF M4210_1.02 (Skud_Contig1387.2)_(Saccharomyces_cerevisiae)_(DBD_1.00)

letter-probability matrix: alength= 4 w= 20 nsites= 1 E= 0
  0.178000	  0.276000	  0.381000	  0.165000	
  0.164000	  0.659000	  0.046000	  0.131000	
  0.146853	  0.153846	  0.568432	  0.130869	
  0.071000	  0.135000	  0.613000	  0.181000	
  0.321321	  0.160160	  0.359359	  0.159159	
  0.180000	  0.222000	  0.148000	  0.450000	
  0.155000	  0.233000	  0.276000	  0.336000	
  0.111000	  0.185000	  0.298000	  0.406000	
  0.188000	  0.213000	  0.188000	  0.411000	
  0.160000	  0.200000	  0.265000	  0.375000	
  0.106106	  0.224224	  0.198198	  0.471471	
  0.092092	  0.144144	  0.496496	  0.267267	
  0.241241	  0.243243	  0.311311	  0.204204	
  0.370000	  0.184000	  0.291000	  0.155000	
  0.149000	  0.465000	  0.167000	  0.219000	
  0.242000	  0.208000	  0.300000	  0.250000	
  0.121000	  0.747000	  0.058000	  0.074000	
  0.089089	  0.726727	  0.076076	  0.108108	
  0.014000	  0.042000	  0.878000	  0.066000	
  0.205000	  0.242000	  0.098000	  0.455000	

URL http://cisbp.ccbr.utoronto.ca/TFreport.php?searchTF=T164727_1.02

MOTIF M4214_1.02 (Skud_Contig2048.1)_(Saccharomyces_cerevisiae)_(DBD_0.94)

letter-probability matrix: alength= 4 w= 8 nsites= 1 E= 0
  0.660645	  0.085930	  0.193842	  0.059583	
  0.061909	  0.017162	  0.903905	  0.017024	
  0.974138	  0.000000	  0.000000	  0.025862	
  0.129310	  0.000000	  0.017241	  0.853449	
  0.002351	  0.993524	  0.001997	  0.002128	
  0.043880	  0.187352	  0.029952	  0.738816	
  0.463939	  0.295011	  0.127507	  0.113544	
  0.244492	  0.415463	  0.175430	  0.164615	

URL http://cisbp.ccbr.utoronto.ca/TFreport.php?searchTF=T086007_1.02

MOTIF M4215_1.02 (Skud_Contig2040.7)_(Saccharomyces_cerevisiae)_(DBD_1.00)

letter-probability matrix: alength= 4 w= 6 nsites= 1 E= 0
  0.850802	  0.000851	  0.007866	  0.140481	
  0.007801	  0.872161	  0.000872	  0.119166	
  0.820398	  0.007379	  0.142768	  0.029455	
  0.000600	  0.387667	  0.011548	  0.600185	
  0.205170	  0.000729	  0.728775	  0.065326	
  0.354082	  0.248861	  0.035063	  0.361993	

URL http://cisbp.ccbr.utoronto.ca/TFreport.php?searchTF=T102656_1.02

MOTIF M4216_1.02 (Skud_Contig1781.4)_(Saccharomyces_cerevisiae)_(DBD_0.81)

letter-probability matrix: alength= 4 w= 22 nsites= 1 E= 0
  0.166667	  0.166667	  0.166667	  0.500000	
  0.000000	  0.000000	  0.000000	  1.000000	
  0.000000	  0.000000	  0.000000	  1.000000	
  0.000000	  1.000000	  0.000000	  0.000000	
  0.166667	  0.500000	  0.166667	  0.166667	
  0.000000	  0.000000	  0.000000	  1.000000	
  0.500000	  0.166667	  0.166667	  0.166667	
  1.000000	  0.000000	  0.000000	  0.000000	
  0.000000	  0.000000	  0.000000	  1.000000	
  0.000000	  0.000000	  0.000000	  1.000000	
  0.500000	  0.166667	  0.166667	  0.166667	
  0.000000	  0.000000	  1.000000	  0.000000	
  0.166667	  0.166667	  0.166667	  0.500000	
  0.250000	  0.250000	  0.250000	  0.250000	
  0.166667	  0.500000	  0.166667	  0.166667	
  0.500000	  0.166667	  0.166667	  0.166667	
  0.166667	  0.166667	  0.166667	  0.500000	
  0.000000	  1.000000	  0.000000	  0.000000	
  1.000000	  0.000000	  0.000000	  0.000000	
  1.000000	  0.000000	  0.000000	  0.000000	
  0.000000	  0.000000	  0.000000	  1.000000	
  0.166667	  0.166667	  0.500000	  0.166667	

URL http://cisbp.ccbr.utoronto.ca/TFreport.php?searchTF=T113324_1.02

MOTIF M4218_1.02 (Skud_Contig1781.3)_(Saccharomyces_cerevisiae)_(DBD_1.00)

letter-probability matrix: alength= 4 w= 8 nsites= 1 E= 0
  0.062500	  0.669643	  0.062500	  0.205357	
  0.535714	  0.000000	  0.464286	  0.000000	
  0.035714	  0.000000	  0.000000	  0.964286	
  0.000000	  0.000000	  1.000000	  0.000000	
  0.000000	  0.000000	  0.000000	  1.000000	
  0.928571	  0.000000	  0.000000	  0.071429	
  0.875000	  0.017857	  0.017857	  0.089286	
  0.401786	  0.080357	  0.080357	  0.437500	

URL http://cisbp.ccbr.utoronto.ca/TFreport.php?searchTF=T102653_1.02

MOTIF M4220_1.02 (Skud_Contig1672.6)_(Saccharomyces_cerevisiae)_(DBD_0.98)

letter-probability matrix: alength= 4 w= 8 nsites= 1 E= 0
  0.075000	  0.175000	  0.075000	  0.675000	
  0.000000	  1.000000	  0.000000	  0.000000	
  0.000000	  1.000000	  0.000000	  0.000000	
  0.000000	  1.000000	  0.000000	  0.000000	
  0.000000	  1.000000	  0.000000	  0.000000	
  0.000000	  0.000000	  1.000000	  0.000000	
  0.075000	  0.075000	  0.775000	  0.075000	
  0.100000	  0.600000	  0.100000	  0.200000	

URL http://cisbp.ccbr.utoronto.ca/TFreport.php?searchTF=T147513_1.02

MOTIF M4221_1.02 (Skud_Contig1867.8)_(Saccharomyces_cerevisiae)_(DBD_1.00)

letter-probability matrix: alength= 4 w= 12 nsites= 1 E= 0
  0.169865	  0.287326	  0.266798	  0.276011	
  0.272993	  0.270890	  0.251143	  0.204974	
  0.206112	  0.315978	  0.275699	  0.202211	
  0.253691	  0.000659	  0.654353	  0.091297	
  0.000966	  0.000965	  0.965054	  0.033015	
  0.057495	  0.000905	  0.036680	  0.904920	
  0.000954	  0.033970	  0.953655	  0.011421	
  0.000995	  0.000996	  0.995144	  0.002865	
  0.014215	  0.983817	  0.000984	  0.000984	
  0.591337	  0.000597	  0.406590	  0.001477	
  0.916221	  0.000916	  0.001313	  0.081550	
  0.586225	  0.204251	  0.070524	  0.139000	

URL http://cisbp.ccbr.utoronto.ca/TFreport.php?searchTF=T066928_1.02

MOTIF M4224_1.02 (Skud_Contig1733.2)_(Saccharomyces_cerevisiae)_(DBD_0.96)

letter-probability matrix: alength= 4 w= 6 nsites= 1 E= 0
  0.369531	  0.000781	  0.000781	  0.628906	
  0.769531	  0.000781	  0.000781	  0.228906	
  0.435156	  0.000781	  0.000781	  0.563281	
  0.000781	  0.000781	  0.000781	  0.997656	
  0.882031	  0.000781	  0.000781	  0.116406	
  0.407031	  0.075781	  0.000781	  0.516406	

URL http://cisbp.ccbr.utoronto.ca/TFreport.php?searchTF=T102652_1.02

MOTIF M4225_1.02 (Skud_Contig1601.2)_(Saccharomyces_cerevisiae)_(DBD_0.90)

letter-probability matrix: alength= 4 w= 8 nsites= 1 E= 0
  0.104167	  0.020833	  0.020833	  0.854167	
  0.020833	  0.687500	  0.270833	  0.020833	
  0.000000	  1.000000	  0.000000	  0.000000	
  0.000000	  1.000000	  0.000000	  0.000000	
  0.000000	  0.000000	  1.000000	  0.000000	
  0.000000	  1.000000	  0.000000	  0.000000	
  0.041667	  0.625000	  0.291667	  0.041667	
  0.187500	  0.270833	  0.437500	  0.104167	

URL http://cisbp.ccbr.utoronto.ca/TFreport.php?searchTF=T164730_1.02

MOTIF M4228_1.02 (Skud_Contig2038.7)_(Saccharomyces_cerevisiae)_(DBD_1.00)

letter-probability matrix: alength= 4 w= 15 nsites= 1 E= 0
  0.600000	  0.000000	  0.000000	  0.400000	
  0.600000	  0.000000	  0.000000	  0.400000	
  0.000000	  0.000000	  0.000000	  1.000000	
  0.100000	  0.000000	  0.100000	  0.800000	
  0.000000	  1.000000	  0.000000	  0.000000	
  0.000000	  1.000000	  0.000000	  0.000000	
  0.400000	  0.100000	  0.500000	  0.000000	
  0.200000	  0.300000	  0.400000	  0.100000	
  0.100000	  0.600000	  0.000000	  0.300000	
  0.000000	  0.000000	  1.000000	  0.000000	
  0.000000	  0.000000	  1.000000	  0.000000	
  0.600000	  0.100000	  0.200000	  0.100000	
  0.900000	  0.000000	  0.000000	  0.100000	
  0.300000	  0.000000	  0.100000	  0.600000	
  0.200000	  0.200000	  0.000000	  0.600000	

URL http://cisbp.ccbr.utoronto.ca/TFreport.php?searchTF=T164754_1.02

MOTIF M4230_1.02 (Skud_Contig1722.1)_(Saccharomyces_cerevisiae)_(DBD_1.00)

letter-probability matrix: alength= 4 w= 7 nsites= 1 E= 0
  0.732659	  0.061211	  0.139365	  0.066764	
  0.008657	  0.003863	  0.980637	  0.006844	
  0.025744	  0.009533	  0.960008	  0.004715	
  0.028381	  0.009908	  0.935487	  0.026224	
  0.105717	  0.019929	  0.004239	  0.870115	
  0.059933	  0.803422	  0.034584	  0.102061	
  0.018447	  0.683620	  0.041876	  0.256057	

URL http://cisbp.ccbr.utoronto.ca/TFreport.php?searchTF=T066926_1.02

MOTIF M4233_1.02 (Skud_Contig1417.1)_(Saccharomyces_cerevisiae)_(DBD_1.00)

letter-probability matrix: alength= 4 w= 9 nsites= 1 E= 0
  0.300733	  0.183374	  0.193154	  0.322738	
  0.273839	  0.156479	  0.110024	  0.459658	
  0.317848	  0.151589	  0.044010	  0.486553	
  1.000000	  0.000000	  0.000000	  0.000000	
  0.127139	  0.000000	  0.872861	  0.000000	
  0.000000	  0.000000	  1.000000	  0.000000	
  0.000000	  0.000000	  1.000000	  0.000000	
  0.029340	  0.000000	  0.970660	  0.000000	
  0.251834	  0.124694	  0.215159	  0.408313	

URL http://cisbp.ccbr.utoronto.ca/TFreport.php?searchTF=T066920_1.02

MOTIF M4234_1.02 (Skud_Contig1862.4)_(Saccharomyces_cerevisiae)_(DBD_0.93)

letter-probability matrix: alength= 4 w= 9 nsites= 1 E= 0
  0.157933	  0.028878	  0.020195	  0.792995	
  0.000253	  0.092962	  0.071090	  0.835696	
  0.000169	  0.867217	  0.132445	  0.000169	
  0.871544	  0.051061	  0.010099	  0.067295	
  0.010202	  0.928348	  0.000108	  0.061341	
  0.889674	  0.010090	  0.100070	  0.000166	
  0.043014	  0.000139	  0.039246	  0.917602	
  0.011322	  0.000129	  0.988314	  0.000234	
  0.046490	  0.712417	  0.115566	  0.125526	

URL http://cisbp.ccbr.utoronto.ca/TFreport.php?searchTF=T020735_1.02

MOTIF M4240_1.02 (Skud_Contig1915.9)_(Saccharomyces_cerevisiae)_(DBD_0.98)

letter-probability matrix: alength= 4 w= 8 nsites= 1 E= 0
  0.149579	  0.113163	  0.070576	  0.666681	
  0.084934	  0.000888	  0.887596	  0.026582	
  0.045697	  0.041194	  0.013738	  0.899371	
  0.000997	  0.000997	  0.997009	  0.000997	
  0.000793	  0.101753	  0.792847	  0.104608	
  0.187352	  0.603413	  0.093865	  0.115371	
  0.440019	  0.021210	  0.348251	  0.190519	
  0.080985	  0.408432	  0.236464	  0.274119	

URL http://cisbp.ccbr.utoronto.ca/TFreport.php?searchTF=T066929_1.02

MOTIF M4243_1.02 (Skud_Contig1967.9)_(Saccharomyces_cerevisiae)_(DBD_1.00)

letter-probability matrix: alength= 4 w= 7 nsites= 1 E= 0
  0.176573	  0.337413	  0.260490	  0.225524	
  0.141608	  0.365385	  0.302448	  0.190559	
  0.204545	  0.183566	  0.547203	  0.064685	
  0.001748	  0.994755	  0.001748	  0.001748	
  0.001748	  0.001748	  0.994755	  0.001748	
  0.001748	  0.994755	  0.001748	  0.001748	
  0.036713	  0.050699	  0.910839	  0.001748	

URL http://cisbp.ccbr.utoronto.ca/TFreport.php?searchTF=T164748_1.02

MOTIF M4251_1.02 (Skud_Contig1234.2)_(Saccharomyces_cerevisiae)_(DBD_0.98)

letter-probability matrix: alength= 4 w= 8 nsites= 1 E= 0
  0.428571	  0.142857	  0.000000	  0.428571	
  0.142857	  0.178571	  0.392857	  0.285714	
  0.178571	  0.035714	  0.107143	  0.678571	
  0.857143	  0.000000	  0.035714	  0.107143	
  0.857143	  0.000000	  0.107143	  0.035714	
  0.000000	  0.000000	  0.035714	  0.964286	
  0.071429	  0.000000	  0.142857	  0.785714	
  0.535714	  0.071429	  0.392857	  0.000000	

URL http://cisbp.ccbr.utoronto.ca/TFreport.php?searchTF=T102651_1.02

MOTIF M4255_1.02 (Skud_Contig1215.2)_(Saccharomyces_cerevisiae)_(DBD_0.98)

letter-probability matrix: alength= 4 w= 8 nsites= 1 E= 0
  0.538827	  0.103527	  0.357108	  0.000539	
  0.000997	  0.000997	  0.000997	  0.997009	
  0.000972	  0.000972	  0.972361	  0.025695	
  0.997009	  0.000997	  0.000997	  0.000997	
  0.000719	  0.719011	  0.275700	  0.004570	
  0.091972	  0.022445	  0.000885	  0.884699	
  0.105908	  0.888764	  0.000889	  0.004440	
  0.810068	  0.023153	  0.106526	  0.060253	

URL http://cisbp.ccbr.utoronto.ca/TFreport.php?searchTF=T030309_1.02

MOTIF M4256_1.02 (Skud_Contig1757.2)_(Saccharomyces_cerevisiae)_(DBD_0.83)

letter-probability matrix: alength= 4 w= 7 nsites= 1 E= 0
  0.142406	  0.230826	  0.221607	  0.405160	
  0.090188	  0.165111	  0.690994	  0.053707	
  0.013951	  0.552753	  0.020831	  0.412465	
  0.000000	  0.000000	  1.000000	  0.000000	
  0.000000	  0.000000	  1.000000	  0.000000	
  0.060345	  0.000000	  0.939655	  0.000000	
  0.006976	  0.009135	  0.975932	  0.007957	

URL http://cisbp.ccbr.utoronto.ca/TFreport.php?searchTF=T066927_1.02

MOTIF M4266_1.02 (Skud_Contig1636.4)_(Saccharomyces_cerevisiae)_(DBD_0.99)

letter-probability matrix: alength= 4 w= 21 nsites= 1 E= 0
  0.277896	  0.250994	  0.386874	  0.084236	
  0.337701	  0.191203	  0.147499	  0.323596	
  0.253161	  0.345476	  0.088062	  0.313301	
  0.160289	  0.200315	  0.154575	  0.484821	
  0.545495	  0.139664	  0.154641	  0.160199	
  0.115326	  0.098646	  0.701617	  0.084410	
  0.287085	  0.198825	  0.266325	  0.247765	
  0.332186	  0.110816	  0.027332	  0.529666	
  0.907072	  0.007916	  0.025927	  0.059085	
  0.012689	  0.007855	  0.023849	  0.955608	
  0.981186	  0.002417	  0.004390	  0.012006	
  0.038291	  0.001865	  0.005177	  0.954667	
  0.970929	  0.002253	  0.006019	  0.020798	
  0.044741	  0.004462	  0.003313	  0.947483	
  0.883835	  0.010075	  0.024913	  0.081177	
  0.186324	  0.062165	  0.094376	  0.657135	
  0.264806	  0.122748	  0.129197	  0.483248	
  0.137280	  0.380802	  0.369687	  0.112231	
  0.266096	  0.228247	  0.383999	  0.121658	
  0.350006	  0.176397	  0.172576	  0.301021	
  0.248908	  0.193837	  0.270884	  0.286371	

URL http://cisbp.ccbr.utoronto.ca/TFreport.php?searchTF=T150912_1.02

MOTIF M4271_1.02 (Skud_Contig1132.1)_(Saccharomyces_cerevisiae)_(DBD_0.83)

letter-probability matrix: alength= 4 w= 12 nsites= 1 E= 0
  0.515737	  0.048552	  0.135243	  0.300467	
  0.202883	  0.055139	  0.546926	  0.195052	
  0.100050	  0.000885	  0.884810	  0.014255	
  0.739152	  0.243117	  0.000741	  0.016990	
  0.028217	  0.918421	  0.000919	  0.052443	
  0.979716	  0.000980	  0.000980	  0.018325	
  0.000972	  0.970252	  0.007485	  0.021291	
  0.067383	  0.062527	  0.869221	  0.000869	
  0.085060	  0.087673	  0.101073	  0.726194	
  0.563717	  0.120622	  0.254631	  0.061029	
  0.087230	  0.278291	  0.061829	  0.572651	
  0.199688	  0.313834	  0.377010	  0.109468	

URL http://cisbp.ccbr.utoronto.ca/TFreport.php?searchTF=T030308_1.02

MOTIF M4274_1.02 (Skud_Contig1504.3)_(Saccharomyces_cerevisiae)_(DBD_0.98)

letter-probability matrix: alength= 4 w= 8 nsites= 1 E= 0
  0.228126	  0.350295	  0.421228	  0.000350	
  0.127079	  0.871179	  0.000871	  0.000871	
  0.924038	  0.017662	  0.011170	  0.047130	
  0.000957	  0.957454	  0.002075	  0.039513	
  0.065712	  0.003547	  0.929810	  0.000930	
  0.050428	  0.063525	  0.016160	  0.869887	
  0.008929	  0.022217	  0.785624	  0.183230	
  0.093794	  0.291660	  0.154159	  0.460386	

URL http://cisbp.ccbr.utoronto.ca/TFreport.php?searchTF=T020734_1.02

MOTIF M4276_1.02 (Skud_Contig2052.11)_(Saccharomyces_cerevisiae)_(DBD_1.00)

letter-probability matrix: alength= 4 w= 7 nsites= 1 E= 0
  0.071259	  0.298663	  0.583022	  0.047056	
  0.007434	  0.498571	  0.033741	  0.460255	
  0.000000	  0.000000	  1.000000	  0.000000	
  0.000000	  0.000000	  1.000000	  0.000000	
  0.000000	  0.000000	  1.000000	  0.000000	
  0.008921	  0.011618	  0.969378	  0.010083	
  0.179476	  0.146057	  0.353710	  0.320756	

URL http://cisbp.ccbr.utoronto.ca/TFreport.php?searchTF=T066931_1.02

MOTIF M4278_1.02 (Skud_Contig2057.12)_(Saccharomyces_cerevisiae)_(DBD_0.82)

letter-probability matrix: alength= 4 w= 7 nsites= 1 E= 0
  0.077300	  0.137389	  0.120687	  0.664624	
  0.197858	  0.034825	  0.751202	  0.016115	
  0.026197	  0.918437	  0.005971	  0.049395	
  0.885349	  0.012569	  0.089130	  0.012952	
  0.048914	  0.897584	  0.044753	  0.008749	
  0.008068	  0.943577	  0.008067	  0.040288	
  0.041325	  0.535848	  0.042011	  0.380816	

URL http://cisbp.ccbr.utoronto.ca/TFreport.php?searchTF=T000445_1.02

MOTIF M4279_1.02 (Skud_Contig2057.11)_(Saccharomyces_cerevisiae)_(DBD_0.97)

letter-probability matrix: alength= 4 w= 8 nsites= 1 E= 0
  0.040000	  0.103000	  0.047000	  0.810000	
  0.010000	  0.021000	  0.025000	  0.944000	
  0.036000	  0.939000	  0.021000	  0.004000	
  0.001998	  0.001998	  0.002997	  0.993007	
  0.740000	  0.059000	  0.178000	  0.023000	
  0.029029	  0.033033	  0.733734	  0.204204	
  0.979000	  0.013000	  0.006000	  0.002000	
  0.844000	  0.057000	  0.045000	  0.054000	

URL http://cisbp.ccbr.utoronto.ca/TFreport.php?searchTF=T106999_1.02

MOTIF M4283_1.02 (Skud_Contig1919.4)_(Saccharomyces_cerevisiae)_(DBD_0.86)

letter-probability matrix: alength= 4 w= 8 nsites= 1 E= 0
  0.278846	  0.471154	  0.201923	  0.048077	
  0.009615	  0.163462	  0.009615	  0.817308	
  0.000000	  0.000000	  1.000000	  0.000000	
  0.000000	  0.000000	  0.000000	  1.000000	
  0.000000	  1.000000	  0.000000	  0.000000	
  1.000000	  0.000000	  0.000000	  0.000000	
  0.644231	  0.067308	  0.067308	  0.221154	
  0.500000	  0.153846	  0.153846	  0.192308	

URL http://cisbp.ccbr.utoronto.ca/TFreport.php?searchTF=T102654_1.02

MOTIF M4291_1.02 (Skud_Contig1253.2)_(Saccharomyces_cerevisiae)_(DBD_1.00)

letter-probability matrix: alength= 4 w= 7 nsites= 1 E= 0
  0.154035	  0.241668	  0.242841	  0.361456	
  0.058427	  0.130212	  0.765757	  0.045604	
  0.012397	  0.520648	  0.107529	  0.359426	
  0.000000	  0.000000	  1.000000	  0.000000	
  0.000000	  0.000000	  1.000000	  0.000000	
  0.000000	  0.000000	  1.000000	  0.000000	
  0.012397	  0.016223	  0.957087	  0.014293	

URL http://cisbp.ccbr.utoronto.ca/TFreport.php?searchTF=T066918_1.02

MOTIF M4292_1.02 (Skud_Contig1439.2)_(Saccharomyces_cerevisiae)_(DBD_0.86)

letter-probability matrix: alength= 4 w= 23 nsites= 1 E= 0
  0.000000	  1.000000	  0.000000	  0.000000	
  0.000000	  0.000000	  1.000000	  0.000000	
  0.000000	  0.000000	  0.000000	  1.000000	
  1.000000	  0.000000	  0.000000	  0.000000	
  0.000000	  0.000000	  0.000000	  1.000000	
  0.000000	  1.000000	  0.000000	  0.000000	
  0.000000	  0.000000	  1.000000	  0.000000	
  0.000000	  0.000000	  0.000000	  1.000000	
  1.000000	  0.000000	  0.000000	  0.000000	
  0.000000	  0.000000	  0.000000	  1.000000	
  1.000000	  0.000000	  0.000000	  0.000000	
  1.000000	  0.000000	  0.000000	  0.000000	
  0.000000	  0.000000	  1.000000	  0.000000	
  0.000000	  0.000000	  1.000000	  0.000000	
  0.000000	  1.000000	  0.000000	  0.000000	
  1.000000	  0.000000	  0.000000	  0.000000	
  1.000000	  0.000000	  0.000000	  0.000000	
  0.000000	  1.000000	  0.000000	  0.000000	
  1.000000	  0.000000	  0.000000	  0.000000	
  1.000000	  0.000000	  0.000000	  0.000000	
  0.000000	  0.000000	  0.000000	  1.000000	
  1.000000	  0.000000	  0.000000	  0.000000	
  0.000000	  0.000000	  1.000000	  0.000000	

URL http://cisbp.ccbr.utoronto.ca/TFreport.php?searchTF=T066921_1.02

MOTIF M4295_1.02 (Skud_Contig1999.9)_(Saccharomyces_cerevisiae)_(DBD_0.93)

letter-probability matrix: alength= 4 w= 21 nsites= 1 E= 0
  0.144953	  0.216897	  0.295433	  0.342717	
  0.285698	  0.105266	  0.168379	  0.440656	
  0.257456	  0.229976	  0.070933	  0.441636	
  0.342346	  0.097554	  0.268295	  0.291805	
  0.260310	  0.084545	  0.353365	  0.301780	
  0.419419	  0.195813	  0.180833	  0.203935	
  0.355150	  0.070474	  0.505913	  0.068463	
  0.032911	  0.082740	  0.039866	  0.844483	
  0.156624	  0.015794	  0.815522	  0.012061	
  0.005768	  0.002019	  0.002055	  0.990158	
  0.002982	  0.003907	  0.002167	  0.990945	
  0.002589	  0.989258	  0.002195	  0.005958	
  0.002661	  0.098310	  0.197151	  0.701878	
  0.531732	  0.166048	  0.110091	  0.192128	
  0.011189	  0.198174	  0.003113	  0.787524	
  0.448674	  0.230470	  0.204732	  0.116123	
  0.273071	  0.194184	  0.280394	  0.252351	
  0.154495	  0.306966	  0.171074	  0.367465	
  0.172411	  0.318892	  0.268372	  0.240324	
  0.194235	  0.376159	  0.124108	  0.305497	
  0.317149	  0.206640	  0.091810	  0.384400	

URL http://cisbp.ccbr.utoronto.ca/TFreport.php?searchTF=T106998_1.02

MOTIF M4296_1.02 (Skud_Contig2034.8)_(Saccharomyces_cerevisiae)_(DBD_0.83)

letter-probability matrix: alength= 4 w= 8 nsites= 1 E= 0
  0.000997	  0.000997	  0.000997	  0.997009	
  0.000974	  0.000974	  0.023687	  0.974364	
  0.972947	  0.000973	  0.000973	  0.025107	
  0.000520	  0.520128	  0.478832	  0.000520	
  0.209451	  0.144356	  0.620503	  0.025690	
  0.035966	  0.036987	  0.028984	  0.898064	
  0.816276	  0.083576	  0.085666	  0.014483	
  0.992266	  0.000992	  0.000992	  0.005749	

URL http://cisbp.ccbr.utoronto.ca/TFreport.php?searchTF=T030316_1.02

MOTIF M4299_1.02 (Skud_Contig2067.15)_(Saccharomyces_cerevisiae)_(DBD_0.95)

letter-probability matrix: alength= 4 w= 20 nsites= 1 E= 0
  0.268614	  0.122700	  0.265909	  0.342777	
  0.259140	  0.344374	  0.237752	  0.158734	
  0.179766	  0.161550	  0.427007	  0.231677	
  0.227787	  0.205416	  0.240489	  0.326307	
  0.109600	  0.359943	  0.312309	  0.218149	
  0.341145	  0.139832	  0.433015	  0.086007	
  0.030401	  0.338455	  0.012751	  0.618393	
  0.460697	  0.004604	  0.520591	  0.014108	
  0.029720	  0.948501	  0.013051	  0.008728	
  0.003829	  0.128114	  0.866343	  0.001714	
  0.001229	  0.148653	  0.849176	  0.000941	
  0.004278	  0.987781	  0.005756	  0.002185	
  0.312182	  0.005584	  0.647777	  0.034457	
  0.045966	  0.829086	  0.011156	  0.113792	
  0.081686	  0.567373	  0.111967	  0.238974	
  0.325874	  0.143008	  0.405070	  0.126048	
  0.336718	  0.176576	  0.209919	  0.276787	
  0.157047	  0.211317	  0.193514	  0.438122	
  0.174549	  0.293678	  0.242982	  0.288791	
  0.385744	  0.175089	  0.258547	  0.180619	

URL http://cisbp.ccbr.utoronto.ca/TFreport.php?searchTF=T066933_1.02

MOTIF M4302_1.02 (Skud_Contig1988.6)_(Saccharomyces_cerevisiae)_(DBD_0.93)

letter-probability matrix: alength= 4 w= 10 nsites= 1 E= 0
  0.169000	  0.237000	  0.253000	  0.341000	
  0.113113	  0.085085	  0.141141	  0.660661	
  0.157842	  0.130869	  0.230769	  0.480519	
  0.005994	  0.019980	  0.009990	  0.964036	
  0.054054	  0.021021	  0.914915	  0.010010	
  0.004000	  0.068000	  0.004000	  0.924000	
  0.125000	  0.125000	  0.710000	  0.040000	
  0.168000	  0.095000	  0.064000	  0.673000	
  0.082000	  0.640000	  0.200000	  0.078000	
  0.097000	  0.114000	  0.634000	  0.155000	

URL http://cisbp.ccbr.utoronto.ca/TFreport.php?searchTF=T130589_1.02

MOTIF M4303_1.02 (Skud_Contig2046.9)_(Saccharomyces_cerevisiae)_(DBD_0.97)

letter-probability matrix: alength= 4 w= 8 nsites= 1 E= 0
  0.279969	  0.139650	  0.000580	  0.579801	
  0.584187	  0.226627	  0.130871	  0.058315	
  0.450443	  0.070979	  0.282232	  0.196347	
  0.074413	  0.541065	  0.220254	  0.164268	
  0.398854	  0.176321	  0.144905	  0.279921	
  0.000937	  0.937206	  0.034147	  0.027710	
  0.000969	  0.968596	  0.000969	  0.029466	
  0.018692	  0.008875	  0.971461	  0.000971	

URL http://cisbp.ccbr.utoronto.ca/TFreport.php?searchTF=T164756_1.02

MOTIF M4305_1.02 (Skud_Contig1913.2)_(Saccharomyces_cerevisiae)_(DBD_1.00)

letter-probability matrix: alength= 4 w= 9 nsites= 1 E= 0
  0.098098	  0.200200	  0.593594	  0.108108	
  0.035000	  0.030000	  0.913000	  0.022000	
  0.046000	  0.428000	  0.425000	  0.101000	
  0.017000	  0.876000	  0.072000	  0.035000	
  0.121000	  0.363000	  0.314000	  0.202000	
  0.324000	  0.309000	  0.313000	  0.054000	
  0.052000	  0.042000	  0.874000	  0.032000	
  0.217000	  0.279000	  0.420000	  0.084000	
  0.058941	  0.839161	  0.047952	  0.053946	

URL http://cisbp.ccbr.utoronto.ca/TFreport.php?searchTF=T106997_1.02

MOTIF M4308_1.02 (Skud_Contig1762.5)_(Saccharomyces_cerevisiae)_(DBD_0.76)

letter-probability matrix: alength= 4 w= 16 nsites= 1 E= 0
  1.000000	  0.000000	  0.000000	  0.000000	
  1.000000	  0.000000	  0.000000	  0.000000	
  0.000000	  0.000000	  0.000000	  1.000000	
  0.000000	  1.000000	  0.000000	  0.000000	
  1.000000	  0.000000	  0.000000	  0.000000	
  0.250000	  0.250000	  0.250000	  0.250000	
  0.250000	  0.250000	  0.250000	  0.250000	
  0.250000	  0.250000	  0.250000	  0.250000	
  0.250000	  0.250000	  0.250000	  0.250000	
  0.250000	  0.250000	  0.250000	  0.250000	
  0.250000	  0.250000	  0.250000	  0.250000	
  0.250000	  0.250000	  0.250000	  0.250000	
  0.250000	  0.250000	  0.250000	  0.250000	
  0.000000	  0.000000	  0.000000	  1.000000	
  0.000000	  0.000000	  1.000000	  0.000000	
  1.000000	  0.000000	  0.000000	  0.000000	

URL http://cisbp.ccbr.utoronto.ca/TFreport.php?searchTF=T153812_1.02

MOTIF M4312_1.02 (Skud_Contig1475.5)_(Saccharomyces_cerevisiae)_(DBD_0.98)

letter-probability matrix: alength= 4 w= 12 nsites= 1 E= 0
  0.307261	  0.242569	  0.239582	  0.210588	
  0.198617	  0.183866	  0.292619	  0.324899	
  0.239529	  0.000760	  0.758952	  0.000759	
  0.059275	  0.000903	  0.037026	  0.902797	
  0.773108	  0.225346	  0.000773	  0.000773	
  0.833053	  0.165281	  0.000833	  0.000833	
  0.997009	  0.000997	  0.000997	  0.000997	
  0.000844	  0.844473	  0.000844	  0.153838	
  0.969023	  0.029039	  0.000969	  0.000969	
  0.463405	  0.121009	  0.255022	  0.160564	
  0.205984	  0.235058	  0.449182	  0.109776	
  0.185368	  0.348149	  0.329331	  0.137152	

URL http://cisbp.ccbr.utoronto.ca/TFreport.php?searchTF=T083370_1.02

MOTIF M4313_1.02 (Skud_Contig1568.3)_(Saccharomyces_cerevisiae)_(DBD_0.97)

letter-probability matrix: alength= 4 w= 11 nsites= 1 E= 0
  0.355263	  0.210526	  0.236842	  0.197368	
  0.309211	  0.256579	  0.177632	  0.256579	
  0.802632	  0.039474	  0.118421	  0.039474	
  0.029605	  0.003289	  0.963816	  0.003289	
  0.976974	  0.003289	  0.003289	  0.016447	
  0.003289	  0.003289	  0.003289	  0.990132	
  0.003289	  0.990132	  0.003289	  0.003289	
  0.046053	  0.282895	  0.032895	  0.638158	
  0.398026	  0.200658	  0.226974	  0.174342	
  0.286184	  0.259868	  0.233553	  0.220395	
  0.332237	  0.240132	  0.213816	  0.213816	

URL http://cisbp.ccbr.utoronto.ca/TFreport.php?searchTF=T086002_1.02

MOTIF M4315_1.02 (Skud_Contig1859.1)_(Saccharomyces_cerevisiae)_(DBD_0.90)

letter-probability matrix: alength= 4 w= 18 nsites= 1 E= 0
  0.166667	  0.166667	  0.500000	  0.166667	
  0.166667	  0.166667	  0.166667	  0.500000	
  0.000000	  1.000000	  0.000000	  0.000000	
  0.000000	  0.000000	  1.000000	  0.000000	
  0.000000	  0.000000	  1.000000	  0.000000	
  0.000000	  1.000000	  0.000000	  0.000000	
  0.166667	  0.166667	  0.166667	  0.500000	
  0.166667	  0.500000	  0.166667	  0.166667	
  0.166667	  0.166667	  0.166667	  0.500000	
  0.500000	  0.166667	  0.166667	  0.166667	
  0.500000	  0.166667	  0.166667	  0.166667	
  0.166667	  0.166667	  0.500000	  0.166667	
  0.000000	  0.000000	  1.000000	  0.000000	
  0.000000	  1.000000	  0.000000	  0.000000	
  0.000000	  1.000000	  0.000000	  0.000000	
  0.000000	  0.000000	  1.000000	  0.000000	
  0.500000	  0.166667	  0.166667	  0.166667	
  0.166667	  0.500000	  0.166667	  0.166667	

URL http://cisbp.ccbr.utoronto.ca/TFreport.php?searchTF=T164738_1.02

MOTIF M4317_1.02 (Skud_Contig1640.1)_(Saccharomyces_cerevisiae)_(DBD_0.97)

letter-probability matrix: alength= 4 w= 13 nsites= 1 E= 0
  0.055000	  0.280000	  0.081000	  0.584000	
  0.005000	  0.931000	  0.043000	  0.021000	
  0.043000	  0.697000	  0.205000	  0.055000	
  0.596404	  0.037962	  0.282717	  0.082917	
  0.089910	  0.068931	  0.188811	  0.652348	
  0.123000	  0.135000	  0.159000	  0.583000	
  0.412000	  0.269000	  0.182000	  0.137000	
  0.507000	  0.073000	  0.358000	  0.062000	
  0.157000	  0.170000	  0.417000	  0.256000	
  0.012000	  0.946000	  0.017000	  0.025000	
  0.020979	  0.913087	  0.033966	  0.031968	
  0.012000	  0.030000	  0.945000	  0.013000	
  0.377000	  0.140000	  0.329000	  0.154000	

URL http://cisbp.ccbr.utoronto.ca/TFreport.php?searchTF=T164731_1.02

MOTIF M4319_1.02 (Skud_Contig1954.8)_(Saccharomyces_cerevisiae)_(DBD_0.93)

letter-probability matrix: alength= 4 w= 21 nsites= 1 E= 0
  0.322548	  0.207571	  0.190454	  0.279426	
  0.160074	  0.172216	  0.229316	  0.438395	
  0.219382	  0.289418	  0.168908	  0.322291	
  0.461381	  0.124628	  0.184273	  0.229718	
  0.349612	  0.201072	  0.233241	  0.216074	
  0.342502	  0.144311	  0.281900	  0.231287	
  0.566078	  0.022501	  0.017576	  0.393844	
  0.849427	  0.009370	  0.020674	  0.120529	
  0.400368	  0.164609	  0.182670	  0.252352	
  0.003731	  0.916518	  0.010544	  0.069207	
  0.004779	  0.177764	  0.038898	  0.778560	
  0.003126	  0.985672	  0.001336	  0.009866	
  0.000987	  0.972506	  0.025512	  0.000994	
  0.000802	  0.030741	  0.967169	  0.001288	
  0.136500	  0.004161	  0.849357	  0.009982	
  0.708847	  0.060727	  0.197735	  0.032691	
  0.289826	  0.183904	  0.438604	  0.087666	
  0.164184	  0.172297	  0.205085	  0.458434	
  0.373681	  0.101036	  0.232782	  0.292501	
  0.225637	  0.168325	  0.299085	  0.306953	
  0.322790	  0.212682	  0.195581	  0.268947	

URL http://cisbp.ccbr.utoronto.ca/TFreport.php?searchTF=T164747_1.02

MOTIF M4320_1.02 (Skud_Contig1451.2)_(Saccharomyces_cerevisiae)_(DBD_0.97)

letter-probability matrix: alength= 4 w= 6 nsites= 1 E= 0
  0.011904	  0.011904	  0.964289	  0.011904	
  0.964289	  0.011904	  0.011904	  0.011904	
  0.011904	  0.011904	  0.011904	  0.964289	
  0.964289	  0.011904	  0.011904	  0.011904	
  0.964289	  0.011904	  0.011904	  0.011904	
  0.011904	  0.011904	  0.964289	  0.011904	

URL http://cisbp.ccbr.utoronto.ca/TFreport.php?searchTF=T086000_1.02

MOTIF M4322_1.02 (Skud_Contig1911.4)_(Saccharomyces_cerevisiae)_(DBD_0.98)

letter-probability matrix: alength= 4 w= 8 nsites= 1 E= 0
  0.158101	  0.347706	  0.234064	  0.260129	
  0.054198	  0.943914	  0.000944	  0.000944	
  0.851276	  0.039799	  0.041101	  0.067825	
  0.008522	  0.707117	  0.049200	  0.235161	
  0.177276	  0.148503	  0.666920	  0.007302	
  0.144402	  0.101783	  0.043273	  0.710542	
  0.025363	  0.069058	  0.748548	  0.157031	
  0.394569	  0.153235	  0.157514	  0.294683	

URL http://cisbp.ccbr.utoronto.ca/TFreport.php?searchTF=T020736_1.02

MOTIF M4328_1.02 (Skud_Contig2056.3)_(Saccharomyces_cerevisiae)_(DBD_0.97)

letter-probability matrix: alength= 4 w= 8 nsites= 1 E= 0
  0.004008	  0.475952	  0.489980	  0.030060	
  0.108108	  0.719720	  0.142142	  0.030030	
  0.150150	  0.294294	  0.154154	  0.401401	
  0.003006	  0.032064	  0.944890	  0.020040	
  0.044044	  0.941942	  0.011011	  0.003003	
  0.502000	  0.117000	  0.269000	  0.112000	
  0.010010	  0.151151	  0.699700	  0.139139	
  0.060120	  0.135271	  0.783567	  0.021042	

URL http://cisbp.ccbr.utoronto.ca/TFreport.php?searchTF=T006869_1.02

MOTIF M4330_1.02 (Skud_Contig1582.3)_(Saccharomyces_cerevisiae)_(DBD_1.00)

letter-probability matrix: alength= 4 w= 5 nsites= 1 E= 0
  0.831197	  0.002137	  0.164530	  0.002137	
  0.002137	  0.002137	  0.993590	  0.002137	
  0.002137	  0.002137	  0.993590	  0.002137	
  0.002137	  0.002137	  0.993590	  0.002137	
  0.002137	  0.002137	  0.985043	  0.010684	

URL http://cisbp.ccbr.utoronto.ca/TFreport.php?searchTF=T066923_1.02

MOTIF M4333_1.02 (Skud_Contig1844.2)_(Saccharomyces_cerevisiae)_(DBD_1.00)

letter-probability matrix: alength= 4 w= 5 nsites= 1 E= 0
  1.000000	  0.000000	  0.000000	  0.000000	
  0.000000	  0.000000	  0.000000	  1.000000	
  0.000000	  1.000000	  0.000000	  0.000000	
  1.000000	  0.000000	  0.000000	  0.000000	
  0.500000	  0.000000	  0.500000	  0.000000	

URL http://cisbp.ccbr.utoronto.ca/TFreport.php?searchTF=T086005_1.02

MOTIF M4334_1.02 (Skud_Contig1775.2)_(Saccharomyces_cerevisiae)_(DBD_0.80)

letter-probability matrix: alength= 4 w= 21 nsites= 1 E= 0
  0.260381	  0.345396	  0.215019	  0.179203	
  0.225161	  0.313359	  0.227826	  0.233654	
  0.197999	  0.289180	  0.398453	  0.114368	
  0.253308	  0.282273	  0.205664	  0.258755	
  0.177317	  0.357585	  0.311206	  0.153893	
  0.121930	  0.167428	  0.111408	  0.599234	
  0.292774	  0.038626	  0.080542	  0.588059	
  0.863925	  0.006643	  0.023154	  0.106278	
  0.191951	  0.019525	  0.027790	  0.760735	
  0.030590	  0.430453	  0.050836	  0.488121	
  0.004288	  0.148896	  0.013543	  0.833273	
  0.001691	  0.988984	  0.005795	  0.003530	
  0.001678	  0.990739	  0.005055	  0.002528	
  0.013309	  0.001347	  0.979330	  0.006014	
  0.005002	  0.289596	  0.176292	  0.529110	
  0.040247	  0.230556	  0.253744	  0.475453	
  0.323539	  0.326573	  0.274666	  0.075223	
  0.235091	  0.222300	  0.246712	  0.295897	
  0.188601	  0.304688	  0.283082	  0.223629	
  0.165793	  0.267970	  0.340389	  0.225849	
  0.164299	  0.228445	  0.319646	  0.287609	

URL http://cisbp.ccbr.utoronto.ca/TFreport.php?searchTF=T164735_1.02

MOTIF M4335_1.02 (Skud_Contig1606.3)_(Saccharomyces_cerevisiae)_(DBD_1.00)

letter-probability matrix: alength= 4 w= 8 nsites= 1 E= 0
  0.131351	  0.507522	  0.240876	  0.120251	
  0.185949	  0.340578	  0.286850	  0.186623	
  0.311019	  0.542695	  0.059262	  0.087024	
  0.000997	  0.000997	  0.997009	  0.000997	
  0.997009	  0.000997	  0.000997	  0.000997	
  0.000997	  0.000997	  0.000997	  0.997009	
  0.772742	  0.039219	  0.028233	  0.159805	
  0.308741	  0.098870	  0.221680	  0.370709	

URL http://cisbp.ccbr.utoronto.ca/TFreport.php?searchTF=T086003_1.02

MOTIF M4336_1.02 (Skud_Contig2028.5)_(Saccharomyces_cerevisiae)_(DBD_0.97)

letter-probability matrix: alength= 4 w= 6 nsites= 1 E= 0
  0.007992	  0.004995	  0.979021	  0.007992	
  0.982018	  0.004995	  0.004995	  0.007992	
  0.007992	  0.004995	  0.979021	  0.007992	
  0.007992	  0.004995	  0.004995	  0.982018	
  0.007992	  0.924076	  0.059940	  0.007992	
  0.927073	  0.004995	  0.004995	  0.062937	

URL http://cisbp.ccbr.utoronto.ca/TFreport.php?searchTF=T125555_1.02

MOTIF M4339_1.02 (Skud_Contig2025.12)_(Saccharomyces_cerevisiae)_(DBD_0.97)

letter-probability matrix: alength= 4 w= 9 nsites= 1 E= 0
  0.647661	  0.086257	  0.203216	  0.062865	
  0.084795	  0.020468	  0.880117	  0.014620	
  0.919591	  0.001462	  0.001462	  0.077485	
  0.119883	  0.002924	  0.008772	  0.868421	
  0.029240	  0.941520	  0.011696	  0.017544	
  0.059942	  0.270468	  0.042398	  0.627193	
  0.514620	  0.187135	  0.181287	  0.116959	
  0.283626	  0.330409	  0.213450	  0.172515	
