MEME version 4

ALPHABET= ACGT

strands: + -

Background letter frequencies (from uniform background):
A 0.25000 C 0.25000 G 0.25000 T 0.25000 

MOTIF M0118_1.02 (Scas_Contig718.47)_(Arabidopsis_thaliana)_(DBD_0.52)

letter-probability matrix: alength= 4 w= 9 nsites= 1 E= 0
  0.241564	  0.266970	  0.261683	  0.229783	
  0.209390	  0.306188	  0.250685	  0.233737	
  0.345181	  0.182011	  0.303102	  0.169706	
  0.329720	  0.179153	  0.251701	  0.239426	
  0.411309	  0.042920	  0.202217	  0.343554	
  0.710467	  0.047747	  0.000515	  0.241271	
  0.886835	  0.000921	  0.045045	  0.067199	
  0.454667	  0.009772	  0.038075	  0.497485	
  0.212559	  0.177544	  0.097438	  0.512458	

URL http://cisbp.ccbr.utoronto.ca/TFreport.php?searchTF=T008884_1.02

MOTIF M2118_1.02 (Scas_Contig712.15)_(Saccharomyces_cerevisiae)_(DBD_0.88)

letter-probability matrix: alength= 4 w= 5 nsites= 1 E= 0
  0.000000	  0.000000	  0.000000	  1.000000	
  0.000000	  0.000000	  0.010160	  0.989840	
  0.005578	  0.000000	  0.994422	  0.000000	
  0.000000	  0.000000	  0.998223	  0.001777	
  0.158006	  0.378979	  0.030665	  0.432350	

URL http://cisbp.ccbr.utoronto.ca/TFreport.php?searchTF=T070727_1.02

MOTIF M4199_1.02 (Scas_Contig715.32)_(Saccharomyces_cerevisiae)_(DBD_0.75)

letter-probability matrix: alength= 4 w= 11 nsites= 1 E= 0
  0.184000	  0.252000	  0.295000	  0.269000	
  0.535000	  0.090000	  0.247000	  0.128000	
  0.033000	  0.039000	  0.040000	  0.888000	
  0.047047	  0.219219	  0.584585	  0.149149	
  0.809191	  0.092907	  0.039960	  0.057942	
  0.005005	  0.969970	  0.003003	  0.022022	
  0.040000	  0.067000	  0.156000	  0.737000	
  0.055000	  0.780000	  0.102000	  0.063000	
  0.525000	  0.102000	  0.159000	  0.214000	
  0.021000	  0.275000	  0.123000	  0.581000	
  0.206000	  0.356000	  0.143000	  0.295000	

URL http://cisbp.ccbr.utoronto.ca/TFreport.php?searchTF=T020733_1.02

MOTIF M4204_1.02 (Scas_Contig718.44)_(Saccharomyces_cerevisiae)_(DBD_0.88)

letter-probability matrix: alength= 4 w= 8 nsites= 1 E= 0
  0.381219	  0.372382	  0.051597	  0.194802	
  0.816599	  0.028502	  0.154083	  0.000817	
  0.000985	  0.001395	  0.985099	  0.012520	
  0.000997	  0.000997	  0.997009	  0.000997	
  0.002465	  0.000996	  0.995544	  0.000996	
  0.204414	  0.065490	  0.079540	  0.650555	
  0.137896	  0.624717	  0.000625	  0.236763	
  0.000345	  0.381015	  0.344576	  0.274064	

URL http://cisbp.ccbr.utoronto.ca/TFreport.php?searchTF=T066912_1.02

MOTIF M4208_1.02 (Scas_Contig664.4)_(Saccharomyces_cerevisiae)_(DBD_0.88)

letter-probability matrix: alength= 4 w= 21 nsites= 1 E= 0
  0.261529	  0.229270	  0.172952	  0.336249	
  0.168474	  0.201074	  0.381034	  0.249418	
  0.097684	  0.455860	  0.290116	  0.156340	
  0.269202	  0.101553	  0.104155	  0.525089	
  0.279409	  0.271500	  0.275034	  0.174056	
  0.393314	  0.146775	  0.262911	  0.196999	
  0.130193	  0.147261	  0.085376	  0.637170	
  0.402545	  0.060597	  0.041016	  0.495841	
  0.097427	  0.234068	  0.033912	  0.634593	
  0.750868	  0.125165	  0.046003	  0.077965	
  0.865617	  0.018378	  0.018798	  0.097207	
  0.097207	  0.018798	  0.018378	  0.865617	
  0.077965	  0.046003	  0.125165	  0.750868	
  0.634593	  0.033912	  0.234068	  0.097427	
  0.350237	  0.112232	  0.128639	  0.408892	
  0.637170	  0.085376	  0.147261	  0.130193	
  0.149412	  0.047445	  0.623403	  0.179740	
  0.201987	  0.158587	  0.554009	  0.085417	
  0.196195	  0.137159	  0.097629	  0.569017	
  0.356039	  0.265821	  0.188299	  0.189841	
  0.409458	  0.235182	  0.244325	  0.111035	

URL http://cisbp.ccbr.utoronto.ca/TFreport.php?searchTF=T112804_1.02

MOTIF M4210_1.02 (Scas_Contig597.4)_(Saccharomyces_cerevisiae)_(DBD_0.82)

letter-probability matrix: alength= 4 w= 20 nsites= 1 E= 0
  0.178000	  0.276000	  0.381000	  0.165000	
  0.164000	  0.659000	  0.046000	  0.131000	
  0.146853	  0.153846	  0.568432	  0.130869	
  0.071000	  0.135000	  0.613000	  0.181000	
  0.321321	  0.160160	  0.359359	  0.159159	
  0.180000	  0.222000	  0.148000	  0.450000	
  0.155000	  0.233000	  0.276000	  0.336000	
  0.111000	  0.185000	  0.298000	  0.406000	
  0.188000	  0.213000	  0.188000	  0.411000	
  0.160000	  0.200000	  0.265000	  0.375000	
  0.106106	  0.224224	  0.198198	  0.471471	
  0.092092	  0.144144	  0.496496	  0.267267	
  0.241241	  0.243243	  0.311311	  0.204204	
  0.370000	  0.184000	  0.291000	  0.155000	
  0.149000	  0.465000	  0.167000	  0.219000	
  0.242000	  0.208000	  0.300000	  0.250000	
  0.121000	  0.747000	  0.058000	  0.074000	
  0.089089	  0.726727	  0.076076	  0.108108	
  0.014000	  0.042000	  0.878000	  0.066000	
  0.205000	  0.242000	  0.098000	  0.455000	

URL http://cisbp.ccbr.utoronto.ca/TFreport.php?searchTF=T164693_1.02

MOTIF M4217_1.02 (Scas_Contig720.88)_(Saccharomyces_cerevisiae)_(DBD_0.62)

letter-probability matrix: alength= 4 w= 8 nsites= 1 E= 0
  0.513075	  0.160895	  0.248858	  0.077172	
  0.272549	  0.076780	  0.041351	  0.609320	
  0.670106	  0.315845	  0.006581	  0.007468	
  0.946809	  0.053191	  0.000000	  0.000000	
  1.000000	  0.000000	  0.000000	  0.000000	
  0.007021	  0.855953	  0.004388	  0.132638	
  0.950104	  0.017114	  0.015356	  0.017426	
  0.580308	  0.170674	  0.108697	  0.140321	

URL http://cisbp.ccbr.utoronto.ca/TFreport.php?searchTF=T083369_1.02

MOTIF M4228_1.02 (Scas_Contig661.23)_(Saccharomyces_cerevisiae)_(DBD_0.78)

letter-probability matrix: alength= 4 w= 15 nsites= 1 E= 0
  0.600000	  0.000000	  0.000000	  0.400000	
  0.600000	  0.000000	  0.000000	  0.400000	
  0.000000	  0.000000	  0.000000	  1.000000	
  0.100000	  0.000000	  0.100000	  0.800000	
  0.000000	  1.000000	  0.000000	  0.000000	
  0.000000	  1.000000	  0.000000	  0.000000	
  0.400000	  0.100000	  0.500000	  0.000000	
  0.200000	  0.300000	  0.400000	  0.100000	
  0.100000	  0.600000	  0.000000	  0.300000	
  0.000000	  0.000000	  1.000000	  0.000000	
  0.000000	  0.000000	  1.000000	  0.000000	
  0.600000	  0.100000	  0.200000	  0.100000	
  0.900000	  0.000000	  0.000000	  0.100000	
  0.300000	  0.000000	  0.100000	  0.600000	
  0.200000	  0.200000	  0.000000	  0.600000	

URL http://cisbp.ccbr.utoronto.ca/TFreport.php?searchTF=T164702_1.02

MOTIF M4233_1.02 (Scas_Contig681.19)_(Saccharomyces_cerevisiae)_(DBD_0.88)

letter-probability matrix: alength= 4 w= 9 nsites= 1 E= 0
  0.300733	  0.183374	  0.193154	  0.322738	
  0.273839	  0.156479	  0.110024	  0.459658	
  0.317848	  0.151589	  0.044010	  0.486553	
  1.000000	  0.000000	  0.000000	  0.000000	
  0.127139	  0.000000	  0.872861	  0.000000	
  0.000000	  0.000000	  1.000000	  0.000000	
  0.000000	  0.000000	  1.000000	  0.000000	
  0.029340	  0.000000	  0.970660	  0.000000	
  0.251834	  0.124694	  0.215159	  0.408313	

URL http://cisbp.ccbr.utoronto.ca/TFreport.php?searchTF=T066894_1.02

MOTIF M4235_1.02 (Scas_Contig693.31)_(Saccharomyces_cerevisiae)_(DBD_0.84)

letter-probability matrix: alength= 4 w= 8 nsites= 1 E= 0
  0.076923	  0.076923	  0.230769	  0.615385	
  0.000000	  0.000000	  1.000000	  0.000000	
  0.000000	  1.000000	  0.000000	  0.000000	
  0.000000	  0.000000	  0.000000	  1.000000	
  0.000000	  0.000000	  1.000000	  0.000000	
  0.000000	  0.000000	  1.000000	  0.000000	
  0.038462	  0.038462	  0.269231	  0.653846	
  0.250000	  0.250000	  0.096154	  0.403846	

URL http://cisbp.ccbr.utoronto.ca/TFreport.php?searchTF=T066898_1.02

MOTIF M4239_1.02 (Scas_Contig721.92)_(Saccharomyces_cerevisiae)_(DBD_0.77)

letter-probability matrix: alength= 4 w= 7 nsites= 1 E= 0
  0.093123	  0.059999	  0.505577	  0.341301	
  0.095242	  0.202811	  0.059809	  0.642138	
  0.000000	  0.000000	  1.000000	  0.000000	
  0.000000	  0.000000	  1.000000	  0.000000	
  0.146597	  0.000000	  0.853403	  0.000000	
  0.001114	  0.001304	  0.996309	  0.001273	
  0.221005	  0.130670	  0.241650	  0.406675	

URL http://cisbp.ccbr.utoronto.ca/TFreport.php?searchTF=T066916_1.02

MOTIF M4240_1.02 (Scas_Contig721.56)_(Saccharomyces_cerevisiae)_(DBD_0.72)

letter-probability matrix: alength= 4 w= 8 nsites= 1 E= 0
  0.149579	  0.113163	  0.070576	  0.666681	
  0.084934	  0.000888	  0.887596	  0.026582	
  0.045697	  0.041194	  0.013738	  0.899371	
  0.000997	  0.000997	  0.997009	  0.000997	
  0.000793	  0.101753	  0.792847	  0.104608	
  0.187352	  0.603413	  0.093865	  0.115371	
  0.440019	  0.021210	  0.348251	  0.190519	
  0.080985	  0.408432	  0.236464	  0.274119	

URL http://cisbp.ccbr.utoronto.ca/TFreport.php?searchTF=T066915_1.02

MOTIF M4243_1.02 (Scas_Contig588.11)_(Saccharomyces_cerevisiae)_(DBD_0.85)

letter-probability matrix: alength= 4 w= 7 nsites= 1 E= 0
  0.176573	  0.337413	  0.260490	  0.225524	
  0.141608	  0.365385	  0.302448	  0.190559	
  0.204545	  0.183566	  0.547203	  0.064685	
  0.001748	  0.994755	  0.001748	  0.001748	
  0.001748	  0.001748	  0.994755	  0.001748	
  0.001748	  0.994755	  0.001748	  0.001748	
  0.036713	  0.050699	  0.910839	  0.001748	

URL http://cisbp.ccbr.utoronto.ca/TFreport.php?searchTF=T164689_1.02

MOTIF M4252_1.02 (Scas_Contig660.12)_(Saccharomyces_cerevisiae)_(DBD_0.78)

letter-probability matrix: alength= 4 w= 8 nsites= 1 E= 0
  0.043475	  0.304405	  0.130404	  0.521715	
  0.304335	  0.000000	  0.695665	  0.000000	
  0.000000	  1.000000	  0.000000	  0.000000	
  0.000000	  0.000000	  0.956530	  0.043470	
  0.086934	  0.000000	  0.913066	  0.000000	
  0.000000	  1.000000	  0.000000	  0.000000	
  0.043480	  0.000000	  0.434743	  0.521777	
  0.043483	  0.347798	  0.260856	  0.347863	

URL http://cisbp.ccbr.utoronto.ca/TFreport.php?searchTF=T066893_1.02

MOTIF M4255_1.02 (Scas_Contig663.23)_(Saccharomyces_cerevisiae)_(DBD_0.78)

letter-probability matrix: alength= 4 w= 8 nsites= 1 E= 0
  0.538827	  0.103527	  0.357108	  0.000539	
  0.000997	  0.000997	  0.000997	  0.997009	
  0.000972	  0.000972	  0.972361	  0.025695	
  0.997009	  0.000997	  0.000997	  0.000997	
  0.000719	  0.719011	  0.275700	  0.004570	
  0.091972	  0.022445	  0.000885	  0.884699	
  0.105908	  0.888764	  0.000889	  0.004440	
  0.810068	  0.023153	  0.106526	  0.060253	

URL http://cisbp.ccbr.utoronto.ca/TFreport.php?searchTF=T030297_1.02

MOTIF M4256_1.02 (Scas_Contig687.33)_(Saccharomyces_cerevisiae)_(DBD_0.79)

letter-probability matrix: alength= 4 w= 7 nsites= 1 E= 0
  0.142406	  0.230826	  0.221607	  0.405160	
  0.090188	  0.165111	  0.690994	  0.053707	
  0.013951	  0.552753	  0.020831	  0.412465	
  0.000000	  0.000000	  1.000000	  0.000000	
  0.000000	  0.000000	  1.000000	  0.000000	
  0.060345	  0.000000	  0.939655	  0.000000	
  0.006976	  0.009135	  0.975932	  0.007957	

URL http://cisbp.ccbr.utoronto.ca/TFreport.php?searchTF=T066897_1.02

MOTIF M4257_1.02 (Scas_Contig687.24)_(Saccharomyces_cerevisiae)_(DBD_0.94)

letter-probability matrix: alength= 4 w= 5 nsites= 1 E= 0
  0.000454	  0.000454	  0.998639	  0.000454	
  0.998639	  0.000454	  0.000454	  0.000454	
  0.000454	  0.000454	  0.000454	  0.998639	
  0.742740	  0.000454	  0.000454	  0.256352	
  0.613884	  0.000454	  0.269056	  0.116606	

URL http://cisbp.ccbr.utoronto.ca/TFreport.php?searchTF=T085996_1.02

MOTIF M4265_1.02 (Scas_Contig602.9)_(Saccharomyces_cerevisiae)_(DBD_0.83)

letter-probability matrix: alength= 4 w= 9 nsites= 1 E= 0
  0.336788	  0.051813	  0.290155	  0.321244	
  0.751296	  0.036269	  0.000000	  0.212435	
  0.316062	  0.082902	  0.000000	  0.601036	
  1.000000	  0.000000	  0.000000	  0.000000	
  0.000000	  0.000000	  1.000000	  0.000000	
  0.000000	  0.000000	  1.000000	  0.000000	
  0.088083	  0.000000	  0.911917	  0.000000	
  0.020725	  0.005181	  0.974094	  0.000000	
  0.129534	  0.233161	  0.290155	  0.347150	

URL http://cisbp.ccbr.utoronto.ca/TFreport.php?searchTF=T066886_1.02

MOTIF M4266_1.02 (Scas_Contig555.3)_(Saccharomyces_cerevisiae)_(DBD_0.99)

letter-probability matrix: alength= 4 w= 21 nsites= 1 E= 0
  0.277896	  0.250994	  0.386874	  0.084236	
  0.337701	  0.191203	  0.147499	  0.323596	
  0.253161	  0.345476	  0.088062	  0.313301	
  0.160289	  0.200315	  0.154575	  0.484821	
  0.545495	  0.139664	  0.154641	  0.160199	
  0.115326	  0.098646	  0.701617	  0.084410	
  0.287085	  0.198825	  0.266325	  0.247765	
  0.332186	  0.110816	  0.027332	  0.529666	
  0.907072	  0.007916	  0.025927	  0.059085	
  0.012689	  0.007855	  0.023849	  0.955608	
  0.981186	  0.002417	  0.004390	  0.012006	
  0.038291	  0.001865	  0.005177	  0.954667	
  0.970929	  0.002253	  0.006019	  0.020798	
  0.044741	  0.004462	  0.003313	  0.947483	
  0.883835	  0.010075	  0.024913	  0.081177	
  0.186324	  0.062165	  0.094376	  0.657135	
  0.264806	  0.122748	  0.129197	  0.483248	
  0.137280	  0.380802	  0.369687	  0.112231	
  0.266096	  0.228247	  0.383999	  0.121658	
  0.350006	  0.176397	  0.172576	  0.301021	
  0.248908	  0.193837	  0.270884	  0.286371	

URL http://cisbp.ccbr.utoronto.ca/TFreport.php?searchTF=T150911_1.02

MOTIF M4270_1.02 (Scas_Contig707.16)_(Saccharomyces_cerevisiae)_(DBD_0.80)

letter-probability matrix: alength= 4 w= 8 nsites= 1 E= 0
  0.319149	  0.085106	  0.063830	  0.531915	
  0.085106	  0.085106	  0.170213	  0.659574	
  0.106383	  0.000000	  0.000000	  0.893617	
  0.021277	  0.000000	  0.957447	  0.021277	
  1.000000	  0.000000	  0.000000	  0.000000	
  0.021277	  0.000000	  0.000000	  0.978723	
  0.553191	  0.021277	  0.000000	  0.425532	
  0.744681	  0.000000	  0.000000	  0.255319	

URL http://cisbp.ccbr.utoronto.ca/TFreport.php?searchTF=T085998_1.02

MOTIF M4271_1.02 (Scas_Contig707.4)_(Saccharomyces_cerevisiae)_(DBD_0.56)

letter-probability matrix: alength= 4 w= 12 nsites= 1 E= 0
  0.515737	  0.048552	  0.135243	  0.300467	
  0.202883	  0.055139	  0.546926	  0.195052	
  0.100050	  0.000885	  0.884810	  0.014255	
  0.739152	  0.243117	  0.000741	  0.016990	
  0.028217	  0.918421	  0.000919	  0.052443	
  0.979716	  0.000980	  0.000980	  0.018325	
  0.000972	  0.970252	  0.007485	  0.021291	
  0.067383	  0.062527	  0.869221	  0.000869	
  0.085060	  0.087673	  0.101073	  0.726194	
  0.563717	  0.120622	  0.254631	  0.061029	
  0.087230	  0.278291	  0.061829	  0.572651	
  0.199688	  0.313834	  0.377010	  0.109468	

URL http://cisbp.ccbr.utoronto.ca/TFreport.php?searchTF=T030303_1.02

MOTIF M4276_1.02 (Scas_Contig575.3)_(Saccharomyces_cerevisiae)_(DBD_0.88)

letter-probability matrix: alength= 4 w= 7 nsites= 1 E= 0
  0.071259	  0.298663	  0.583022	  0.047056	
  0.007434	  0.498571	  0.033741	  0.460255	
  0.000000	  0.000000	  1.000000	  0.000000	
  0.000000	  0.000000	  1.000000	  0.000000	
  0.000000	  0.000000	  1.000000	  0.000000	
  0.008921	  0.011618	  0.969378	  0.010083	
  0.179476	  0.146057	  0.353710	  0.320756	

URL http://cisbp.ccbr.utoronto.ca/TFreport.php?searchTF=T066884_1.02

MOTIF M4279_1.02 (Scas_Contig720.20)_(Saccharomyces_cerevisiae)_(DBD_0.80)

letter-probability matrix: alength= 4 w= 8 nsites= 1 E= 0
  0.040000	  0.103000	  0.047000	  0.810000	
  0.010000	  0.021000	  0.025000	  0.944000	
  0.036000	  0.939000	  0.021000	  0.004000	
  0.001998	  0.001998	  0.002997	  0.993007	
  0.740000	  0.059000	  0.178000	  0.023000	
  0.029029	  0.033033	  0.733734	  0.204204	
  0.979000	  0.013000	  0.006000	  0.002000	
  0.844000	  0.057000	  0.045000	  0.054000	

URL http://cisbp.ccbr.utoronto.ca/TFreport.php?searchTF=T106995_1.02

MOTIF M4291_1.02 (Scas_Contig712.42)_(Saccharomyces_cerevisiae)_(DBD_0.90)

letter-probability matrix: alength= 4 w= 7 nsites= 1 E= 0
  0.154035	  0.241668	  0.242841	  0.361456	
  0.058427	  0.130212	  0.765757	  0.045604	
  0.012397	  0.520648	  0.107529	  0.359426	
  0.000000	  0.000000	  1.000000	  0.000000	
  0.000000	  0.000000	  1.000000	  0.000000	
  0.000000	  0.000000	  1.000000	  0.000000	
  0.012397	  0.016223	  0.957087	  0.014293	

URL http://cisbp.ccbr.utoronto.ca/TFreport.php?searchTF=T066907_1.02

MOTIF M4294_1.02 (Scas_Contig683.25)_(Saccharomyces_cerevisiae)_(DBD_0.72)

letter-probability matrix: alength= 4 w= 14 nsites= 1 E= 0
  0.246377	  0.258799	  0.238095	  0.256729	
  0.262940	  0.256729	  0.260870	  0.219462	
  0.265010	  0.260870	  0.219462	  0.254658	
  0.256729	  0.252588	  0.238095	  0.252588	
  0.298137	  0.202899	  0.258799	  0.240166	
  0.310559	  0.202899	  0.256729	  0.229814	
  0.308489	  0.165631	  0.260870	  0.265010	
  0.010352	  0.008282	  0.981366	  0.000000	
  0.279503	  0.308489	  0.004141	  0.407867	
  0.000000	  0.000000	  0.993789	  0.006211	
  0.000000	  0.000000	  1.000000	  0.000000	
  0.012422	  0.000000	  0.987578	  0.000000	
  0.000000	  0.000000	  1.000000	  0.000000	
  0.136646	  0.269151	  0.236025	  0.358178	

URL http://cisbp.ccbr.utoronto.ca/TFreport.php?searchTF=T066896_1.02

MOTIF M4296_1.02 (Scas_Contig673.3)_(Saccharomyces_cerevisiae)_(DBD_0.69)

letter-probability matrix: alength= 4 w= 8 nsites= 1 E= 0
  0.000997	  0.000997	  0.000997	  0.997009	
  0.000974	  0.000974	  0.023687	  0.974364	
  0.972947	  0.000973	  0.000973	  0.025107	
  0.000520	  0.520128	  0.478832	  0.000520	
  0.209451	  0.144356	  0.620503	  0.025690	
  0.035966	  0.036987	  0.028984	  0.898064	
  0.816276	  0.083576	  0.085666	  0.014483	
  0.992266	  0.000992	  0.000992	  0.005749	

URL http://cisbp.ccbr.utoronto.ca/TFreport.php?searchTF=T030299_1.02

MOTIF M4299_1.02 (Scas_Contig641.24)_(Saccharomyces_cerevisiae)_(DBD_0.74)

letter-probability matrix: alength= 4 w= 20 nsites= 1 E= 0
  0.268614	  0.122700	  0.265909	  0.342777	
  0.259140	  0.344374	  0.237752	  0.158734	
  0.179766	  0.161550	  0.427007	  0.231677	
  0.227787	  0.205416	  0.240489	  0.326307	
  0.109600	  0.359943	  0.312309	  0.218149	
  0.341145	  0.139832	  0.433015	  0.086007	
  0.030401	  0.338455	  0.012751	  0.618393	
  0.460697	  0.004604	  0.520591	  0.014108	
  0.029720	  0.948501	  0.013051	  0.008728	
  0.003829	  0.128114	  0.866343	  0.001714	
  0.001229	  0.148653	  0.849176	  0.000941	
  0.004278	  0.987781	  0.005756	  0.002185	
  0.312182	  0.005584	  0.647777	  0.034457	
  0.045966	  0.829086	  0.011156	  0.113792	
  0.081686	  0.567373	  0.111967	  0.238974	
  0.325874	  0.143008	  0.405070	  0.126048	
  0.336718	  0.176576	  0.209919	  0.276787	
  0.157047	  0.211317	  0.193514	  0.438122	
  0.174549	  0.293678	  0.242982	  0.288791	
  0.385744	  0.175089	  0.258547	  0.180619	

URL http://cisbp.ccbr.utoronto.ca/TFreport.php?searchTF=T066890_1.02

MOTIF M4307_1.02 (Scas_Contig704.49)_(Saccharomyces_cerevisiae)_(DBD_0.75)

letter-probability matrix: alength= 4 w= 9 nsites= 1 E= 0
  0.473684	  0.105263	  0.315789	  0.105263	
  0.013158	  0.013158	  0.013158	  0.960526	
  0.013158	  0.013158	  0.907895	  0.065789	
  1.000000	  0.000000	  0.000000	  0.000000	
  0.000000	  1.000000	  0.000000	  0.000000	
  0.052632	  0.000000	  0.947368	  0.000000	
  0.000000	  0.000000	  0.000000	  1.000000	
  0.447368	  0.289474	  0.078947	  0.184211	
  0.460526	  0.144737	  0.197368	  0.197368	

URL http://cisbp.ccbr.utoronto.ca/TFreport.php?searchTF=T030302_1.02

MOTIF M4308_1.02 (Scas_Contig701.7)_(Saccharomyces_cerevisiae)_(DBD_0.79)

letter-probability matrix: alength= 4 w= 16 nsites= 1 E= 0
  1.000000	  0.000000	  0.000000	  0.000000	
  1.000000	  0.000000	  0.000000	  0.000000	
  0.000000	  0.000000	  0.000000	  1.000000	
  0.000000	  1.000000	  0.000000	  0.000000	
  1.000000	  0.000000	  0.000000	  0.000000	
  0.250000	  0.250000	  0.250000	  0.250000	
  0.250000	  0.250000	  0.250000	  0.250000	
  0.250000	  0.250000	  0.250000	  0.250000	
  0.250000	  0.250000	  0.250000	  0.250000	
  0.250000	  0.250000	  0.250000	  0.250000	
  0.250000	  0.250000	  0.250000	  0.250000	
  0.250000	  0.250000	  0.250000	  0.250000	
  0.250000	  0.250000	  0.250000	  0.250000	
  0.000000	  0.000000	  0.000000	  1.000000	
  0.000000	  0.000000	  1.000000	  0.000000	
  1.000000	  0.000000	  0.000000	  0.000000	

URL http://cisbp.ccbr.utoronto.ca/TFreport.php?searchTF=T153810_1.02

MOTIF M4310_1.02 (Scas_Contig662.8)_(Saccharomyces_cerevisiae)_(DBD_0.87)

letter-probability matrix: alength= 4 w= 6 nsites= 1 E= 0
  0.470670	  0.001397	  0.001397	  0.526536	
  0.001397	  0.163408	  0.113128	  0.722067	
  0.001397	  0.995810	  0.001397	  0.001397	
  0.001397	  0.995810	  0.001397	  0.001397	
  0.001397	  0.001397	  0.995810	  0.001397	
  0.241620	  0.001397	  0.755587	  0.001397	

URL http://cisbp.ccbr.utoronto.ca/TFreport.php?searchTF=T164703_1.02

MOTIF M4320_1.02 (Scas_Contig711.12)_(Saccharomyces_cerevisiae)_(DBD_0.91)

letter-probability matrix: alength= 4 w= 6 nsites= 1 E= 0
  0.011904	  0.011904	  0.964289	  0.011904	
  0.964289	  0.011904	  0.011904	  0.011904	
  0.011904	  0.011904	  0.011904	  0.964289	
  0.964289	  0.011904	  0.011904	  0.011904	
  0.964289	  0.011904	  0.011904	  0.011904	
  0.011904	  0.011904	  0.964289	  0.011904	

URL http://cisbp.ccbr.utoronto.ca/TFreport.php?searchTF=T085999_1.02

MOTIF M4322_1.02 (Scas_Contig673.33)_(Saccharomyces_cerevisiae)_(DBD_0.76)

letter-probability matrix: alength= 4 w= 8 nsites= 1 E= 0
  0.158101	  0.347706	  0.234064	  0.260129	
  0.054198	  0.943914	  0.000944	  0.000944	
  0.851276	  0.039799	  0.041101	  0.067825	
  0.008522	  0.707117	  0.049200	  0.235161	
  0.177276	  0.148503	  0.666920	  0.007302	
  0.144402	  0.101783	  0.043273	  0.710542	
  0.025363	  0.069058	  0.748548	  0.157031	
  0.394569	  0.153235	  0.157514	  0.294683	

URL http://cisbp.ccbr.utoronto.ca/TFreport.php?searchTF=T020731_1.02

MOTIF M4327_1.02 (Scas_Contig625.5)_(Saccharomyces_cerevisiae)_(DBD_0.79)

letter-probability matrix: alength= 4 w= 20 nsites= 1 E= 0
  0.127608	  0.264159	  0.217936	  0.390297	
  0.239038	  0.191754	  0.305894	  0.263313	
  0.300133	  0.304913	  0.205272	  0.189683	
  0.483662	  0.180367	  0.185300	  0.150672	
  0.529973	  0.040988	  0.195817	  0.233221	
  0.511303	  0.013730	  0.377773	  0.097194	
  0.200935	  0.004455	  0.000708	  0.793903	
  0.033675	  0.002501	  0.001982	  0.961842	
  0.193450	  0.049867	  0.128039	  0.628644	
  0.278296	  0.056627	  0.005056	  0.660021	
  0.004690	  0.014455	  0.002669	  0.978186	
  0.001334	  0.982639	  0.014544	  0.001482	
  0.001190	  0.983965	  0.014035	  0.000811	
  0.010522	  0.005895	  0.977604	  0.005980	
  0.275341	  0.081046	  0.519827	  0.123785	
  0.300626	  0.269576	  0.192097	  0.237701	
  0.335265	  0.141805	  0.293831	  0.229099	
  0.230438	  0.222042	  0.398506	  0.149014	
  0.385558	  0.204591	  0.097631	  0.312219	
  0.331066	  0.148600	  0.256593	  0.263741	

URL http://cisbp.ccbr.utoronto.ca/TFreport.php?searchTF=T164695_1.02

MOTIF M4330_1.02 (Scas_Contig649.28)_(Saccharomyces_cerevisiae)_(DBD_0.94)

letter-probability matrix: alength= 4 w= 5 nsites= 1 E= 0
  0.831197	  0.002137	  0.164530	  0.002137	
  0.002137	  0.002137	  0.993590	  0.002137	
  0.002137	  0.002137	  0.993590	  0.002137	
  0.002137	  0.002137	  0.993590	  0.002137	
  0.002137	  0.002137	  0.985043	  0.010684	

URL http://cisbp.ccbr.utoronto.ca/TFreport.php?searchTF=T066891_1.02

MOTIF M4335_1.02 (Scas_Contig603.8)_(Saccharomyces_cerevisiae)_(DBD_0.75)

letter-probability matrix: alength= 4 w= 8 nsites= 1 E= 0
  0.131351	  0.507522	  0.240876	  0.120251	
  0.185949	  0.340578	  0.286850	  0.186623	
  0.311019	  0.542695	  0.059262	  0.087024	
  0.000997	  0.000997	  0.997009	  0.000997	
  0.997009	  0.000997	  0.000997	  0.000997	
  0.000997	  0.000997	  0.000997	  0.997009	
  0.772742	  0.039219	  0.028233	  0.159805	
  0.308741	  0.098870	  0.221680	  0.370709	

URL http://cisbp.ccbr.utoronto.ca/TFreport.php?searchTF=T085995_1.02

MOTIF M4340_1.02 (Scas_Contig521.2)_(Saccharomyces_cerevisiae)_(DBD_0.80)

letter-probability matrix: alength= 4 w= 14 nsites= 1 E= 0
  0.020000	  0.249000	  0.185000	  0.546000	
  0.012987	  0.864136	  0.109890	  0.012987	
  0.053000	  0.021000	  0.872000	  0.054000	
  0.013000	  0.029000	  0.877000	  0.081000	
  0.129000	  0.377000	  0.250000	  0.244000	
  0.548000	  0.294000	  0.145000	  0.013000	
  0.116000	  0.013000	  0.061000	  0.810000	
  0.029000	  0.123000	  0.101000	  0.747000	
  0.030000	  0.468000	  0.247000	  0.255000	
  0.021000	  0.065000	  0.407000	  0.507000	
  0.029000	  0.897000	  0.031000	  0.043000	
  0.206793	  0.739261	  0.022977	  0.030969	
  0.012987	  0.038961	  0.935065	  0.012987	
  0.851000	  0.021000	  0.115000	  0.013000	

URL http://cisbp.ccbr.utoronto.ca/TFreport.php?searchTF=T164682_1.02

MOTIF M4343_1.02 (Scas_Contig488.2)_(Saccharomyces_cerevisiae)_(DBD_0.92)

letter-probability matrix: alength= 4 w= 16 nsites= 1 E= 0
  0.088000	  0.066000	  0.637000	  0.209000	
  0.062000	  0.064000	  0.851000	  0.023000	
  0.030000	  0.113000	  0.052000	  0.805000	
  0.239000	  0.048000	  0.062000	  0.651000	
  0.200200	  0.127127	  0.624625	  0.048048	
  0.007007	  0.752753	  0.012012	  0.228228	
  0.038000	  0.702000	  0.054000	  0.206000	
  0.646000	  0.055000	  0.207000	  0.092000	
  0.027000	  0.190000	  0.060000	  0.723000	
  0.223000	  0.029000	  0.718000	  0.030000	
  0.215000	  0.199000	  0.535000	  0.051000	
  0.084000	  0.660000	  0.022000	  0.234000	
  0.616617	  0.109109	  0.240240	  0.034034	
  0.871000	  0.013000	  0.102000	  0.014000	
  0.083000	  0.749000	  0.109000	  0.059000	
  0.078000	  0.181000	  0.694000	  0.047000	

URL http://cisbp.ccbr.utoronto.ca/TFreport.php?searchTF=T139146_1.02

MOTIF M4346_1.02 (Scas_Contig573.4)_(Saccharomyces_cerevisiae)_(DBD_0.93)

letter-probability matrix: alength= 4 w= 11 nsites= 1 E= 0
  0.035964	  0.615385	  0.328671	  0.019980	
  0.008000	  0.960000	  0.007000	  0.025000	
  0.007000	  0.004000	  0.973000	  0.016000	
  0.499000	  0.103000	  0.172000	  0.226000	
  0.107107	  0.009009	  0.012012	  0.871872	
  0.832000	  0.040000	  0.062000	  0.066000	
  0.292000	  0.012000	  0.033000	  0.663000	
  0.111000	  0.242000	  0.064000	  0.583000	
  0.091908	  0.075924	  0.252747	  0.579421	
  0.007000	  0.948000	  0.021000	  0.024000	
  0.017000	  0.955000	  0.019000	  0.009000	

URL http://cisbp.ccbr.utoronto.ca/TFreport.php?searchTF=T164688_1.02

MOTIF M4351_1.02 (Scas_Contig719.24)_(Saccharomyces_cerevisiae)_(DBD_0.90)

letter-probability matrix: alength= 4 w= 21 nsites= 1 E= 0
  0.208696	  0.405151	  0.169819	  0.216333	
  0.324620	  0.374099	  0.083387	  0.217895	
  0.301249	  0.154976	  0.428176	  0.115598	
  0.306024	  0.165499	  0.201064	  0.327413	
  0.459041	  0.103429	  0.354844	  0.082686	
  0.376416	  0.091208	  0.405793	  0.126584	
  0.782067	  0.073699	  0.071140	  0.073094	
  0.898580	  0.035998	  0.046491	  0.018931	
  0.904580	  0.009331	  0.050773	  0.035316	
  0.855891	  0.014949	  0.042479	  0.086681	
  0.408314	  0.016047	  0.034020	  0.541619	
  0.086681	  0.042479	  0.014949	  0.855891	
  0.035316	  0.050773	  0.009331	  0.904580	
  0.018931	  0.046491	  0.035998	  0.898580	
  0.073094	  0.071140	  0.073699	  0.782067	
  0.082090	  0.342064	  0.042679	  0.533167	
  0.271462	  0.297502	  0.077857	  0.353179	
  0.238045	  0.293678	  0.217545	  0.250731	
  0.343065	  0.192549	  0.174988	  0.289398	
  0.309174	  0.194568	  0.293870	  0.202389	
  0.250790	  0.161885	  0.159905	  0.427421	

URL http://cisbp.ccbr.utoronto.ca/TFreport.php?searchTF=T066913_1.02

MOTIF M4352_1.02 (Scas_Contig691.32)_(Saccharomyces_cerevisiae)_(DBD_0.84)

letter-probability matrix: alength= 4 w= 10 nsites= 1 E= 0
  0.022314	  0.657563	  0.295462	  0.024661	
  0.006604	  0.980187	  0.006604	  0.006604	
  0.022796	  0.004452	  0.660673	  0.312080	
  0.172038	  0.232227	  0.395855	  0.199880	
  0.224192	  0.166086	  0.142951	  0.466771	
  0.466771	  0.142951	  0.166086	  0.224192	
  0.199880	  0.395855	  0.232227	  0.172038	
  0.312080	  0.660673	  0.004452	  0.022796	
  0.006604	  0.006604	  0.980187	  0.006604	
  0.024661	  0.295462	  0.657563	  0.022314	

URL http://cisbp.ccbr.utoronto.ca/TFreport.php?searchTF=T164710_1.02

MOTIF M4353_1.02 (Scas_Contig714.56)_(Saccharomyces_cerevisiae)_(DBD_0.78)

letter-probability matrix: alength= 4 w= 8 nsites= 1 E= 0
  0.008288	  0.000990	  0.000990	  0.989732	
  0.010035	  0.000973	  0.015509	  0.973482	
  0.737797	  0.104878	  0.104929	  0.052396	
  0.015762	  0.590638	  0.309112	  0.084488	
  0.254049	  0.072890	  0.672389	  0.000672	
  0.031668	  0.000966	  0.000966	  0.966400	
  0.727478	  0.081121	  0.190673	  0.000727	
  0.990765	  0.003606	  0.004638	  0.000991	

URL http://cisbp.ccbr.utoronto.ca/TFreport.php?searchTF=T030304_1.02

MOTIF M4355_1.02 (Scas_Contig641.12)_(Saccharomyces_cerevisiae)_(DBD_0.79)

letter-probability matrix: alength= 4 w= 8 nsites= 1 E= 0
  0.014706	  0.250000	  0.073529	  0.661765	
  0.000000	  0.000000	  0.000000	  1.000000	
  1.000000	  0.000000	  0.000000	  0.000000	
  1.000000	  0.000000	  0.000000	  0.000000	
  0.000000	  0.000000	  0.000000	  1.000000	
  0.000000	  0.000000	  0.000000	  1.000000	
  0.617647	  0.029412	  0.147059	  0.205882	
  0.544118	  0.132353	  0.132353	  0.191176	

URL http://cisbp.ccbr.utoronto.ca/TFreport.php?searchTF=T102649_1.02

MOTIF M4358_1.02 (Scas_Contig703.23)_(Saccharomyces_cerevisiae)_(DBD_0.94)

letter-probability matrix: alength= 4 w= 21 nsites= 1 E= 0
  0.238137	  0.351012	  0.318876	  0.091974	
  0.304244	  0.218676	  0.268163	  0.208917	
  0.183252	  0.334601	  0.161611	  0.320536	
  0.380384	  0.205961	  0.136230	  0.277425	
  0.361194	  0.083363	  0.272196	  0.283247	
  0.314341	  0.158488	  0.325605	  0.201566	
  0.223861	  0.008509	  0.078272	  0.689359	
  0.001687	  0.002580	  0.991893	  0.003841	
  0.081869	  0.803549	  0.002038	  0.112544	
  0.002807	  0.003670	  0.992575	  0.000947	
  0.001829	  0.002616	  0.993720	  0.001835	
  0.028000	  0.000382	  0.970390	  0.001228	
  0.001832	  0.000673	  0.957292	  0.040203	
  0.055743	  0.069990	  0.081078	  0.793189	
  0.692062	  0.073178	  0.107723	  0.127037	
  0.311437	  0.113318	  0.345056	  0.230189	
  0.091252	  0.320491	  0.122052	  0.466205	
  0.368966	  0.155747	  0.180509	  0.294778	
  0.144665	  0.505633	  0.101710	  0.247992	
  0.391596	  0.070070	  0.375890	  0.162444	
  0.233430	  0.281348	  0.171032	  0.314191	

URL http://cisbp.ccbr.utoronto.ca/TFreport.php?searchTF=T066901_1.02

MOTIF M4359_1.02 (Scas_Contig626.6)_(Saccharomyces_cerevisiae)_(DBD_0.82)

letter-probability matrix: alength= 4 w= 9 nsites= 1 E= 0
  0.172172	  0.679680	  0.129129	  0.019019	
  0.126873	  0.689311	  0.120879	  0.062937	
  0.055000	  0.153000	  0.754000	  0.038000	
  0.571000	  0.314000	  0.034000	  0.081000	
  0.075000	  0.149000	  0.167000	  0.609000	
  0.648000	  0.023000	  0.270000	  0.059000	
  0.039000	  0.761000	  0.175000	  0.025000	
  0.022000	  0.870000	  0.095000	  0.013000	
  0.015000	  0.034000	  0.856000	  0.095000	

URL http://cisbp.ccbr.utoronto.ca/TFreport.php?searchTF=T164696_1.02

MOTIF M4363_1.02 (Scas_Contig576.5)_(Saccharomyces_cerevisiae)_(DBD_0.80)

letter-probability matrix: alength= 4 w= 8 nsites= 1 E= 0
  0.066010	  0.379270	  0.000000	  0.554719	
  0.000000	  0.000000	  1.000000	  0.000000	
  1.000000	  0.000000	  0.000000	  0.000000	
  0.000000	  0.000000	  1.000000	  0.000000	
  0.000000	  0.932362	  0.000000	  0.067638	
  1.000000	  0.000000	  0.000000	  0.000000	
  0.824901	  0.124503	  0.000000	  0.050597	
  0.937967	  0.000000	  0.000000	  0.062033	

URL http://cisbp.ccbr.utoronto.ca/TFreport.php?searchTF=T071951_1.02

MOTIF M4365_1.02 (Scas_Contig709.27)_(Saccharomyces_cerevisiae)_(DBD_0.88)

letter-probability matrix: alength= 4 w= 16 nsites= 1 E= 0
  0.035000	  0.244000	  0.101000	  0.620000	
  0.030969	  0.085914	  0.087912	  0.795205	
  0.158000	  0.102000	  0.199000	  0.541000	
  0.074000	  0.564000	  0.133000	  0.229000	
  0.051051	  0.836837	  0.060060	  0.052052	
  0.229000	  0.168000	  0.355000	  0.248000	
  0.175824	  0.372627	  0.101898	  0.349650	
  0.359640	  0.321678	  0.295704	  0.022977	
  0.123000	  0.355000	  0.283000	  0.239000	
  0.199000	  0.147000	  0.326000	  0.328000	
  0.426573	  0.257742	  0.219780	  0.095904	
  0.029000	  0.024000	  0.929000	  0.018000	
  0.123000	  0.268000	  0.366000	  0.243000	
  0.310000	  0.340000	  0.100000	  0.250000	
  0.164000	  0.327000	  0.316000	  0.193000	
  0.210210	  0.271271	  0.300300	  0.218218	

URL http://cisbp.ccbr.utoronto.ca/TFreport.php?searchTF=T112806_1.02

MOTIF M4366_1.02 (Scas_Contig709.26)_(Saccharomyces_cerevisiae)_(DBD_1.00)

letter-probability matrix: alength= 4 w= 20 nsites= 1 E= 0
  0.247387	  0.159698	  0.111426	  0.481488	
  0.167380	  0.275851	  0.314154	  0.242614	
  0.169124	  0.204936	  0.102300	  0.523640	
  0.089436	  0.084552	  0.161973	  0.664039	
  0.170372	  0.033669	  0.129287	  0.666672	
  0.130139	  0.808174	  0.009383	  0.052304	
  0.011105	  0.812592	  0.007233	  0.169071	
  0.121686	  0.405354	  0.243077	  0.229883	
  0.601855	  0.076270	  0.171089	  0.150786	
  0.663071	  0.007104	  0.035697	  0.294128	
  0.294128	  0.035697	  0.007104	  0.663071	
  0.150786	  0.171089	  0.076270	  0.601855	
  0.169982	  0.443223	  0.270397	  0.116398	
  0.169071	  0.007233	  0.812592	  0.011105	
  0.052304	  0.009383	  0.808174	  0.130139	
  0.721932	  0.093347	  0.103155	  0.081565	
  0.479693	  0.291824	  0.080904	  0.147579	
  0.547301	  0.066068	  0.216109	  0.170522	
  0.176817	  0.317440	  0.108132	  0.397611	
  0.247463	  0.235867	  0.262819	  0.253851	

URL http://cisbp.ccbr.utoronto.ca/TFreport.php?searchTF=T112805_1.02

MOTIF M4368_1.02 (Scas_Contig717.17)_(Saccharomyces_cerevisiae)_(DBD_0.77)

letter-probability matrix: alength= 4 w= 6 nsites= 1 E= 0
  0.329357	  0.329357	  0.011930	  0.329357	
  0.964289	  0.011904	  0.011904	  0.011904	
  0.011904	  0.011904	  0.964289	  0.011904	
  0.011904	  0.011904	  0.964289	  0.011904	
  0.011909	  0.488091	  0.011909	  0.488091	
  0.964289	  0.011904	  0.011904	  0.011904	

URL http://cisbp.ccbr.utoronto.ca/TFreport.php?searchTF=T066910_1.02

MOTIF M4374_1.02 (Scas_Contig696.44)_(Saccharomyces_cerevisiae)_(DBD_0.92)

letter-probability matrix: alength= 4 w= 14 nsites= 1 E= 0
  0.224066	  0.244813	  0.228216	  0.302905	
  0.141414	  0.308081	  0.181818	  0.368687	
  0.054348	  0.793478	  0.108696	  0.043478	
  0.024691	  0.901235	  0.037037	  0.037037	
  0.270370	  0.174074	  0.344444	  0.211111	
  0.078313	  0.319277	  0.162651	  0.439759	
  0.220000	  0.200000	  0.093333	  0.486667	
  0.200913	  0.333333	  0.255708	  0.210046	
  0.347619	  0.142857	  0.352381	  0.157143	
  0.179487	  0.184615	  0.261538	  0.374359	
  0.023529	  0.858824	  0.105882	  0.011765	
  0.013158	  0.960526	  0.013158	  0.013158	
  0.066667	  0.055556	  0.811111	  0.066667	
  0.300412	  0.218107	  0.292181	  0.189300	

URL http://cisbp.ccbr.utoronto.ca/TFreport.php?searchTF=T164711_1.02

MOTIF M4375_1.02 (Scas_Contig695.2)_(Saccharomyces_cerevisiae)_(DBD_0.86)

letter-probability matrix: alength= 4 w= 9 nsites= 1 E= 0
  0.079001	  0.082062	  0.764130	  0.074807	
  0.212205	  0.071026	  0.295015	  0.421755	
  0.002743	  0.003419	  0.990721	  0.003117	
  0.000000	  0.000000	  1.000000	  0.000000	
  0.000000	  1.000000	  0.000000	  0.000000	
  0.005487	  0.006838	  0.356441	  0.631234	
  0.109965	  0.221151	  0.302010	  0.366874	
  0.324101	  0.172824	  0.217040	  0.286035	
  0.142660	  0.177801	  0.477983	  0.201556	

URL http://cisbp.ccbr.utoronto.ca/TFreport.php?searchTF=T066899_1.02

MOTIF M4376_1.02 (Scas_Contig694.13)_(Saccharomyces_cerevisiae)_(DBD_0.88)

letter-probability matrix: alength= 4 w= 20 nsites= 1 E= 0
  0.240122	  0.196861	  0.220816	  0.342201	
  0.277890	  0.146179	  0.267804	  0.308128	
  0.341839	  0.174534	  0.219739	  0.263888	
  0.571702	  0.146030	  0.143912	  0.138356	
  0.495698	  0.110596	  0.176615	  0.217091	
  0.379266	  0.157960	  0.126669	  0.336105	
  0.179551	  0.004748	  0.813593	  0.002108	
  0.014558	  0.004260	  0.000952	  0.980230	
  0.950367	  0.047308	  0.000771	  0.001554	
  0.979678	  0.011390	  0.000976	  0.007956	
  0.986667	  0.001016	  0.002691	  0.009625	
  0.001767	  0.797833	  0.001297	  0.199103	
  0.989636	  0.001249	  0.003667	  0.005447	
  0.823954	  0.069661	  0.032500	  0.073884	
  0.684172	  0.025110	  0.106580	  0.184138	
  0.212491	  0.210952	  0.446148	  0.130410	
  0.353169	  0.173423	  0.321436	  0.151971	
  0.208011	  0.239547	  0.274318	  0.278123	
  0.315164	  0.071640	  0.432442	  0.180754	
  0.338566	  0.263541	  0.274442	  0.123450	

URL http://cisbp.ccbr.utoronto.ca/TFreport.php?searchTF=T083367_1.02

MOTIF M4389_1.02 (Scas_Contig699.32)_(Saccharomyces_cerevisiae)_(DBD_0.67)

letter-probability matrix: alength= 4 w= 8 nsites= 1 E= 0
  0.000582	  0.162514	  0.255397	  0.581508	
  0.881307	  0.000881	  0.093494	  0.024317	
  0.873438	  0.022241	  0.032170	  0.072151	
  0.000987	  0.000987	  0.010530	  0.987495	
  0.000579	  0.231182	  0.189519	  0.578721	
  0.976498	  0.000976	  0.000976	  0.021549	
  0.000607	  0.607224	  0.030631	  0.361537	
  0.328766	  0.286966	  0.383981	  0.000287	

URL http://cisbp.ccbr.utoronto.ca/TFreport.php?searchTF=T030301_1.02

MOTIF M4392_1.02 (Scas_Contig697.35)_(Saccharomyces_cerevisiae)_(DBD_0.80)

letter-probability matrix: alength= 4 w= 9 nsites= 1 E= 0
  0.625000	  0.125000	  0.125000	  0.125000	
  1.000000	  0.000000	  0.000000	  0.000000	
  1.000000	  0.000000	  0.000000	  0.000000	
  0.875000	  0.125000	  0.000000	  0.000000	
  0.750000	  0.000000	  0.250000	  0.000000	
  0.000000	  0.000000	  1.000000	  0.000000	
  0.781250	  0.156250	  0.031250	  0.031250	
  0.812500	  0.062500	  0.062500	  0.062500	
  0.625000	  0.125000	  0.125000	  0.125000	

URL http://cisbp.ccbr.utoronto.ca/TFreport.php?searchTF=T066900_1.02

MOTIF M4399_1.02 (Scas_Contig492.3)_(Saccharomyces_cerevisiae)_(DBD_0.67)

letter-probability matrix: alength= 4 w= 9 nsites= 1 E= 0
  0.562563	  0.078078	  0.251251	  0.108108	
  0.046000	  0.106000	  0.026000	  0.822000	
  0.036963	  0.904096	  0.022977	  0.035964	
  0.903000	  0.003000	  0.033000	  0.061000	
  0.010000	  0.839000	  0.122000	  0.029000	
  0.046046	  0.112112	  0.837838	  0.004004	
  0.054054	  0.058058	  0.007007	  0.880881	
  0.004000	  0.008000	  0.979000	  0.009000	
  0.745000	  0.034000	  0.172000	  0.049000	

URL http://cisbp.ccbr.utoronto.ca/TFreport.php?searchTF=T020729_1.02

MOTIF M4403_1.02 (Scas_Contig568.5)_(Saccharomyces_cerevisiae)_(DBD_0.71)

letter-probability matrix: alength= 4 w= 8 nsites= 1 E= 0
  0.188737	  0.601264	  0.096134	  0.113865	
  0.585686	  0.010565	  0.254837	  0.148911	
  0.102755	  0.447612	  0.253952	  0.195682	
  0.201249	  0.026953	  0.113259	  0.658540	
  0.025280	  0.000973	  0.972775	  0.000973	
  0.033085	  0.039634	  0.018122	  0.909159	
  0.000997	  0.000997	  0.997009	  0.000997	
  0.000559	  0.214045	  0.559131	  0.226264	

URL http://cisbp.ccbr.utoronto.ca/TFreport.php?searchTF=T066882_1.02

MOTIF M4404_1.02 (Scas_Contig664.15)_(Saccharomyces_cerevisiae)_(DBD_0.79)

letter-probability matrix: alength= 4 w= 7 nsites= 1 E= 0
  0.213048	  0.131122	  0.541105	  0.114725	
  0.000000	  1.000000	  0.000000	  0.000000	
  0.081990	  0.000000	  0.016394	  0.901616	
  0.000000	  0.000000	  0.000000	  1.000000	
  0.000000	  0.934419	  0.000000	  0.065581	
  0.000000	  0.967218	  0.016389	  0.016393	
  0.376968	  0.196724	  0.032786	  0.393521	

URL http://cisbp.ccbr.utoronto.ca/TFreport.php?searchTF=T087025_1.02

MOTIF M4410_1.02 (Scas_Contig597.15)_(Saccharomyces_cerevisiae)_(DBD_0.90)

letter-probability matrix: alength= 4 w= 9 nsites= 1 E= 0
  0.447761	  0.029851	  0.134328	  0.388060	
  0.597015	  0.000000	  0.000000	  0.402985	
  0.104478	  0.000000	  0.149254	  0.746268	
  0.268657	  0.089552	  0.641791	  0.000000	
  0.000000	  0.089552	  0.000000	  0.910448	
  0.000000	  0.000000	  0.985075	  0.014925	
  0.074627	  0.089552	  0.000000	  0.835821	
  0.000000	  1.000000	  0.000000	  0.000000	
  0.791044	  0.029851	  0.104478	  0.074627	

URL http://cisbp.ccbr.utoronto.ca/TFreport.php?searchTF=T102647_1.02

MOTIF M4412_1.02 (Scas_Contig720.33)_(Saccharomyces_cerevisiae)_(DBD_0.72)

letter-probability matrix: alength= 4 w= 5 nsites= 1 E= 0
  0.996835	  0.001055	  0.001055	  0.001055	
  0.203586	  0.001055	  0.794304	  0.001055	
  0.001055	  0.001055	  0.996835	  0.001055	
  0.001055	  0.001055	  0.996835	  0.001055	
  0.001055	  0.001055	  0.996835	  0.001055	

