MEME version 4

ALPHABET= ACGT

strands: + -

Background letter frequencies (from uniform background):
A 0.25000 C 0.25000 G 0.25000 T 0.25000 

MOTIF M0131_1.02 (ORC2)_(Mus_musculus)_(DBD_0.69)

letter-probability matrix: alength= 4 w= 8 nsites= 1 E= 0
  0.750000	  0.083333	  0.083333	  0.083333	
  0.800000	  0.066667	  0.066667	  0.066667	
  0.733333	  0.066667	  0.066667	  0.133333	
  0.266667	  0.066667	  0.066667	  0.600000	
  0.733333	  0.066667	  0.066667	  0.133333	
  0.666667	  0.066667	  0.066667	  0.200000	
  0.692308	  0.076923	  0.076923	  0.153846	
  0.166667	  0.083333	  0.083333	  0.666667	

URL http://cisbp.ccbr.utoronto.ca/TFreport.php?searchTF=T008769_1.02

MOTIF M2110_1.02 GCR2

letter-probability matrix: alength= 4 w= 7 nsites= 1 E= 0
  0.142857	  0.142857	  0.645022	  0.069264	
  0.000000	  1.000000	  0.000000	  0.000000	
  0.067073	  0.000000	  0.006098	  0.926829	
  0.000000	  0.000000	  0.000000	  1.000000	
  0.000000	  0.970149	  0.000000	  0.029851	
  0.000000	  0.996296	  0.003704	  0.000000	
  0.333333	  0.284153	  0.032787	  0.349727	

URL http://cisbp.ccbr.utoronto.ca/TFreport.php?searchTF=T153773_1.02

MOTIF M2118_1.02 HAP2

letter-probability matrix: alength= 4 w= 5 nsites= 1 E= 0
  0.000000	  0.000000	  0.000000	  1.000000	
  0.000000	  0.000000	  0.010160	  0.989840	
  0.005578	  0.000000	  0.994422	  0.000000	
  0.000000	  0.000000	  0.998223	  0.001777	
  0.158006	  0.378979	  0.030665	  0.432350	

URL http://cisbp.ccbr.utoronto.ca/TFreport.php?searchTF=T070587_1.02

MOTIF M2119_1.02 HAP3

letter-probability matrix: alength= 4 w= 15 nsites= 1 E= 0
  0.211447	  0.094118	  0.191415	  0.503021	
  0.111403	  0.443970	  0.087414	  0.357213	
  0.113758	  0.308054	  0.088926	  0.489262	
  0.031410	  0.332692	  0.376603	  0.259295	
  0.429498	  0.138272	  0.399112	  0.033117	
  0.511390	  0.000000	  0.488610	  0.000000	
  0.000000	  1.000000	  0.000000	  0.000000	
  0.000000	  1.000000	  0.000000	  0.000000	
  1.000000	  0.000000	  0.000000	  0.000000	
  1.000000	  0.000000	  0.000000	  0.000000	
  0.000000	  0.000000	  0.000000	  1.000000	
  0.163957	  0.498984	  0.303862	  0.033198	
  0.837676	  0.000000	  0.162324	  0.000000	
  0.106258	  0.097132	  0.676010	  0.120600	
  0.628178	  0.189619	  0.182203	  0.000000	

URL http://cisbp.ccbr.utoronto.ca/TFreport.php?searchTF=T153738_1.02

MOTIF M2121_1.02 HAP5

letter-probability matrix: alength= 4 w= 15 nsites= 1 E= 0
  0.145748	  0.212597	  0.234879	  0.406776	
  0.046307	  0.443158	  0.488076	  0.022459	
  0.024868	  0.332967	  0.546875	  0.095290	
  0.180704	  0.248742	  0.471450	  0.099103	
  0.385775	  0.308068	  0.093418	  0.212739	
  0.028694	  0.143922	  0.287619	  0.539765	
  0.021314	  0.695737	  0.147238	  0.135711	
  0.000000	  0.158622	  0.000000	  0.841378	
  0.118230	  0.287979	  0.419199	  0.174593	
  1.000000	  0.000000	  0.000000	  0.000000	
  0.000000	  0.000000	  0.000000	  1.000000	
  0.000000	  0.000000	  0.056304	  0.943696	
  0.092695	  0.000000	  0.907305	  0.000000	
  0.085081	  0.117134	  0.736036	  0.061749	
  0.000000	  0.381225	  0.000000	  0.618775	

URL http://cisbp.ccbr.utoronto.ca/TFreport.php?searchTF=T153776_1.02

MOTIF M2125_1.02 IME1

letter-probability matrix: alength= 4 w= 8 nsites= 1 E= 0
  0.000000	  0.943262	  0.000000	  0.056738	
  0.000000	  0.000000	  0.000000	  1.000000	
  0.000000	  1.000000	  0.000000	  0.000000	
  0.053763	  0.268817	  0.677419	  0.000000	
  0.000000	  0.000000	  1.000000	  0.000000	
  0.000000	  1.000000	  0.000000	  0.000000	
  0.000000	  0.208191	  0.791809	  0.000000	
  0.000000	  0.000000	  1.000000	  0.000000	

URL http://cisbp.ccbr.utoronto.ca/TFreport.php?searchTF=T153761_1.02

MOTIF M2127_1.02 INO4

letter-probability matrix: alength= 4 w= 9 nsites= 1 E= 0
  0.119835	  0.190083	  0.669421	  0.020661	
  0.000000	  0.925490	  0.000000	  0.074510	
  0.816568	  0.082840	  0.000000	  0.100592	
  0.000000	  0.000000	  0.000000	  1.000000	
  0.037594	  0.000000	  0.962406	  0.000000	
  0.000000	  0.000000	  0.000000	  1.000000	
  0.065891	  0.000000	  0.934109	  0.000000	
  0.829545	  0.039773	  0.130682	  0.000000	
  0.811429	  0.040000	  0.148571	  0.000000	

URL http://cisbp.ccbr.utoronto.ca/TFreport.php?searchTF=T018421_1.02

MOTIF M2128_1.02 IXR1

letter-probability matrix: alength= 4 w= 15 nsites= 1 E= 0
  0.102941	  0.897059	  0.000000	  0.000000	
  0.469194	  0.530806	  0.000000	  0.000000	
  0.000000	  0.979381	  0.000000	  0.020619	
  0.000000	  0.897059	  0.000000	  0.102941	
  0.000000	  0.000000	  1.000000	  0.000000	
  0.000000	  1.000000	  0.000000	  0.000000	
  0.234177	  0.000000	  0.000000	  0.765823	
  0.000000	  0.369792	  0.000000	  0.630208	
  0.158120	  0.722222	  0.000000	  0.119658	
  0.000000	  0.760163	  0.000000	  0.239837	
  0.000000	  0.000000	  0.760163	  0.239837	
  0.022901	  0.000000	  0.870229	  0.106870	
  0.134615	  0.538462	  0.000000	  0.326923	
  0.234177	  0.000000	  0.000000	  0.765823	
  0.000000	  0.000000	  0.000000	  1.000000	

URL http://cisbp.ccbr.utoronto.ca/TFreport.php?searchTF=T146241_1.02

MOTIF M2132_1.02 HMRA1

letter-probability matrix: alength= 4 w= 7 nsites= 1 E= 0
  0.500000	  0.000000	  0.500000	  0.000000	
  0.000000	  1.000000	  0.000000	  0.000000	
  1.000000	  0.000000	  0.000000	  0.000000	
  0.000000	  1.000000	  0.000000	  0.000000	
  1.000000	  0.000000	  0.000000	  0.000000	
  1.000000	  0.000000	  0.000000	  0.000000	
  0.000000	  0.000000	  0.000000	  1.000000	

URL http://cisbp.ccbr.utoronto.ca/TFreport.php?searchTF=T100210_1.02

MOTIF M2137_1.02 MET28

letter-probability matrix: alength= 4 w= 6 nsites= 1 E= 0
  0.000000	  1.000000	  0.000000	  0.000000	
  0.000000	  0.000000	  0.000000	  1.000000	
  0.000000	  0.000000	  1.000000	  0.000000	
  0.000000	  0.000000	  0.000000	  1.000000	
  0.000000	  0.000000	  1.000000	  0.000000	
  0.000000	  0.000000	  1.000000	  0.000000	

URL http://cisbp.ccbr.utoronto.ca/TFreport.php?searchTF=T028100_1.02

MOTIF M2138_1.02 MET31

letter-probability matrix: alength= 4 w= 9 nsites= 1 E= 0
  0.202020	  0.696970	  0.000000	  0.101010	
  0.000000	  0.000000	  1.000000	  0.000000	
  0.000000	  1.000000	  0.000000	  0.000000	
  0.000000	  1.000000	  0.000000	  0.000000	
  1.000000	  0.000000	  0.000000	  0.000000	
  0.000000	  1.000000	  0.000000	  0.000000	
  0.544554	  0.178218	  0.138614	  0.138614	
  0.204082	  0.306122	  0.285714	  0.204082	
  0.148515	  0.376238	  0.099010	  0.376238	

URL http://cisbp.ccbr.utoronto.ca/TFreport.php?searchTF=T153777_1.02

MOTIF M2140_1.02 MET4

letter-probability matrix: alength= 4 w= 8 nsites= 1 E= 0
  1.000000	  0.000000	  0.000000	  0.000000	
  0.527363	  0.233831	  0.238806	  0.000000	
  0.000000	  0.796000	  0.000000	  0.204000	
  0.000000	  0.000000	  0.000000	  1.000000	
  0.000000	  0.000000	  1.000000	  0.000000	
  0.000000	  0.000000	  0.000000	  1.000000	
  0.000000	  0.000000	  1.000000	  0.000000	
  0.000000	  0.000000	  1.000000	  0.000000	

URL http://cisbp.ccbr.utoronto.ca/TFreport.php?searchTF=T153771_1.02

MOTIF M2154_1.02 OPI1

letter-probability matrix: alength= 4 w= 7 nsites= 1 E= 0
  0.055300	  0.405530	  0.267281	  0.271889	
  0.000000	  0.000000	  1.000000	  0.000000	
  0.000000	  0.000000	  1.000000	  0.000000	
  0.000000	  0.000000	  0.000000	  1.000000	
  0.000000	  0.000000	  0.011905	  0.988095	
  0.000000	  1.000000	  0.000000	  0.000000	
  0.155251	  0.191781	  0.497717	  0.155251	

URL http://cisbp.ccbr.utoronto.ca/TFreport.php?searchTF=T153757_1.02

MOTIF M2158_1.02 PDR3

letter-probability matrix: alength= 4 w= 8 nsites= 1 E= 0
  0.000000	  0.000000	  0.000000	  1.000000	
  0.000000	  1.000000	  0.000000	  0.000000	
  0.000000	  1.000000	  0.000000	  0.000000	
  0.000000	  0.000000	  1.000000	  0.000000	
  0.000000	  1.000000	  0.000000	  0.000000	
  0.000000	  0.000000	  1.000000	  0.000000	
  0.000000	  0.000000	  1.000000	  0.000000	
  1.000000	  0.000000	  0.000000	  0.000000	

URL http://cisbp.ccbr.utoronto.ca/TFreport.php?searchTF=T153737_1.02

MOTIF M2180_1.02 RSC30

letter-probability matrix: alength= 4 w= 8 nsites= 1 E= 0
  0.000000	  0.690000	  0.310000	  0.000000	
  0.000000	  0.150000	  0.850000	  0.000000	
  0.000000	  1.000000	  0.000000	  0.000000	
  0.000000	  0.080000	  0.920000	  0.000000	
  0.000000	  0.920000	  0.080000	  0.000000	
  0.000000	  0.080000	  0.920000	  0.000000	
  0.000000	  0.464646	  0.383838	  0.151515	
  0.120000	  0.190000	  0.500000	  0.190000	

URL http://cisbp.ccbr.utoronto.ca/TFreport.php?searchTF=T153758_1.02

MOTIF M2181_1.02 RTG3

letter-probability matrix: alength= 4 w= 20 nsites= 1 E= 0
  0.393788	  0.145291	  0.330661	  0.130261	
  0.220441	  0.147295	  0.267535	  0.364729	
  0.357715	  0.322645	  0.207415	  0.112224	
  0.164329	  0.176353	  0.295591	  0.363727	
  0.156156	  0.121121	  0.250250	  0.472472	
  0.535070	  0.113226	  0.203407	  0.148297	
  0.034068	  0.027054	  0.663327	  0.275551	
  0.019038	  0.954910	  0.019038	  0.007014	
  0.906814	  0.005010	  0.081162	  0.007014	
  0.005010	  0.950902	  0.016032	  0.028056	
  0.028056	  0.016032	  0.950902	  0.005010	
  0.007014	  0.081162	  0.005010	  0.906814	
  0.007014	  0.019038	  0.954910	  0.019038	
  0.275551	  0.663327	  0.027054	  0.034068	
  0.152305	  0.332665	  0.156313	  0.358717	
  0.111222	  0.270541	  0.187375	  0.430862	
  0.398798	  0.122244	  0.276553	  0.202405	
  0.275275	  0.257257	  0.296296	  0.171171	
  0.323647	  0.165331	  0.033066	  0.477956	
  0.249499	  0.396794	  0.108216	  0.245491	

URL http://cisbp.ccbr.utoronto.ca/TFreport.php?searchTF=T153739_1.02

MOTIF M2188_1.02 SMP1

letter-probability matrix: alength= 4 w= 21 nsites= 1 E= 0
  0.261523	  0.229459	  0.172345	  0.336673	
  0.168168	  0.201201	  0.381381	  0.249249	
  0.097194	  0.455912	  0.290581	  0.156313	
  0.269269	  0.101101	  0.104104	  0.525526	
  0.279279	  0.271271	  0.275275	  0.174174	
  0.393788	  0.146293	  0.262525	  0.197395	
  0.130130	  0.147147	  0.085085	  0.637638	
  0.402806	  0.060120	  0.041082	  0.495992	
  0.097194	  0.234469	  0.033066	  0.635271	
  0.751503	  0.125251	  0.046092	  0.077154	
  0.866733	  0.018036	  0.018036	  0.097194	
  0.097194	  0.018036	  0.018036	  0.866733	
  0.077154	  0.046092	  0.125251	  0.751503	
  0.635271	  0.033066	  0.234469	  0.097194	
  0.350701	  0.112224	  0.128257	  0.408818	
  0.637638	  0.085085	  0.147147	  0.130130	
  0.149299	  0.047094	  0.624248	  0.179359	
  0.201403	  0.158317	  0.555110	  0.085170	
  0.196196	  0.137137	  0.097097	  0.569570	
  0.356713	  0.265531	  0.188377	  0.189379	
  0.409409	  0.235235	  0.244244	  0.111111	

URL http://cisbp.ccbr.utoronto.ca/TFreport.php?searchTF=T153740_1.02

MOTIF M2194_1.02 SRD1

letter-probability matrix: alength= 4 w= 8 nsites= 1 E= 0
  0.660000	  0.090000	  0.190000	  0.060000	
  0.060000	  0.020000	  0.900000	  0.020000	
  0.970000	  0.000000	  0.000000	  0.030000	
  0.130000	  0.000000	  0.020000	  0.850000	
  0.000000	  1.000000	  0.000000	  0.000000	
  0.040000	  0.190000	  0.030000	  0.740000	
  0.460000	  0.300000	  0.130000	  0.110000	
  0.240000	  0.420000	  0.180000	  0.160000	

URL http://cisbp.ccbr.utoronto.ca/TFreport.php?searchTF=T153743_1.02

MOTIF M2195_1.02 STB3

letter-probability matrix: alength= 4 w= 21 nsites= 1 E= 0
  0.098295	  0.168506	  0.547643	  0.185557	
  0.166333	  0.173347	  0.202405	  0.457916	
  0.182548	  0.416249	  0.057172	  0.344032	
  0.194389	  0.379760	  0.107214	  0.318637	
  0.508016	  0.059118	  0.189379	  0.243487	
  0.547548	  0.120120	  0.151151	  0.181181	
  0.777555	  0.035070	  0.071142	  0.116232	
  0.499499	  0.027027	  0.033033	  0.440440	
  0.099198	  0.011022	  0.002004	  0.887776	
  0.053106	  0.005010	  0.001002	  0.940882	
  0.010020	  0.004008	  0.002004	  0.983968	
  0.013026	  0.000000	  0.015030	  0.971944	
  0.000000	  0.064064	  0.020020	  0.915916	
  0.003003	  0.990991	  0.002002	  0.004004	
  0.965966	  0.007007	  0.025025	  0.002002	
  0.150301	  0.588176	  0.084168	  0.177355	
  0.129129	  0.120120	  0.137137	  0.613614	
  0.166333	  0.326653	  0.200401	  0.306613	
  0.308617	  0.253507	  0.125251	  0.312625	
  0.233467	  0.170341	  0.315631	  0.280561	
  0.226680	  0.182548	  0.296891	  0.293882	

URL http://cisbp.ccbr.utoronto.ca/TFreport.php?searchTF=T153745_1.02

MOTIF M2227_1.02 YDR520C

letter-probability matrix: alength= 4 w= 10 nsites= 1 E= 0
  0.320000	  0.150000	  0.170000	  0.360000	
  0.000000	  0.000000	  0.060000	  0.940000	
  0.858586	  0.000000	  0.000000	  0.141414	
  0.434343	  0.000000	  0.000000	  0.565657	
  0.140000	  0.460000	  0.170000	  0.230000	
  0.000000	  0.170000	  0.090000	  0.740000	
  0.000000	  1.000000	  0.000000	  0.000000	
  0.000000	  1.000000	  0.000000	  0.000000	
  0.000000	  0.000000	  1.000000	  0.000000	
  0.267327	  0.108911	  0.376238	  0.247525	

URL http://cisbp.ccbr.utoronto.ca/TFreport.php?searchTF=T153749_1.02

MOTIF M4195_1.02 OAF1

letter-probability matrix: alength= 4 w= 24 nsites= 1 E= 0
  0.241758	  0.202797	  0.188811	  0.366633	
  0.017017	  0.729730	  0.202202	  0.051051	
  0.123000	  0.262000	  0.518000	  0.097000	
  0.055000	  0.329000	  0.500000	  0.116000	
  0.179000	  0.424000	  0.206000	  0.191000	
  0.142000	  0.253000	  0.402000	  0.203000	
  0.199000	  0.462000	  0.138000	  0.201000	
  0.218000	  0.350000	  0.240000	  0.192000	
  0.180000	  0.230000	  0.233000	  0.357000	
  0.116000	  0.179000	  0.160000	  0.545000	
  0.130000	  0.511000	  0.183000	  0.176000	
  0.131000	  0.219000	  0.108000	  0.542000	
  0.082000	  0.474000	  0.192000	  0.252000	
  0.150000	  0.202000	  0.397000	  0.251000	
  0.119119	  0.436436	  0.133133	  0.311311	
  0.158841	  0.369630	  0.356643	  0.114885	
  0.275275	  0.289289	  0.224224	  0.211211	
  0.223000	  0.178000	  0.390000	  0.209000	
  0.097097	  0.404404	  0.345345	  0.153153	
  0.360360	  0.178178	  0.203203	  0.258258	
  0.057000	  0.699000	  0.210000	  0.034000	
  0.066066	  0.778779	  0.060060	  0.095095	
  0.065000	  0.081000	  0.813000	  0.041000	
  0.402000	  0.286000	  0.156000	  0.156000	

URL http://cisbp.ccbr.utoronto.ca/TFreport.php?searchTF=T161866_1.02

MOTIF M4196_1.02 PDR3

letter-probability matrix: alength= 4 w= 6 nsites= 1 E= 0
  0.091246	  0.105756	  0.124914	  0.678084	
  0.000933	  0.933304	  0.000933	  0.064829	
  0.000986	  0.986200	  0.011827	  0.000986	
  0.071141	  0.081607	  0.846406	  0.000846	
  0.093067	  0.368868	  0.266878	  0.271187	
  0.145968	  0.231821	  0.371482	  0.250729	

URL http://cisbp.ccbr.utoronto.ca/TFreport.php?searchTF=T161867_1.02

MOTIF M4198_1.02 TOD6

letter-probability matrix: alength= 4 w= 21 nsites= 1 E= 0
  0.327347	  0.320413	  0.150830	  0.201410	
  0.308298	  0.172575	  0.212996	  0.306131	
  0.421609	  0.111075	  0.280278	  0.187039	
  0.376158	  0.109534	  0.282110	  0.232197	
  0.135416	  0.383206	  0.300320	  0.181059	
  0.022440	  0.186371	  0.655521	  0.135668	
  0.057606	  0.869929	  0.019962	  0.052503	
  0.018536	  0.001613	  0.978920	  0.000931	
  0.978684	  0.018566	  0.001149	  0.001601	
  0.021649	  0.001757	  0.000716	  0.975877	
  0.003700	  0.002373	  0.991716	  0.002211	
  0.921719	  0.046349	  0.029754	  0.002178	
  0.001664	  0.193366	  0.784232	  0.020739	
  0.098988	  0.436350	  0.396768	  0.067895	
  0.203488	  0.096519	  0.050770	  0.649223	
  0.288086	  0.133513	  0.366126	  0.212274	
  0.278189	  0.235545	  0.116960	  0.369306	
  0.226760	  0.206692	  0.327396	  0.239152	
  0.266794	  0.370227	  0.261938	  0.101040	
  0.273025	  0.369378	  0.213057	  0.144540	
  0.230261	  0.218331	  0.188776	  0.362633	

URL http://cisbp.ccbr.utoronto.ca/TFreport.php?searchTF=T120854_1.02

MOTIF M4199_1.02 RTG3

letter-probability matrix: alength= 4 w= 11 nsites= 1 E= 0
  0.184000	  0.252000	  0.295000	  0.269000	
  0.535000	  0.090000	  0.247000	  0.128000	
  0.033000	  0.039000	  0.040000	  0.888000	
  0.047047	  0.219219	  0.584585	  0.149149	
  0.809191	  0.092907	  0.039960	  0.057942	
  0.005005	  0.969970	  0.003003	  0.022022	
  0.040000	  0.067000	  0.156000	  0.737000	
  0.055000	  0.780000	  0.102000	  0.063000	
  0.525000	  0.102000	  0.159000	  0.214000	
  0.021000	  0.275000	  0.123000	  0.581000	
  0.206000	  0.356000	  0.143000	  0.295000	

URL http://cisbp.ccbr.utoronto.ca/TFreport.php?searchTF=T018416_1.02

MOTIF M4202_1.02 EDS1

letter-probability matrix: alength= 4 w= 9 nsites= 1 E= 0
  0.535714	  0.107143	  0.202381	  0.154762	
  0.154762	  0.011905	  0.011905	  0.821429	
  0.000000	  0.000000	  0.000000	  1.000000	
  0.190476	  0.095238	  0.238095	  0.476190	
  0.238095	  0.000000	  0.000000	  0.761905	
  0.000000	  0.000000	  0.000000	  1.000000	
  0.000000	  1.000000	  0.000000	  0.000000	
  0.000000	  1.000000	  0.000000	  0.000000	
  0.190476	  0.142857	  0.523810	  0.142857	

URL http://cisbp.ccbr.utoronto.ca/TFreport.php?searchTF=T161869_1.02

MOTIF M4203_1.02 REB1

letter-probability matrix: alength= 4 w= 13 nsites= 1 E= 0
  0.266700	  0.327000	  0.122500	  0.283800	
  0.431500	  0.258900	  0.105400	  0.204200	
  0.391739	  0.105411	  0.355436	  0.147415	
  0.130313	  0.060006	  0.366837	  0.442844	
  0.113300	  0.582700	  0.196400	  0.107600	
  0.067807	  0.923692	  0.003200	  0.005301	
  0.005301	  0.003200	  0.986199	  0.005301	
  0.005301	  0.003200	  0.986199	  0.005301	
  0.005301	  0.003200	  0.986199	  0.005301	
  0.005300	  0.003200	  0.003200	  0.988300	
  0.988300	  0.003200	  0.003200	  0.005300	
  0.988300	  0.003200	  0.003200	  0.005300	
  0.022400	  0.503200	  0.094100	  0.380300	

URL http://cisbp.ccbr.utoronto.ca/TFreport.php?searchTF=T120855_1.02

MOTIF M4204_1.02 NRG2

letter-probability matrix: alength= 4 w= 8 nsites= 1 E= 0
  0.381219	  0.372382	  0.051597	  0.194802	
  0.816599	  0.028502	  0.154083	  0.000817	
  0.000985	  0.001395	  0.985099	  0.012520	
  0.000997	  0.000997	  0.997009	  0.000997	
  0.002465	  0.000996	  0.995544	  0.000996	
  0.204414	  0.065490	  0.079540	  0.650555	
  0.137896	  0.624717	  0.000625	  0.236763	
  0.000345	  0.381015	  0.344576	  0.274064	

URL http://cisbp.ccbr.utoronto.ca/TFreport.php?searchTF=T061529_1.02

MOTIF M4205_1.02 TEC1

letter-probability matrix: alength= 4 w= 20 nsites= 1 E= 0
  0.290310	  0.302434	  0.130368	  0.276889	
  0.369507	  0.263876	  0.138415	  0.228201	
  0.415587	  0.202985	  0.166543	  0.214884	
  0.194335	  0.353620	  0.187605	  0.264440	
  0.160117	  0.430781	  0.198437	  0.210664	
  0.500105	  0.218635	  0.073431	  0.207829	
  0.753885	  0.009890	  0.225485	  0.010740	
  0.079572	  0.917028	  0.002496	  0.000904	
  0.963133	  0.000654	  0.034699	  0.001513	
  0.013734	  0.000968	  0.000818	  0.984480	
  0.049433	  0.000431	  0.001742	  0.948394	
  0.000344	  0.980815	  0.007453	  0.011388	
  0.001567	  0.482371	  0.008104	  0.507957	
  0.007707	  0.399204	  0.012811	  0.580278	
  0.143921	  0.163986	  0.563246	  0.128847	
  0.437248	  0.161840	  0.140605	  0.260307	
  0.158298	  0.314342	  0.189815	  0.337544	
  0.341058	  0.317231	  0.197115	  0.144596	
  0.230695	  0.262203	  0.194825	  0.312277	
  0.362377	  0.249556	  0.233846	  0.154221	

URL http://cisbp.ccbr.utoronto.ca/TFreport.php?searchTF=T151829_1.02

MOTIF M4206_1.02 NHP6B

letter-probability matrix: alength= 4 w= 20 nsites= 1 E= 0
  0.182042	  0.304420	  0.099351	  0.414187	
  0.217012	  0.225209	  0.216550	  0.341229	
  0.135553	  0.108932	  0.107984	  0.647532	
  0.376644	  0.208833	  0.077882	  0.336641	
  0.195358	  0.316234	  0.111897	  0.376511	
  0.154774	  0.317516	  0.143266	  0.384444	
  0.393811	  0.069898	  0.026203	  0.510088	
  0.578521	  0.089903	  0.051952	  0.279624	
  0.169071	  0.065660	  0.016137	  0.749132	
  0.807796	  0.032800	  0.067079	  0.092325	
  0.092325	  0.067079	  0.032800	  0.807796	
  0.749132	  0.016137	  0.065660	  0.169071	
  0.279624	  0.051952	  0.089903	  0.578521	
  0.510088	  0.026203	  0.069898	  0.393811	
  0.461269	  0.096593	  0.121822	  0.320316	
  0.372446	  0.106653	  0.111807	  0.409094	
  0.465870	  0.084202	  0.336242	  0.113686	
  0.202821	  0.160353	  0.302688	  0.334137	
  0.287801	  0.120317	  0.339173	  0.252709	
  0.287291	  0.257450	  0.252875	  0.202385	

URL http://cisbp.ccbr.utoronto.ca/TFreport.php?searchTF=T146238_1.02

MOTIF M4207_1.02 TBS1

letter-probability matrix: alength= 4 w= 8 nsites= 1 E= 0
  0.083333	  0.750000	  0.083333	  0.083333	
  0.000000	  0.000000	  1.000000	  0.000000	
  0.000000	  0.000000	  1.000000	  0.000000	
  0.533333	  0.133333	  0.133333	  0.200000	
  0.083333	  0.083333	  0.083333	  0.750000	
  0.016667	  0.950000	  0.016667	  0.016667	
  0.033333	  0.900000	  0.033333	  0.033333	
  0.050000	  0.050000	  0.783333	  0.116667	

URL http://cisbp.ccbr.utoronto.ca/TFreport.php?searchTF=T161870_1.02

MOTIF M4208_1.02 SMP1

letter-probability matrix: alength= 4 w= 21 nsites= 1 E= 0
  0.261529	  0.229270	  0.172952	  0.336249	
  0.168474	  0.201074	  0.381034	  0.249418	
  0.097684	  0.455860	  0.290116	  0.156340	
  0.269202	  0.101553	  0.104155	  0.525089	
  0.279409	  0.271500	  0.275034	  0.174056	
  0.393314	  0.146775	  0.262911	  0.196999	
  0.130193	  0.147261	  0.085376	  0.637170	
  0.402545	  0.060597	  0.041016	  0.495841	
  0.097427	  0.234068	  0.033912	  0.634593	
  0.750868	  0.125165	  0.046003	  0.077965	
  0.865617	  0.018378	  0.018798	  0.097207	
  0.097207	  0.018798	  0.018378	  0.865617	
  0.077965	  0.046003	  0.125165	  0.750868	
  0.634593	  0.033912	  0.234068	  0.097427	
  0.350237	  0.112232	  0.128639	  0.408892	
  0.637170	  0.085376	  0.147261	  0.130193	
  0.149412	  0.047445	  0.623403	  0.179740	
  0.201987	  0.158587	  0.554009	  0.085417	
  0.196195	  0.137159	  0.097629	  0.569017	
  0.356039	  0.265821	  0.188299	  0.189841	
  0.409458	  0.235182	  0.244325	  0.111035	

URL http://cisbp.ccbr.utoronto.ca/TFreport.php?searchTF=T111991_1.02

MOTIF M4209_1.02 ERT1

letter-probability matrix: alength= 4 w= 8 nsites= 1 E= 0
  0.279412	  0.044118	  0.632353	  0.044118	
  0.000000	  0.000000	  0.000000	  1.000000	
  0.000000	  0.000000	  0.000000	  1.000000	
  0.000000	  1.000000	  0.000000	  0.000000	
  0.000000	  1.000000	  0.000000	  0.000000	
  0.000000	  0.000000	  1.000000	  0.000000	
  0.411765	  0.058824	  0.470588	  0.058824	
  0.161765	  0.220588	  0.102941	  0.514706	

URL http://cisbp.ccbr.utoronto.ca/TFreport.php?searchTF=T161871_1.02

MOTIF M4210_1.02 THI2

letter-probability matrix: alength= 4 w= 20 nsites= 1 E= 0
  0.178000	  0.276000	  0.381000	  0.165000	
  0.164000	  0.659000	  0.046000	  0.131000	
  0.146853	  0.153846	  0.568432	  0.130869	
  0.071000	  0.135000	  0.613000	  0.181000	
  0.321321	  0.160160	  0.359359	  0.159159	
  0.180000	  0.222000	  0.148000	  0.450000	
  0.155000	  0.233000	  0.276000	  0.336000	
  0.111000	  0.185000	  0.298000	  0.406000	
  0.188000	  0.213000	  0.188000	  0.411000	
  0.160000	  0.200000	  0.265000	  0.375000	
  0.106106	  0.224224	  0.198198	  0.471471	
  0.092092	  0.144144	  0.496496	  0.267267	
  0.241241	  0.243243	  0.311311	  0.204204	
  0.370000	  0.184000	  0.291000	  0.155000	
  0.149000	  0.465000	  0.167000	  0.219000	
  0.242000	  0.208000	  0.300000	  0.250000	
  0.121000	  0.747000	  0.058000	  0.074000	
  0.089089	  0.726727	  0.076076	  0.108108	
  0.014000	  0.042000	  0.878000	  0.066000	
  0.205000	  0.242000	  0.098000	  0.455000	

URL http://cisbp.ccbr.utoronto.ca/TFreport.php?searchTF=T161872_1.02

MOTIF M4211_1.02 REI1

letter-probability matrix: alength= 4 w= 7 nsites= 1 E= 0
  0.130952	  0.226190	  0.083333	  0.559524	
  0.047619	  0.952381	  0.000000	  0.000000	
  1.000000	  0.000000	  0.000000	  0.000000	
  0.000000	  0.000000	  1.000000	  0.000000	
  0.000000	  0.000000	  1.000000	  0.000000	
  0.000000	  0.000000	  0.952381	  0.047619	
  0.047619	  0.000000	  0.952381	  0.000000	

URL http://cisbp.ccbr.utoronto.ca/TFreport.php?searchTF=T061530_1.02

MOTIF M4212_1.02 KAR4

letter-probability matrix: alength= 4 w= 16 nsites= 1 E= 0
  1.000000	  0.000000	  0.000000	  0.000000	
  0.363636	  0.000000	  0.636364	  0.000000	
  0.272727	  0.363636	  0.272727	  0.090909	
  0.000000	  0.909091	  0.090909	  0.000000	
  0.454545	  0.000000	  0.272727	  0.272727	
  0.000000	  0.000000	  1.000000	  0.000000	
  0.272727	  0.181818	  0.090909	  0.454545	
  0.090909	  0.181818	  0.181818	  0.545455	
  0.000000	  0.000000	  0.000000	  1.000000	
  0.000000	  0.000000	  0.000000	  1.000000	
  0.000000	  0.000000	  0.000000	  1.000000	
  0.000000	  0.181818	  0.727273	  0.090909	
  0.272727	  0.090909	  0.181818	  0.454545	
  0.181818	  0.181818	  0.272727	  0.363636	
  0.000000	  0.000000	  0.363636	  0.636364	
  0.000000	  0.090909	  0.000000	  0.909091	

URL http://cisbp.ccbr.utoronto.ca/TFreport.php?searchTF=T153741_1.02

MOTIF M4213_1.02 FYV5

letter-probability matrix: alength= 4 w= 20 nsites= 1 E= 0
  0.000000	  0.000000	  0.000000	  1.000000	
  0.000000	  0.000000	  1.000000	  0.000000	
  0.000000	  0.000000	  0.000000	  1.000000	
  0.250000	  0.250000	  0.250000	  0.250000	
  0.250000	  0.250000	  0.250000	  0.250000	
  0.250000	  0.250000	  0.250000	  0.250000	
  0.250000	  0.250000	  0.250000	  0.250000	
  0.250000	  0.250000	  0.250000	  0.250000	
  0.250000	  0.250000	  0.250000	  0.250000	
  0.250000	  0.250000	  0.250000	  0.250000	
  0.250000	  0.250000	  0.250000	  0.250000	
  0.250000	  0.250000	  0.250000	  0.250000	
  0.250000	  0.250000	  0.250000	  0.250000	
  0.250000	  0.250000	  0.250000	  0.250000	
  0.250000	  0.250000	  0.250000	  0.250000	
  0.250000	  0.250000	  0.250000	  0.250000	
  1.000000	  0.000000	  0.000000	  0.000000	
  0.000000	  0.000000	  0.000000	  1.000000	
  1.000000	  0.000000	  0.000000	  0.000000	
  0.000000	  0.000000	  0.000000	  1.000000	

URL http://cisbp.ccbr.utoronto.ca/TFreport.php?searchTF=T153742_1.02

MOTIF M4214_1.02 SRD1

letter-probability matrix: alength= 4 w= 8 nsites= 1 E= 0
  0.660645	  0.085930	  0.193842	  0.059583	
  0.061909	  0.017162	  0.903905	  0.017024	
  0.974138	  0.000000	  0.000000	  0.025862	
  0.129310	  0.000000	  0.017241	  0.853449	
  0.002351	  0.993524	  0.001997	  0.002128	
  0.043880	  0.187352	  0.029952	  0.738816	
  0.463939	  0.295011	  0.127507	  0.113544	
  0.244492	  0.415463	  0.175430	  0.164615	

URL http://cisbp.ccbr.utoronto.ca/TFreport.php?searchTF=T085220_1.02

MOTIF M4215_1.02 MATALPHA2

letter-probability matrix: alength= 4 w= 6 nsites= 1 E= 0
  0.850802	  0.000851	  0.007866	  0.140481	
  0.007801	  0.872161	  0.000872	  0.119166	
  0.820398	  0.007379	  0.142768	  0.029455	
  0.000600	  0.387667	  0.011548	  0.600185	
  0.205170	  0.000729	  0.728775	  0.065326	
  0.354082	  0.248861	  0.035063	  0.361993	

URL http://cisbp.ccbr.utoronto.ca/TFreport.php?searchTF=T100208_1.02

MOTIF M4216_1.02 MATALPHA1

letter-probability matrix: alength= 4 w= 22 nsites= 1 E= 0
  0.166667	  0.166667	  0.166667	  0.500000	
  0.000000	  0.000000	  0.000000	  1.000000	
  0.000000	  0.000000	  0.000000	  1.000000	
  0.000000	  1.000000	  0.000000	  0.000000	
  0.166667	  0.500000	  0.166667	  0.166667	
  0.000000	  0.000000	  0.000000	  1.000000	
  0.500000	  0.166667	  0.166667	  0.166667	
  1.000000	  0.000000	  0.000000	  0.000000	
  0.000000	  0.000000	  0.000000	  1.000000	
  0.000000	  0.000000	  0.000000	  1.000000	
  0.500000	  0.166667	  0.166667	  0.166667	
  0.000000	  0.000000	  1.000000	  0.000000	
  0.166667	  0.166667	  0.166667	  0.500000	
  0.250000	  0.250000	  0.250000	  0.250000	
  0.166667	  0.500000	  0.166667	  0.166667	
  0.500000	  0.166667	  0.166667	  0.166667	
  0.166667	  0.166667	  0.166667	  0.500000	
  0.000000	  1.000000	  0.000000	  0.000000	
  1.000000	  0.000000	  0.000000	  0.000000	
  1.000000	  0.000000	  0.000000	  0.000000	
  0.000000	  0.000000	  0.000000	  1.000000	
  0.166667	  0.166667	  0.500000	  0.166667	

URL http://cisbp.ccbr.utoronto.ca/TFreport.php?searchTF=T113309_1.02

MOTIF M4217_1.02 HCM1

letter-probability matrix: alength= 4 w= 8 nsites= 1 E= 0
  0.513075	  0.160895	  0.248858	  0.077172	
  0.272549	  0.076780	  0.041351	  0.609320	
  0.670106	  0.315845	  0.006581	  0.007468	
  0.946809	  0.053191	  0.000000	  0.000000	
  1.000000	  0.000000	  0.000000	  0.000000	
  0.007021	  0.855953	  0.004388	  0.132638	
  0.950104	  0.017114	  0.015356	  0.017426	
  0.580308	  0.170674	  0.108697	  0.140321	

URL http://cisbp.ccbr.utoronto.ca/TFreport.php?searchTF=T082941_1.02

MOTIF M4218_1.02 HMRA2

letter-probability matrix: alength= 4 w= 8 nsites= 1 E= 0
  0.062500	  0.669643	  0.062500	  0.205357	
  0.535714	  0.000000	  0.464286	  0.000000	
  0.035714	  0.000000	  0.000000	  0.964286	
  0.000000	  0.000000	  1.000000	  0.000000	
  0.000000	  0.000000	  0.000000	  1.000000	
  0.928571	  0.000000	  0.000000	  0.071429	
  0.875000	  0.017857	  0.017857	  0.089286	
  0.401786	  0.080357	  0.080357	  0.437500	

URL http://cisbp.ccbr.utoronto.ca/TFreport.php?searchTF=T100209_1.02

MOTIF M4219_1.02 RDS1

letter-probability matrix: alength= 4 w= 7 nsites= 1 E= 0
  0.013158	  0.907895	  0.013158	  0.065789	
  0.000000	  0.105263	  0.894737	  0.000000	
  0.000000	  0.000000	  1.000000	  0.000000	
  0.000000	  0.842105	  0.157895	  0.000000	
  0.000000	  0.947368	  0.052632	  0.000000	
  0.000000	  0.105263	  0.894737	  0.000000	
  0.315789	  0.315789	  0.315789	  0.052632	

URL http://cisbp.ccbr.utoronto.ca/TFreport.php?searchTF=T161874_1.02

MOTIF M4220_1.02 NHP10

letter-probability matrix: alength= 4 w= 8 nsites= 1 E= 0
  0.075000	  0.175000	  0.075000	  0.675000	
  0.000000	  1.000000	  0.000000	  0.000000	
  0.000000	  1.000000	  0.000000	  0.000000	
  0.000000	  1.000000	  0.000000	  0.000000	
  0.000000	  1.000000	  0.000000	  0.000000	
  0.000000	  0.000000	  1.000000	  0.000000	
  0.075000	  0.075000	  0.775000	  0.075000	
  0.100000	  0.600000	  0.100000	  0.200000	

URL http://cisbp.ccbr.utoronto.ca/TFreport.php?searchTF=T146239_1.02

MOTIF M4221_1.02 RPN4

letter-probability matrix: alength= 4 w= 12 nsites= 1 E= 0
  0.169865	  0.287326	  0.266798	  0.276011	
  0.272993	  0.270890	  0.251143	  0.204974	
  0.206112	  0.315978	  0.275699	  0.202211	
  0.253691	  0.000659	  0.654353	  0.091297	
  0.000966	  0.000965	  0.965054	  0.033015	
  0.057495	  0.000905	  0.036680	  0.904920	
  0.000954	  0.033970	  0.953655	  0.011421	
  0.000995	  0.000996	  0.995144	  0.002865	
  0.014215	  0.983817	  0.000984	  0.000984	
  0.591337	  0.000597	  0.406590	  0.001477	
  0.916221	  0.000916	  0.001313	  0.081550	
  0.586225	  0.204251	  0.070524	  0.139000	

URL http://cisbp.ccbr.utoronto.ca/TFreport.php?searchTF=T061531_1.02

MOTIF M4222_1.02 STP4

letter-probability matrix: alength= 4 w= 9 nsites= 1 E= 0
  0.186250	  0.111250	  0.556250	  0.146250	
  0.401250	  0.286250	  0.241250	  0.071250	
  0.001250	  0.001250	  0.001250	  0.996250	
  0.996250	  0.001250	  0.001250	  0.001250	
  0.001250	  0.001250	  0.996250	  0.001250	
  0.001250	  0.996250	  0.001250	  0.001250	
  0.001250	  0.001250	  0.996250	  0.001250	
  0.001250	  0.731250	  0.171250	  0.096250	
  0.541250	  0.151250	  0.161250	  0.146250	

URL http://cisbp.ccbr.utoronto.ca/TFreport.php?searchTF=T061532_1.02

MOTIF M4223_1.02 MBP1

letter-probability matrix: alength= 4 w= 7 nsites= 1 E= 0
  0.548894	  0.095864	  0.182402	  0.172840	
  0.001401	  0.995872	  0.001506	  0.001221	
  0.148289	  0.000000	  0.851711	  0.000000	
  0.000000	  0.878327	  0.000000	  0.121673	
  0.002335	  0.017835	  0.977794	  0.002036	
  0.349175	  0.172992	  0.091376	  0.386457	
  0.329496	  0.304358	  0.184759	  0.181387	

URL http://cisbp.ccbr.utoronto.ca/TFreport.php?searchTF=T005322_1.02

MOTIF M4224_1.02 PHO2

letter-probability matrix: alength= 4 w= 6 nsites= 1 E= 0
  0.369531	  0.000781	  0.000781	  0.628906	
  0.769531	  0.000781	  0.000781	  0.228906	
  0.435156	  0.000781	  0.000781	  0.563281	
  0.000781	  0.000781	  0.000781	  0.997656	
  0.882031	  0.000781	  0.000781	  0.116406	
  0.407031	  0.075781	  0.000781	  0.516406	

URL http://cisbp.ccbr.utoronto.ca/TFreport.php?searchTF=T100211_1.02

MOTIF M4225_1.02 UGA3

letter-probability matrix: alength= 4 w= 8 nsites= 1 E= 0
  0.104167	  0.020833	  0.020833	  0.854167	
  0.020833	  0.687500	  0.270833	  0.020833	
  0.000000	  1.000000	  0.000000	  0.000000	
  0.000000	  1.000000	  0.000000	  0.000000	
  0.000000	  0.000000	  1.000000	  0.000000	
  0.000000	  1.000000	  0.000000	  0.000000	
  0.041667	  0.625000	  0.291667	  0.041667	
  0.187500	  0.270833	  0.437500	  0.104167	

URL http://cisbp.ccbr.utoronto.ca/TFreport.php?searchTF=T161875_1.02

MOTIF M4227_1.02 YDR026C

letter-probability matrix: alength= 4 w= 6 nsites= 1 E= 0
  0.999326	  0.000175	  0.000175	  0.000325	
  0.000325	  0.999174	  0.000175	  0.000325	
  0.000326	  0.999174	  0.000175	  0.000325	
  0.000325	  0.999161	  0.000175	  0.000339	
  0.000325	  0.000175	  0.999174	  0.000325	
  0.000325	  0.000176	  0.999173	  0.000325	

URL http://cisbp.ccbr.utoronto.ca/TFreport.php?searchTF=T120857_1.02

MOTIF M4228_1.02 LYS14

letter-probability matrix: alength= 4 w= 15 nsites= 1 E= 0
  0.600000	  0.000000	  0.000000	  0.400000	
  0.600000	  0.000000	  0.000000	  0.400000	
  0.000000	  0.000000	  0.000000	  1.000000	
  0.100000	  0.000000	  0.100000	  0.800000	
  0.000000	  1.000000	  0.000000	  0.000000	
  0.000000	  1.000000	  0.000000	  0.000000	
  0.400000	  0.100000	  0.500000	  0.000000	
  0.200000	  0.300000	  0.400000	  0.100000	
  0.100000	  0.600000	  0.000000	  0.300000	
  0.000000	  0.000000	  1.000000	  0.000000	
  0.000000	  0.000000	  1.000000	  0.000000	
  0.600000	  0.100000	  0.200000	  0.100000	
  0.900000	  0.000000	  0.000000	  0.100000	
  0.300000	  0.000000	  0.100000	  0.600000	
  0.200000	  0.200000	  0.000000	  0.600000	

URL http://cisbp.ccbr.utoronto.ca/TFreport.php?searchTF=T161876_1.02

MOTIF M4230_1.02 NRG1

letter-probability matrix: alength= 4 w= 7 nsites= 1 E= 0
  0.732659	  0.061211	  0.139365	  0.066764	
  0.008657	  0.003863	  0.980637	  0.006844	
  0.025744	  0.009533	  0.960008	  0.004715	
  0.028381	  0.009908	  0.935487	  0.026224	
  0.105717	  0.019929	  0.004239	  0.870115	
  0.059933	  0.803422	  0.034584	  0.102061	
  0.018447	  0.683620	  0.041876	  0.256057	

URL http://cisbp.ccbr.utoronto.ca/TFreport.php?searchTF=T061534_1.02

MOTIF M4232_1.02 PDC2

letter-probability matrix: alength= 4 w= 11 nsites= 1 E= 0
  0.583333	  0.083333	  0.166667	  0.166667	
  0.000000	  0.000000	  0.083333	  0.916667	
  1.000000	  0.000000	  0.000000	  0.000000	
  0.000000	  1.000000	  0.000000	  0.000000	
  1.000000	  0.000000	  0.000000	  0.000000	
  0.000000	  0.000000	  0.000000	  1.000000	
  1.000000	  0.000000	  0.000000	  0.000000	
  0.000000	  0.000000	  0.000000	  1.000000	
  1.000000	  0.000000	  0.000000	  0.000000	
  0.416667	  0.000000	  0.166667	  0.416667	
  0.500000	  0.000000	  0.000000	  0.500000	

URL http://cisbp.ccbr.utoronto.ca/TFreport.php?searchTF=T153744_1.02

MOTIF M4233_1.02 GIS1

letter-probability matrix: alength= 4 w= 9 nsites= 1 E= 0
  0.300733	  0.183374	  0.193154	  0.322738	
  0.273839	  0.156479	  0.110024	  0.459658	
  0.317848	  0.151589	  0.044010	  0.486553	
  1.000000	  0.000000	  0.000000	  0.000000	
  0.127139	  0.000000	  0.872861	  0.000000	
  0.000000	  0.000000	  1.000000	  0.000000	
  0.000000	  0.000000	  1.000000	  0.000000	
  0.029340	  0.000000	  0.970660	  0.000000	
  0.251834	  0.124694	  0.215159	  0.408313	

URL http://cisbp.ccbr.utoronto.ca/TFreport.php?searchTF=T061535_1.02

MOTIF M4234_1.02 INO2

letter-probability matrix: alength= 4 w= 9 nsites= 1 E= 0
  0.157933	  0.028878	  0.020195	  0.792995	
  0.000253	  0.092962	  0.071090	  0.835696	
  0.000169	  0.867217	  0.132445	  0.000169	
  0.871544	  0.051061	  0.010099	  0.067295	
  0.010202	  0.928348	  0.000108	  0.061341	
  0.889674	  0.010090	  0.100070	  0.000166	
  0.043014	  0.000139	  0.039246	  0.917602	
  0.011322	  0.000129	  0.988314	  0.000234	
  0.046490	  0.712417	  0.115566	  0.125526	

URL http://cisbp.ccbr.utoronto.ca/TFreport.php?searchTF=T018417_1.02

MOTIF M4235_1.02 SWI5

letter-probability matrix: alength= 4 w= 8 nsites= 1 E= 0
  0.076923	  0.076923	  0.230769	  0.615385	
  0.000000	  0.000000	  1.000000	  0.000000	
  0.000000	  1.000000	  0.000000	  0.000000	
  0.000000	  0.000000	  0.000000	  1.000000	
  0.000000	  0.000000	  1.000000	  0.000000	
  0.000000	  0.000000	  1.000000	  0.000000	
  0.038462	  0.038462	  0.269231	  0.653846	
  0.250000	  0.250000	  0.096154	  0.403846	

URL http://cisbp.ccbr.utoronto.ca/TFreport.php?searchTF=T061536_1.02

MOTIF M4236_1.02 STB3

letter-probability matrix: alength= 4 w= 21 nsites= 1 E= 0
  0.098550	  0.168791	  0.546864	  0.185795	
  0.166948	  0.173139	  0.202689	  0.457223	
  0.182808	  0.415976	  0.057969	  0.343246	
  0.194335	  0.379716	  0.107312	  0.318638	
  0.507409	  0.059579	  0.189551	  0.243460	
  0.547521	  0.120065	  0.151028	  0.181386	
  0.776343	  0.035674	  0.071893	  0.116089	
  0.499625	  0.027162	  0.033047	  0.440167	
  0.099621	  0.011299	  0.002212	  0.886867	
  0.053114	  0.005694	  0.001948	  0.939244	
  0.010551	  0.004832	  0.002165	  0.982451	
  0.013777	  0.000684	  0.015368	  0.970171	
  0.000673	  0.064122	  0.020126	  0.915079	
  0.003406	  0.990189	  0.002086	  0.004318	
  0.965012	  0.007067	  0.025325	  0.002595	
  0.150845	  0.587578	  0.084301	  0.177276	
  0.129354	  0.120372	  0.137219	  0.613054	
  0.166916	  0.326777	  0.200265	  0.306041	
  0.308768	  0.253019	  0.125517	  0.312696	
  0.233894	  0.170548	  0.315313	  0.280245	
  0.226786	  0.182924	  0.296412	  0.293879	

URL http://cisbp.ccbr.utoronto.ca/TFreport.php?searchTF=T153746_1.02

MOTIF M4237_1.02 UME6

letter-probability matrix: alength= 4 w= 9 nsites= 1 E= 0
  0.125000	  0.187500	  0.125000	  0.562500	
  0.421875	  0.046875	  0.109375	  0.421875	
  0.390625	  0.078125	  0.515625	  0.015625	
  0.000000	  0.812500	  0.187500	  0.000000	
  0.000000	  1.000000	  0.000000	  0.000000	
  0.000000	  0.000000	  1.000000	  0.000000	
  0.000000	  1.000000	  0.000000	  0.000000	
  0.031250	  0.218750	  0.656250	  0.093750	
  0.187500	  0.187500	  0.437500	  0.187500	

URL http://cisbp.ccbr.utoronto.ca/TFreport.php?searchTF=T161877_1.02

MOTIF M4238_1.02 UPC2

letter-probability matrix: alength= 4 w= 7 nsites= 1 E= 0
  0.156931	  0.252915	  0.194150	  0.396005	
  0.593216	  0.027584	  0.289317	  0.089883	
  0.378413	  0.003065	  0.002980	  0.615542	
  1.000000	  0.000000	  0.000000	  0.000000	
  0.000000	  1.000000	  0.000000	  0.000000	
  0.005119	  0.004597	  0.985720	  0.004564	
  0.828454	  0.049279	  0.085756	  0.036511	

URL http://cisbp.ccbr.utoronto.ca/TFreport.php?searchTF=T161878_1.02

MOTIF M4239_1.02 ADR1

letter-probability matrix: alength= 4 w= 7 nsites= 1 E= 0
  0.093123	  0.059999	  0.505577	  0.341301	
  0.095242	  0.202811	  0.059809	  0.642138	
  0.000000	  0.000000	  1.000000	  0.000000	
  0.000000	  0.000000	  1.000000	  0.000000	
  0.146597	  0.000000	  0.853403	  0.000000	
  0.001114	  0.001304	  0.996309	  0.001273	
  0.221005	  0.130670	  0.241650	  0.406675	

URL http://cisbp.ccbr.utoronto.ca/TFreport.php?searchTF=T061537_1.02

MOTIF M4240_1.02 MET32

letter-probability matrix: alength= 4 w= 8 nsites= 1 E= 0
  0.149579	  0.113163	  0.070576	  0.666681	
  0.084934	  0.000888	  0.887596	  0.026582	
  0.045697	  0.041194	  0.013738	  0.899371	
  0.000997	  0.000997	  0.997009	  0.000997	
  0.000793	  0.101753	  0.792847	  0.104608	
  0.187352	  0.603413	  0.093865	  0.115371	
  0.440019	  0.021210	  0.348251	  0.190519	
  0.080985	  0.408432	  0.236464	  0.274119	

URL http://cisbp.ccbr.utoronto.ca/TFreport.php?searchTF=T061538_1.02

MOTIF M4241_1.02 YAP6

letter-probability matrix: alength= 4 w= 8 nsites= 1 E= 0
  0.146777	  0.036713	  0.155980	  0.660531	
  0.000000	  0.036697	  0.000000	  0.963303	
  0.972469	  0.000000	  0.018357	  0.009174	
  0.000000	  0.944956	  0.009178	  0.045867	
  0.660523	  0.000000	  0.311956	  0.027521	
  0.009171	  0.027527	  0.009175	  0.954127	
