MEME version 4

ALPHABET= ACGT

strands: + -

Background letter frequencies (from uniform background):
A 0.25000 C 0.25000 G 0.25000 T 0.25000 

MOTIF M1371_1.02 (553_YBL054W)_(Saccharomyces_cerevisiae)_(DBD_1.00)

letter-probability matrix: alength= 4 w= 8 nsites= 1 E= 0
  0.184434	  0.313341	  0.272406	  0.229819	
  0.166904	  0.310262	  0.332759	  0.190075	
  0.161706	  0.409844	  0.224927	  0.203523	
  0.047620	  0.037459	  0.759948	  0.154973	
  0.773057	  0.106735	  0.083961	  0.036247	
  0.037887	  0.046740	  0.013391	  0.901983	
  0.057125	  0.000068	  0.930060	  0.012746	
  0.138965	  0.312382	  0.362936	  0.185717	

URL http://cisbp.ccbr.utoronto.ca/TFreport.php?searchTF=T125650_1.02

MOTIF M2118_1.02 (7676_YGL237C)_(Saccharomyces_cerevisiae)_(DBD_1.00)

letter-probability matrix: alength= 4 w= 5 nsites= 1 E= 0
  0.000000	  0.000000	  0.000000	  1.000000	
  0.000000	  0.000000	  0.010160	  0.989840	
  0.005578	  0.000000	  0.994422	  0.000000	
  0.000000	  0.000000	  0.998223	  0.001777	
  0.158006	  0.378979	  0.030665	  0.432350	

URL http://cisbp.ccbr.utoronto.ca/TFreport.php?searchTF=T070733_1.02

MOTIF M2137_1.02 (11332_YIR017C)_(Saccharomyces_cerevisiae)_(DBD_0.83)

letter-probability matrix: alength= 4 w= 6 nsites= 1 E= 0
  0.000000	  1.000000	  0.000000	  0.000000	
  0.000000	  0.000000	  0.000000	  1.000000	
  0.000000	  0.000000	  1.000000	  0.000000	
  0.000000	  0.000000	  0.000000	  1.000000	
  0.000000	  0.000000	  1.000000	  0.000000	
  0.000000	  0.000000	  1.000000	  0.000000	

URL http://cisbp.ccbr.utoronto.ca/TFreport.php?searchTF=T030351_1.02

MOTIF M4195_1.02 (422_YAL051W)_(Saccharomyces_cerevisiae)_(DBD_0.95)

letter-probability matrix: alength= 4 w= 24 nsites= 1 E= 0
  0.241758	  0.202797	  0.188811	  0.366633	
  0.017017	  0.729730	  0.202202	  0.051051	
  0.123000	  0.262000	  0.518000	  0.097000	
  0.055000	  0.329000	  0.500000	  0.116000	
  0.179000	  0.424000	  0.206000	  0.191000	
  0.142000	  0.253000	  0.402000	  0.203000	
  0.199000	  0.462000	  0.138000	  0.201000	
  0.218000	  0.350000	  0.240000	  0.192000	
  0.180000	  0.230000	  0.233000	  0.357000	
  0.116000	  0.179000	  0.160000	  0.545000	
  0.130000	  0.511000	  0.183000	  0.176000	
  0.131000	  0.219000	  0.108000	  0.542000	
  0.082000	  0.474000	  0.192000	  0.252000	
  0.150000	  0.202000	  0.397000	  0.251000	
  0.119119	  0.436436	  0.133133	  0.311311	
  0.158841	  0.369630	  0.356643	  0.114885	
  0.275275	  0.289289	  0.224224	  0.211211	
  0.223000	  0.178000	  0.390000	  0.209000	
  0.097097	  0.404404	  0.345345	  0.153153	
  0.360360	  0.178178	  0.203203	  0.258258	
  0.057000	  0.699000	  0.210000	  0.034000	
  0.066066	  0.778779	  0.060060	  0.095095	
  0.065000	  0.081000	  0.813000	  0.041000	
  0.402000	  0.286000	  0.156000	  0.156000	

URL http://cisbp.ccbr.utoronto.ca/TFreport.php?searchTF=T164889_1.02

MOTIF M4196_1.02 (976_YHR166C)_(Saccharomyces_cerevisiae)_(DBD_0.97)

letter-probability matrix: alength= 4 w= 6 nsites= 1 E= 0
  0.091246	  0.105756	  0.124914	  0.678084	
  0.000933	  0.933304	  0.000933	  0.064829	
  0.000986	  0.986200	  0.011827	  0.000986	
  0.071141	  0.081607	  0.846406	  0.000846	
  0.093067	  0.368868	  0.266878	  0.271187	
  0.145968	  0.231821	  0.371482	  0.250729	

URL http://cisbp.ccbr.utoronto.ca/TFreport.php?searchTF=T164933_1.02

MOTIF M4199_1.02 (730_YBL103C)_(Saccharomyces_cerevisiae)_(DBD_1.00)

letter-probability matrix: alength= 4 w= 11 nsites= 1 E= 0
  0.184000	  0.252000	  0.295000	  0.269000	
  0.535000	  0.090000	  0.247000	  0.128000	
  0.033000	  0.039000	  0.040000	  0.888000	
  0.047047	  0.219219	  0.584585	  0.149149	
  0.809191	  0.092907	  0.039960	  0.057942	
  0.005005	  0.969970	  0.003003	  0.022022	
  0.040000	  0.067000	  0.156000	  0.737000	
  0.055000	  0.780000	  0.102000	  0.063000	
  0.525000	  0.102000	  0.159000	  0.214000	
  0.021000	  0.275000	  0.123000	  0.581000	
  0.206000	  0.356000	  0.143000	  0.295000	

URL http://cisbp.ccbr.utoronto.ca/TFreport.php?searchTF=T020796_1.02

MOTIF M4202_1.02 (1116_YIL025C)_(Saccharomyces_cerevisiae)_(DBD_0.86)

letter-probability matrix: alength= 4 w= 9 nsites= 1 E= 0
  0.535714	  0.107143	  0.202381	  0.154762	
  0.154762	  0.011905	  0.011905	  0.821429	
  0.000000	  0.000000	  0.000000	  1.000000	
  0.190476	  0.095238	  0.238095	  0.476190	
  0.238095	  0.000000	  0.000000	  0.761905	
  0.000000	  0.000000	  0.000000	  1.000000	
  0.000000	  1.000000	  0.000000	  0.000000	
  0.000000	  1.000000	  0.000000	  0.000000	
  0.190476	  0.142857	  0.523810	  0.142857	

URL http://cisbp.ccbr.utoronto.ca/TFreport.php?searchTF=T164769_1.02

MOTIF M4203_1.02 (1177_YBR049C)_(Saccharomyces_cerevisiae)_(DBD_0.96)

letter-probability matrix: alength= 4 w= 13 nsites= 1 E= 0
  0.266700	  0.327000	  0.122500	  0.283800	
  0.431500	  0.258900	  0.105400	  0.204200	
  0.391739	  0.105411	  0.355436	  0.147415	
  0.130313	  0.060006	  0.366837	  0.442844	
  0.113300	  0.582700	  0.196400	  0.107600	
  0.067807	  0.923692	  0.003200	  0.005301	
  0.005301	  0.003200	  0.986199	  0.005301	
  0.005301	  0.003200	  0.986199	  0.005301	
  0.005301	  0.003200	  0.986199	  0.005301	
  0.005300	  0.003200	  0.003200	  0.988300	
  0.988300	  0.003200	  0.003200	  0.005300	
  0.988300	  0.003200	  0.003200	  0.005300	
  0.022400	  0.503200	  0.094100	  0.380300	

URL http://cisbp.ccbr.utoronto.ca/TFreport.php?searchTF=T125585_1.02

MOTIF M4204_1.02 (1253_YBR066C)_(Saccharomyces_cerevisiae)_(DBD_1.00)

letter-probability matrix: alength= 4 w= 8 nsites= 1 E= 0
  0.381219	  0.372382	  0.051597	  0.194802	
  0.816599	  0.028502	  0.154083	  0.000817	
  0.000985	  0.001395	  0.985099	  0.012520	
  0.000997	  0.000997	  0.997009	  0.000997	
  0.002465	  0.000996	  0.995544	  0.000996	
  0.204414	  0.065490	  0.079540	  0.650555	
  0.137896	  0.624717	  0.000625	  0.236763	
  0.000345	  0.381015	  0.344576	  0.274064	

URL http://cisbp.ccbr.utoronto.ca/TFreport.php?searchTF=T067225_1.02

MOTIF M4206_1.02 (1377_YBR089C-A)_(Saccharomyces_cerevisiae)_(DBD_0.97)

letter-probability matrix: alength= 4 w= 20 nsites= 1 E= 0
  0.182042	  0.304420	  0.099351	  0.414187	
  0.217012	  0.225209	  0.216550	  0.341229	
  0.135553	  0.108932	  0.107984	  0.647532	
  0.376644	  0.208833	  0.077882	  0.336641	
  0.195358	  0.316234	  0.111897	  0.376511	
  0.154774	  0.317516	  0.143266	  0.384444	
  0.393811	  0.069898	  0.026203	  0.510088	
  0.578521	  0.089903	  0.051952	  0.279624	
  0.169071	  0.065660	  0.016137	  0.749132	
  0.807796	  0.032800	  0.067079	  0.092325	
  0.092325	  0.067079	  0.032800	  0.807796	
  0.749132	  0.016137	  0.065660	  0.169071	
  0.279624	  0.051952	  0.089903	  0.578521	
  0.510088	  0.026203	  0.069898	  0.393811	
  0.461269	  0.096593	  0.121822	  0.320316	
  0.372446	  0.106653	  0.111807	  0.409094	
  0.465870	  0.084202	  0.336242	  0.113686	
  0.202821	  0.160353	  0.302688	  0.334137	
  0.287801	  0.120317	  0.339173	  0.252709	
  0.287291	  0.257450	  0.252875	  0.202385	

URL http://cisbp.ccbr.utoronto.ca/TFreport.php?searchTF=T147548_1.02

MOTIF M4207_1.02 (1615_YBR150C)_(Saccharomyces_cerevisiae)_(DBD_0.95)

letter-probability matrix: alength= 4 w= 8 nsites= 1 E= 0
  0.083333	  0.750000	  0.083333	  0.083333	
  0.000000	  0.000000	  1.000000	  0.000000	
  0.000000	  0.000000	  1.000000	  0.000000	
  0.533333	  0.133333	  0.133333	  0.200000	
  0.083333	  0.083333	  0.083333	  0.750000	
  0.016667	  0.950000	  0.016667	  0.016667	
  0.033333	  0.900000	  0.033333	  0.033333	
  0.050000	  0.050000	  0.783333	  0.116667	

URL http://cisbp.ccbr.utoronto.ca/TFreport.php?searchTF=T164821_1.02

MOTIF M4208_1.02 (1735_Multiple)_(Saccharomyces_cerevisiae)_(DBD_1.00)

letter-probability matrix: alength= 4 w= 21 nsites= 1 E= 0
  0.261529	  0.229270	  0.172952	  0.336249	
  0.168474	  0.201074	  0.381034	  0.249418	
  0.097684	  0.455860	  0.290116	  0.156340	
  0.269202	  0.101553	  0.104155	  0.525089	
  0.279409	  0.271500	  0.275034	  0.174056	
  0.393314	  0.146775	  0.262911	  0.196999	
  0.130193	  0.147261	  0.085376	  0.637170	
  0.402545	  0.060597	  0.041016	  0.495841	
  0.097427	  0.234068	  0.033912	  0.634593	
  0.750868	  0.125165	  0.046003	  0.077965	
  0.865617	  0.018378	  0.018798	  0.097207	
  0.097207	  0.018798	  0.018378	  0.865617	
  0.077965	  0.046003	  0.125165	  0.750868	
  0.634593	  0.033912	  0.234068	  0.097427	
  0.350237	  0.112232	  0.128639	  0.408892	
  0.637170	  0.085376	  0.147261	  0.130193	
  0.149412	  0.047445	  0.623403	  0.179740	
  0.201987	  0.158587	  0.554009	  0.085417	
  0.196195	  0.137159	  0.097629	  0.569017	
  0.356039	  0.265821	  0.188299	  0.189841	
  0.409458	  0.235182	  0.244325	  0.111035	

URL http://cisbp.ccbr.utoronto.ca/TFreport.php?searchTF=T112820_1.02

MOTIF M4209_1.02 (1958_YBR239C)_(Saccharomyces_cerevisiae)_(DBD_1.00)

letter-probability matrix: alength= 4 w= 8 nsites= 1 E= 0
  0.279412	  0.044118	  0.632353	  0.044118	
  0.000000	  0.000000	  0.000000	  1.000000	
  0.000000	  0.000000	  0.000000	  1.000000	
  0.000000	  1.000000	  0.000000	  0.000000	
  0.000000	  1.000000	  0.000000	  0.000000	
  0.000000	  0.000000	  1.000000	  0.000000	
  0.411765	  0.058824	  0.470588	  0.058824	
  0.161765	  0.220588	  0.102941	  0.514706	

URL http://cisbp.ccbr.utoronto.ca/TFreport.php?searchTF=T164841_1.02

MOTIF M4210_1.02 (1967_YBR240C)_(Saccharomyces_cerevisiae)_(DBD_1.00)

letter-probability matrix: alength= 4 w= 20 nsites= 1 E= 0
  0.178000	  0.276000	  0.381000	  0.165000	
  0.164000	  0.659000	  0.046000	  0.131000	
  0.146853	  0.153846	  0.568432	  0.130869	
  0.071000	  0.135000	  0.613000	  0.181000	
  0.321321	  0.160160	  0.359359	  0.159159	
  0.180000	  0.222000	  0.148000	  0.450000	
  0.155000	  0.233000	  0.276000	  0.336000	
  0.111000	  0.185000	  0.298000	  0.406000	
  0.188000	  0.213000	  0.188000	  0.411000	
  0.160000	  0.200000	  0.265000	  0.375000	
  0.106106	  0.224224	  0.198198	  0.471471	
  0.092092	  0.144144	  0.496496	  0.267267	
  0.241241	  0.243243	  0.311311	  0.204204	
  0.370000	  0.184000	  0.291000	  0.155000	
  0.149000	  0.465000	  0.167000	  0.219000	
  0.242000	  0.208000	  0.300000	  0.250000	
  0.121000	  0.747000	  0.058000	  0.074000	
  0.089089	  0.726727	  0.076076	  0.108108	
  0.014000	  0.042000	  0.878000	  0.066000	
  0.205000	  0.242000	  0.098000	  0.455000	

URL http://cisbp.ccbr.utoronto.ca/TFreport.php?searchTF=T164843_1.02

MOTIF M4214_1.02 (2489_YCR018C)_(Saccharomyces_cerevisiae)_(DBD_0.94)

letter-probability matrix: alength= 4 w= 8 nsites= 1 E= 0
  0.660645	  0.085930	  0.193842	  0.059583	
  0.061909	  0.017162	  0.903905	  0.017024	
  0.974138	  0.000000	  0.000000	  0.025862	
  0.129310	  0.000000	  0.017241	  0.853449	
  0.002351	  0.993524	  0.001997	  0.002128	
  0.043880	  0.187352	  0.029952	  0.738816	
  0.463939	  0.295011	  0.127507	  0.113544	
  0.244492	  0.415463	  0.175430	  0.164615	

URL http://cisbp.ccbr.utoronto.ca/TFreport.php?searchTF=T086040_1.02

MOTIF M4216_1.02 (23812_YCR040W)_(Saccharomyces_cerevisiae)_(DBD_0.90)

letter-probability matrix: alength= 4 w= 22 nsites= 1 E= 0
  0.166667	  0.166667	  0.166667	  0.500000	
  0.000000	  0.000000	  0.000000	  1.000000	
  0.000000	  0.000000	  0.000000	  1.000000	
  0.000000	  1.000000	  0.000000	  0.000000	
  0.166667	  0.500000	  0.166667	  0.166667	
  0.000000	  0.000000	  0.000000	  1.000000	
  0.500000	  0.166667	  0.166667	  0.166667	
  1.000000	  0.000000	  0.000000	  0.000000	
  0.000000	  0.000000	  0.000000	  1.000000	
  0.000000	  0.000000	  0.000000	  1.000000	
  0.500000	  0.166667	  0.166667	  0.166667	
  0.000000	  0.000000	  1.000000	  0.000000	
  0.166667	  0.166667	  0.166667	  0.500000	
  0.250000	  0.250000	  0.250000	  0.250000	
  0.166667	  0.500000	  0.166667	  0.166667	
  0.500000	  0.166667	  0.166667	  0.166667	
  0.166667	  0.166667	  0.166667	  0.500000	
  0.000000	  1.000000	  0.000000	  0.000000	
  1.000000	  0.000000	  0.000000	  0.000000	
  1.000000	  0.000000	  0.000000	  0.000000	
  0.000000	  0.000000	  0.000000	  1.000000	
  0.166667	  0.166667	  0.500000	  0.166667	

URL http://cisbp.ccbr.utoronto.ca/TFreport.php?searchTF=T113327_1.02

MOTIF M4217_1.02 (2649_YCR065W)_(Saccharomyces_cerevisiae)_(DBD_0.99)

letter-probability matrix: alength= 4 w= 8 nsites= 1 E= 0
  0.513075	  0.160895	  0.248858	  0.077172	
  0.272549	  0.076780	  0.041351	  0.609320	
  0.670106	  0.315845	  0.006581	  0.007468	
  0.946809	  0.053191	  0.000000	  0.000000	
  1.000000	  0.000000	  0.000000	  0.000000	
  0.007021	  0.855953	  0.004388	  0.132638	
  0.950104	  0.017114	  0.015356	  0.017426	
  0.580308	  0.170674	  0.108697	  0.140321	

URL http://cisbp.ccbr.utoronto.ca/TFreport.php?searchTF=T083400_1.02

MOTIF M4218_1.02 (2197_Multiple)_(Saccharomyces_cerevisiae)_(DBD_1.00)

letter-probability matrix: alength= 4 w= 8 nsites= 1 E= 0
  0.062500	  0.669643	  0.062500	  0.205357	
  0.535714	  0.000000	  0.464286	  0.000000	
  0.035714	  0.000000	  0.000000	  0.964286	
  0.000000	  0.000000	  1.000000	  0.000000	
  0.000000	  0.000000	  0.000000	  1.000000	
  0.928571	  0.000000	  0.000000	  0.071429	
  0.875000	  0.017857	  0.017857	  0.089286	
  0.401786	  0.080357	  0.080357	  0.437500	

URL http://cisbp.ccbr.utoronto.ca/TFreport.php?searchTF=T102753_1.02

MOTIF M4219_1.02 (761_YCR106W)_(Saccharomyces_cerevisiae)_(DBD_0.90)

letter-probability matrix: alength= 4 w= 7 nsites= 1 E= 0
  0.013158	  0.907895	  0.013158	  0.065789	
  0.000000	  0.105263	  0.894737	  0.000000	
  0.000000	  0.000000	  1.000000	  0.000000	
  0.000000	  0.842105	  0.157895	  0.000000	
  0.000000	  0.947368	  0.052632	  0.000000	
  0.000000	  0.105263	  0.894737	  0.000000	
  0.315789	  0.315789	  0.315789	  0.052632	

URL http://cisbp.ccbr.utoronto.ca/TFreport.php?searchTF=T164916_1.02

MOTIF M4220_1.02 (3735_YDL002C)_(Saccharomyces_cerevisiae)_(DBD_1.00)

letter-probability matrix: alength= 4 w= 8 nsites= 1 E= 0
  0.075000	  0.175000	  0.075000	  0.675000	
  0.000000	  1.000000	  0.000000	  0.000000	
  0.000000	  1.000000	  0.000000	  0.000000	
  0.000000	  1.000000	  0.000000	  0.000000	
  0.000000	  1.000000	  0.000000	  0.000000	
  0.000000	  0.000000	  1.000000	  0.000000	
  0.075000	  0.075000	  0.775000	  0.075000	
  0.100000	  0.600000	  0.100000	  0.200000	

URL http://cisbp.ccbr.utoronto.ca/TFreport.php?searchTF=T147569_1.02

MOTIF M4221_1.02 (3679_YDL020C)_(Saccharomyces_cerevisiae)_(DBD_1.00)

letter-probability matrix: alength= 4 w= 12 nsites= 1 E= 0
  0.169865	  0.287326	  0.266798	  0.276011	
  0.272993	  0.270890	  0.251143	  0.204974	
  0.206112	  0.315978	  0.275699	  0.202211	
  0.253691	  0.000659	  0.654353	  0.091297	
  0.000966	  0.000965	  0.965054	  0.033015	
  0.057495	  0.000905	  0.036680	  0.904920	
  0.000954	  0.033970	  0.953655	  0.011421	
  0.000995	  0.000996	  0.995144	  0.002865	
  0.014215	  0.983817	  0.000984	  0.000984	
  0.591337	  0.000597	  0.406590	  0.001477	
  0.916221	  0.000916	  0.001313	  0.081550	
  0.586225	  0.204251	  0.070524	  0.139000	

URL http://cisbp.ccbr.utoronto.ca/TFreport.php?searchTF=T067279_1.02

MOTIF M4223_1.02 (3547_YDL056W)_(Saccharomyces_cerevisiae)_(DBD_1.00)

letter-probability matrix: alength= 4 w= 7 nsites= 1 E= 0
  0.548894	  0.095864	  0.182402	  0.172840	
  0.001401	  0.995872	  0.001506	  0.001221	
  0.148289	  0.000000	  0.851711	  0.000000	
  0.000000	  0.878327	  0.000000	  0.121673	
  0.002335	  0.017835	  0.977794	  0.002036	
  0.349175	  0.172992	  0.091376	  0.386457	
  0.329496	  0.304358	  0.184759	  0.181387	

URL http://cisbp.ccbr.utoronto.ca/TFreport.php?searchTF=T006877_1.02

MOTIF M4224_1.02 (3376_YDL106C)_(Saccharomyces_cerevisiae)_(DBD_1.00)

letter-probability matrix: alength= 4 w= 6 nsites= 1 E= 0
  0.369531	  0.000781	  0.000781	  0.628906	
  0.769531	  0.000781	  0.000781	  0.228906	
  0.435156	  0.000781	  0.000781	  0.563281	
  0.000781	  0.000781	  0.000781	  0.997656	
  0.882031	  0.000781	  0.000781	  0.116406	
  0.407031	  0.075781	  0.000781	  0.516406	

URL http://cisbp.ccbr.utoronto.ca/TFreport.php?searchTF=T102766_1.02

MOTIF M4225_1.02 (3145_YDL170W)_(Saccharomyces_cerevisiae)_(DBD_1.00)

letter-probability matrix: alength= 4 w= 8 nsites= 1 E= 0
  0.104167	  0.020833	  0.020833	  0.854167	
  0.020833	  0.687500	  0.270833	  0.020833	
  0.000000	  1.000000	  0.000000	  0.000000	
  0.000000	  1.000000	  0.000000	  0.000000	
  0.000000	  0.000000	  1.000000	  0.000000	
  0.000000	  1.000000	  0.000000	  0.000000	
  0.041667	  0.625000	  0.291667	  0.041667	
  0.187500	  0.270833	  0.437500	  0.104167	

URL http://cisbp.ccbr.utoronto.ca/TFreport.php?searchTF=T164883_1.02

MOTIF M4228_1.02 (3859_YDR034C)_(Saccharomyces_cerevisiae)_(DBD_1.00)

letter-probability matrix: alength= 4 w= 15 nsites= 1 E= 0
  0.600000	  0.000000	  0.000000	  0.400000	
  0.600000	  0.000000	  0.000000	  0.400000	
  0.000000	  0.000000	  0.000000	  1.000000	
  0.100000	  0.000000	  0.100000	  0.800000	
  0.000000	  1.000000	  0.000000	  0.000000	
  0.000000	  1.000000	  0.000000	  0.000000	
  0.400000	  0.100000	  0.500000	  0.000000	
  0.200000	  0.300000	  0.400000	  0.100000	
  0.100000	  0.600000	  0.000000	  0.300000	
  0.000000	  0.000000	  1.000000	  0.000000	
  0.000000	  0.000000	  1.000000	  0.000000	
  0.600000	  0.100000	  0.200000	  0.100000	
  0.900000	  0.000000	  0.000000	  0.100000	
  0.300000	  0.000000	  0.100000	  0.600000	
  0.200000	  0.200000	  0.000000	  0.600000	

URL http://cisbp.ccbr.utoronto.ca/TFreport.php?searchTF=T164886_1.02

MOTIF M4230_1.02 (3902_YDR043C)_(Saccharomyces_cerevisiae)_(DBD_1.00)

letter-probability matrix: alength= 4 w= 7 nsites= 1 E= 0
  0.732659	  0.061211	  0.139365	  0.066764	
  0.008657	  0.003863	  0.980637	  0.006844	
  0.025744	  0.009533	  0.960008	  0.004715	
  0.028381	  0.009908	  0.935487	  0.026224	
  0.105717	  0.019929	  0.004239	  0.870115	
  0.059933	  0.803422	  0.034584	  0.102061	
  0.018447	  0.683620	  0.041876	  0.256057	

URL http://cisbp.ccbr.utoronto.ca/TFreport.php?searchTF=T067303_1.02

MOTIF M4233_1.02 (4088_Multiple)_(Saccharomyces_cerevisiae)_(DBD_1.00)

letter-probability matrix: alength= 4 w= 9 nsites= 1 E= 0
  0.300733	  0.183374	  0.193154	  0.322738	
  0.273839	  0.156479	  0.110024	  0.459658	
  0.317848	  0.151589	  0.044010	  0.486553	
  1.000000	  0.000000	  0.000000	  0.000000	
  0.127139	  0.000000	  0.872861	  0.000000	
  0.000000	  0.000000	  1.000000	  0.000000	
  0.000000	  0.000000	  1.000000	  0.000000	
  0.029340	  0.000000	  0.970660	  0.000000	
  0.251834	  0.124694	  0.215159	  0.408313	

URL http://cisbp.ccbr.utoronto.ca/TFreport.php?searchTF=T067305_1.02

MOTIF M4234_1.02 (4185_YDR123C)_(Saccharomyces_cerevisiae)_(DBD_0.98)

letter-probability matrix: alength= 4 w= 9 nsites= 1 E= 0
  0.157933	  0.028878	  0.020195	  0.792995	
  0.000253	  0.092962	  0.071090	  0.835696	
  0.000169	  0.867217	  0.132445	  0.000169	
  0.871544	  0.051061	  0.010099	  0.067295	
  0.010202	  0.928348	  0.000108	  0.061341	
  0.889674	  0.010090	  0.100070	  0.000166	
  0.043014	  0.000139	  0.039246	  0.917602	
  0.011322	  0.000129	  0.988314	  0.000234	
  0.046490	  0.712417	  0.115566	  0.125526	

URL http://cisbp.ccbr.utoronto.ca/TFreport.php?searchTF=T020795_1.02

MOTIF M4235_1.02 (4284_YDR146C)_(Saccharomyces_cerevisiae)_(DBD_0.97)

letter-probability matrix: alength= 4 w= 8 nsites= 1 E= 0
  0.076923	  0.076923	  0.230769	  0.615385	
  0.000000	  0.000000	  1.000000	  0.000000	
  0.000000	  1.000000	  0.000000	  0.000000	
  0.000000	  0.000000	  0.000000	  1.000000	
  0.000000	  0.000000	  1.000000	  0.000000	
  0.000000	  0.000000	  1.000000	  0.000000	
  0.038462	  0.038462	  0.269231	  0.653846	
  0.250000	  0.250000	  0.096154	  0.403846	

URL http://cisbp.ccbr.utoronto.ca/TFreport.php?searchTF=T067308_1.02

MOTIF M4237_1.02 (4509_YDR207C)_(Saccharomyces_cerevisiae)_(DBD_1.00)

letter-probability matrix: alength= 4 w= 9 nsites= 1 E= 0
  0.125000	  0.187500	  0.125000	  0.562500	
  0.421875	  0.046875	  0.109375	  0.421875	
  0.390625	  0.078125	  0.515625	  0.015625	
  0.000000	  0.812500	  0.187500	  0.000000	
  0.000000	  1.000000	  0.000000	  0.000000	
  0.000000	  0.000000	  1.000000	  0.000000	
  0.000000	  1.000000	  0.000000	  0.000000	
  0.031250	  0.218750	  0.656250	  0.093750	
  0.187500	  0.187500	  0.437500	  0.187500	

URL http://cisbp.ccbr.utoronto.ca/TFreport.php?searchTF=T164891_1.02

MOTIF M4238_1.02 (4533_YDR213W)_(Saccharomyces_cerevisiae)_(DBD_0.97)

letter-probability matrix: alength= 4 w= 7 nsites= 1 E= 0
  0.156931	  0.252915	  0.194150	  0.396005	
  0.593216	  0.027584	  0.289317	  0.089883	
  0.378413	  0.003065	  0.002980	  0.615542	
  1.000000	  0.000000	  0.000000	  0.000000	
  0.000000	  1.000000	  0.000000	  0.000000	
  0.005119	  0.004597	  0.985720	  0.004564	
  0.828454	  0.049279	  0.085756	  0.036511	

URL http://cisbp.ccbr.utoronto.ca/TFreport.php?searchTF=T164893_1.02

MOTIF M4239_1.02 (4550_YDR216W)_(Saccharomyces_cerevisiae)_(DBD_1.00)

letter-probability matrix: alength= 4 w= 7 nsites= 1 E= 0
  0.093123	  0.059999	  0.505577	  0.341301	
  0.095242	  0.202811	  0.059809	  0.642138	
  0.000000	  0.000000	  1.000000	  0.000000	
  0.000000	  0.000000	  1.000000	  0.000000	
  0.146597	  0.000000	  0.853403	  0.000000	
  0.001114	  0.001304	  0.996309	  0.001273	
  0.221005	  0.130670	  0.241650	  0.406675	

URL http://cisbp.ccbr.utoronto.ca/TFreport.php?searchTF=T067311_1.02

MOTIF M4240_1.02 (4678_YDR253C)_(Saccharomyces_cerevisiae)_(DBD_0.98)

letter-probability matrix: alength= 4 w= 8 nsites= 1 E= 0
  0.149579	  0.113163	  0.070576	  0.666681	
  0.084934	  0.000888	  0.887596	  0.026582	
  0.045697	  0.041194	  0.013738	  0.899371	
  0.000997	  0.000997	  0.997009	  0.000997	
  0.000793	  0.101753	  0.792847	  0.104608	
  0.187352	  0.603413	  0.093865	  0.115371	
  0.440019	  0.021210	  0.348251	  0.190519	
  0.080985	  0.408432	  0.236464	  0.274119	

URL http://cisbp.ccbr.utoronto.ca/TFreport.php?searchTF=T067312_1.02

MOTIF M4243_1.02 (4855_Multiple)_(Saccharomyces_cerevisiae)_(DBD_1.00)

letter-probability matrix: alength= 4 w= 7 nsites= 1 E= 0
  0.176573	  0.337413	  0.260490	  0.225524	
  0.141608	  0.365385	  0.302448	  0.190559	
  0.204545	  0.183566	  0.547203	  0.064685	
  0.001748	  0.994755	  0.001748	  0.001748	
  0.001748	  0.001748	  0.994755	  0.001748	
  0.001748	  0.994755	  0.001748	  0.001748	
  0.036713	  0.050699	  0.910839	  0.001748	

URL http://cisbp.ccbr.utoronto.ca/TFreport.php?searchTF=T164896_1.02

MOTIF M4246_1.02 (5688_YDR421W)_(Saccharomyces_cerevisiae)_(DBD_0.87)

letter-probability matrix: alength= 4 w= 13 nsites= 1 E= 0
  0.024000	  0.834000	  0.066000	  0.076000	
  0.075075	  0.747748	  0.151151	  0.026026	
  0.035964	  0.034965	  0.876124	  0.052947	
  0.552000	  0.208000	  0.028000	  0.212000	
  0.243756	  0.246753	  0.233766	  0.275724	
  0.388388	  0.187187	  0.339339	  0.085085	
  0.468000	  0.188000	  0.146000	  0.198000	
  0.124000	  0.170000	  0.137000	  0.569000	
  0.372000	  0.075000	  0.180000	  0.373000	
  0.434000	  0.100000	  0.223000	  0.243000	
  0.122877	  0.797203	  0.061938	  0.017982	
  0.032000	  0.833000	  0.044000	  0.091000	
  0.063000	  0.058000	  0.827000	  0.052000	

URL http://cisbp.ccbr.utoronto.ca/TFreport.php?searchTF=T164903_1.02

MOTIF M4249_1.02 (5680_YDR423C)_(Saccharomyces_cerevisiae)_(DBD_0.84)

letter-probability matrix: alength= 4 w= 8 nsites= 1 E= 0
  0.000987	  0.000987	  0.011505	  0.986522	
  0.000808	  0.095272	  0.095900	  0.808020	
  0.940510	  0.057609	  0.000941	  0.000941	
  0.000875	  0.874826	  0.000875	  0.123425	
  0.274485	  0.237605	  0.467047	  0.020863	
  0.000997	  0.000997	  0.000997	  0.997009	
  0.990374	  0.007645	  0.000990	  0.000990	
  0.879757	  0.000880	  0.100842	  0.018521	

URL http://cisbp.ccbr.utoronto.ca/TFreport.php?searchTF=T030404_1.02

MOTIF M4251_1.02 (5594_YDR451C)_(Saccharomyces_cerevisiae)_(DBD_0.98)

letter-probability matrix: alength= 4 w= 8 nsites= 1 E= 0
  0.428571	  0.142857	  0.000000	  0.428571	
  0.142857	  0.178571	  0.392857	  0.285714	
  0.178571	  0.035714	  0.107143	  0.678571	
  0.857143	  0.000000	  0.035714	  0.107143	
  0.857143	  0.000000	  0.107143	  0.035714	
  0.000000	  0.000000	  0.035714	  0.964286	
  0.071429	  0.000000	  0.142857	  0.785714	
  0.535714	  0.071429	  0.392857	  0.000000	

URL http://cisbp.ccbr.utoronto.ca/TFreport.php?searchTF=T102771_1.02

MOTIF M4252_1.02 (5542_YDR463W)_(Saccharomyces_cerevisiae)_(DBD_1.00)

letter-probability matrix: alength= 4 w= 8 nsites= 1 E= 0
  0.043475	  0.304405	  0.130404	  0.521715	
  0.304335	  0.000000	  0.695665	  0.000000	
  0.000000	  1.000000	  0.000000	  0.000000	
  0.000000	  0.000000	  0.956530	  0.043470	
  0.086934	  0.000000	  0.913066	  0.000000	
  0.000000	  1.000000	  0.000000	  0.000000	
  0.043480	  0.000000	  0.434743	  0.521777	
  0.043483	  0.347798	  0.260856	  0.347863	

URL http://cisbp.ccbr.utoronto.ca/TFreport.php?searchTF=T067316_1.02

MOTIF M4254_1.02 (5357_YDR520C)_(Saccharomyces_cerevisiae)_(DBD_0.95)

letter-probability matrix: alength= 4 w= 10 nsites= 1 E= 0
  0.319853	  0.148284	  0.167892	  0.363971	
  0.001225	  0.001225	  0.060049	  0.937500	
  0.854167	  0.001225	  0.001225	  0.143382	
  0.432598	  0.001225	  0.001225	  0.564951	
  0.138480	  0.462010	  0.172794	  0.226716	
  0.001225	  0.167892	  0.094363	  0.736520	
  0.001225	  0.996324	  0.001225	  0.001225	
  0.001225	  0.996324	  0.001225	  0.001225	
  0.001225	  0.001225	  0.996324	  0.001225	
  0.265931	  0.109069	  0.378676	  0.246324	

URL http://cisbp.ccbr.utoronto.ca/TFreport.php?searchTF=T164900_1.02

MOTIF M4255_1.02 (23858_YEL009C)_(Saccharomyces_cerevisiae)_(DBD_0.98)

letter-probability matrix: alength= 4 w= 8 nsites= 1 E= 0
  0.538827	  0.103527	  0.357108	  0.000539	
  0.000997	  0.000997	  0.000997	  0.997009	
  0.000972	  0.000972	  0.972361	  0.025695	
  0.997009	  0.000997	  0.000997	  0.000997	
  0.000719	  0.719011	  0.275700	  0.004570	
  0.091972	  0.022445	  0.000885	  0.884699	
  0.105908	  0.888764	  0.000889	  0.004440	
  0.810068	  0.023153	  0.106526	  0.060253	

URL http://cisbp.ccbr.utoronto.ca/TFreport.php?searchTF=T030380_1.02

MOTIF M4257_1.02 (6181_YER040W)_(Saccharomyces_cerevisiae)_(DBD_1.00)

letter-probability matrix: alength= 4 w= 5 nsites= 1 E= 0
  0.000454	  0.000454	  0.998639	  0.000454	
  0.998639	  0.000454	  0.000454	  0.000454	
  0.000454	  0.000454	  0.000454	  0.998639	
  0.742740	  0.000454	  0.000454	  0.256352	
  0.613884	  0.000454	  0.269056	  0.116606	

URL http://cisbp.ccbr.utoronto.ca/TFreport.php?searchTF=T086045_1.02

MOTIF M4258_1.02 (6202_YER045C)_(Saccharomyces_cerevisiae)_(DBD_0.98)

letter-probability matrix: alength= 4 w= 8 nsites= 1 E= 0
  0.000000	  0.000000	  0.000000	  1.000000	
  0.000000	  0.000000	  0.666667	  0.333333	
  1.000000	  0.000000	  0.000000	  0.000000	
  0.000000	  1.000000	  0.000000	  0.000000	
  0.000000	  0.000000	  1.000000	  0.000000	
  0.000000	  0.000000	  0.000000	  1.000000	
  0.666667	  0.333333	  0.000000	  0.000000	
  1.000000	  0.000000	  0.000000	  0.000000	

URL http://cisbp.ccbr.utoronto.ca/TFreport.php?searchTF=T030407_1.02

MOTIF M4262_1.02 (6675_YER088C)_(Saccharomyces_cerevisiae)_(DBD_0.98)

letter-probability matrix: alength= 4 w= 21 nsites= 1 E= 0
  0.462263	  0.202929	  0.149311	  0.185498	
  0.290928	  0.183845	  0.371599	  0.153628	
  0.192039	  0.208726	  0.435699	  0.163536	
  0.441559	  0.072002	  0.298287	  0.188153	
  0.202524	  0.252107	  0.265192	  0.280176	
  0.022830	  0.177568	  0.575758	  0.223844	
  0.078296	  0.876172	  0.009336	  0.036196	
  0.028924	  0.001330	  0.968835	  0.000910	
  0.969672	  0.027763	  0.000889	  0.001676	
  0.025509	  0.001352	  0.000614	  0.972526	
  0.002967	  0.004978	  0.990720	  0.001336	
  0.858305	  0.083356	  0.052292	  0.006046	
  0.003229	  0.197676	  0.770071	  0.029024	
  0.107392	  0.392358	  0.420594	  0.079656	
  0.285422	  0.138431	  0.059725	  0.516422	
  0.232053	  0.145553	  0.480552	  0.141841	
  0.273927	  0.400493	  0.085783	  0.239797	
  0.351407	  0.268092	  0.249399	  0.131102	
  0.287739	  0.223748	  0.332067	  0.156446	
  0.289536	  0.266069	  0.250238	  0.194157	
  0.354280	  0.231491	  0.135779	  0.278449	

URL http://cisbp.ccbr.utoronto.ca/TFreport.php?searchTF=T125654_1.02

MOTIF M4264_1.02 (6569_YER111C)_(Saccharomyces_cerevisiae)_(DBD_1.00)

letter-probability matrix: alength= 4 w= 8 nsites= 1 E= 0
  0.615385	  0.076923	  0.153846	  0.153846	
  0.000000	  1.000000	  0.000000	  0.000000	
  0.153846	  0.000000	  0.846154	  0.000000	
  0.000000	  1.000000	  0.000000	  0.000000	
  0.000000	  0.000000	  1.000000	  0.000000	
  1.000000	  0.000000	  0.000000	  0.000000	
  0.942308	  0.019231	  0.019231	  0.019231	
  0.615385	  0.076923	  0.076923	  0.230769	

URL http://cisbp.ccbr.utoronto.ca/TFreport.php?searchTF=T006880_1.02

MOTIF M4265_1.02 (6484_YER130C)_(Saccharomyces_cerevisiae)_(DBD_1.00)

letter-probability matrix: alength= 4 w= 9 nsites= 1 E= 0
  0.336788	  0.051813	  0.290155	  0.321244	
  0.751296	  0.036269	  0.000000	  0.212435	
  0.316062	  0.082902	  0.000000	  0.601036	
  1.000000	  0.000000	  0.000000	  0.000000	
  0.000000	  0.000000	  1.000000	  0.000000	
  0.000000	  0.000000	  1.000000	  0.000000	
  0.088083	  0.000000	  0.911917	  0.000000	
  0.020725	  0.005181	  0.974094	  0.000000	
  0.129534	  0.233161	  0.290155	  0.347150	

URL http://cisbp.ccbr.utoronto.ca/TFreport.php?searchTF=T067323_1.02

MOTIF M4266_1.02 (6417_YER148W)_(Saccharomyces_cerevisiae)_(DBD_1.00)

letter-probability matrix: alength= 4 w= 21 nsites= 1 E= 0
  0.277896	  0.250994	  0.386874	  0.084236	
  0.337701	  0.191203	  0.147499	  0.323596	
  0.253161	  0.345476	  0.088062	  0.313301	
  0.160289	  0.200315	  0.154575	  0.484821	
  0.545495	  0.139664	  0.154641	  0.160199	
  0.115326	  0.098646	  0.701617	  0.084410	
  0.287085	  0.198825	  0.266325	  0.247765	
  0.332186	  0.110816	  0.027332	  0.529666	
  0.907072	  0.007916	  0.025927	  0.059085	
  0.012689	  0.007855	  0.023849	  0.955608	
  0.981186	  0.002417	  0.004390	  0.012006	
  0.038291	  0.001865	  0.005177	  0.954667	
  0.970929	  0.002253	  0.006019	  0.020798	
  0.044741	  0.004462	  0.003313	  0.947483	
  0.883835	  0.010075	  0.024913	  0.081177	
  0.186324	  0.062165	  0.094376	  0.657135	
  0.264806	  0.122748	  0.129197	  0.483248	
  0.137280	  0.380802	  0.369687	  0.112231	
  0.266096	  0.228247	  0.383999	  0.121658	
  0.350006	  0.176397	  0.172576	  0.301021	
  0.248908	  0.193837	  0.270884	  0.286371	

URL http://cisbp.ccbr.utoronto.ca/TFreport.php?searchTF=T150920_1.02

MOTIF M4268_1.02 (6757_YER169W)_(Saccharomyces_cerevisiae)_(DBD_1.00)

letter-probability matrix: alength= 4 w= 8 nsites= 1 E= 0
  0.125000	  0.069444	  0.069444	  0.736111	
  0.291667	  0.069444	  0.013889	  0.625000	
  1.000000	  0.000000	  0.000000	  0.000000	
  0.000000	  0.000000	  1.000000	  0.000000	
  0.000000	  0.000000	  1.000000	  0.000000	
  0.000000	  0.000000	  1.000000	  0.000000	
  0.000000	  0.000000	  1.000000	  0.000000	
  0.194444	  0.138889	  0.138889	  0.527778	

URL http://cisbp.ccbr.utoronto.ca/TFreport.php?searchTF=T067325_1.02

MOTIF M4269_1.02 (6824_YER184C)_(Saccharomyces_cerevisiae)_(DBD_0.82)

letter-probability matrix: alength= 4 w= 8 nsites= 1 E= 0
  0.153846	  0.230769	  0.153846	  0.461538	
  0.000000	  0.000000	  0.307692	  0.692308	
  0.000000	  1.000000	  0.000000	  0.000000	
  0.000000	  1.000000	  0.000000	  0.000000	
  0.000000	  0.000000	  1.000000	  0.000000	
  0.076923	  0.153846	  0.769231	  0.000000	
  0.711538	  0.096154	  0.173077	  0.019231	
  0.288462	  0.057692	  0.365385	  0.288462	

URL http://cisbp.ccbr.utoronto.ca/TFreport.php?searchTF=T164911_1.02

MOTIF M4270_1.02 (6983_YFL021W)_(Saccharomyces_cerevisiae)_(DBD_1.00)

letter-probability matrix: alength= 4 w= 8 nsites= 1 E= 0
  0.319149	  0.085106	  0.063830	  0.531915	
  0.085106	  0.085106	  0.170213	  0.659574	
  0.106383	  0.000000	  0.000000	  0.893617	
  0.021277	  0.000000	  0.957447	  0.021277	
  1.000000	  0.000000	  0.000000	  0.000000	
  0.021277	  0.000000	  0.000000	  0.978723	
  0.553191	  0.021277	  0.000000	  0.425532	
  0.744681	  0.000000	  0.000000	  0.255319	

URL http://cisbp.ccbr.utoronto.ca/TFreport.php?searchTF=T086047_1.02

MOTIF M4271_1.02 (7030_Multiple)_(Saccharomyces_cerevisiae)_(DBD_0.93)

letter-probability matrix: alength= 4 w= 12 nsites= 1 E= 0
  0.515737	  0.048552	  0.135243	  0.300467	
  0.202883	  0.055139	  0.546926	  0.195052	
  0.100050	  0.000885	  0.884810	  0.014255	
  0.739152	  0.243117	  0.000741	  0.016990	
  0.028217	  0.918421	  0.000919	  0.052443	
  0.979716	  0.000980	  0.000980	  0.018325	
  0.000972	  0.970252	  0.007485	  0.021291	
  0.067383	  0.062527	  0.869221	  0.000869	
  0.085060	  0.087673	  0.101073	  0.726194	
  0.563717	  0.120622	  0.254631	  0.061029	
  0.087230	  0.278291	  0.061829	  0.572651	
  0.199688	  0.313834	  0.377010	  0.109468	

URL http://cisbp.ccbr.utoronto.ca/TFreport.php?searchTF=T030410_1.02

MOTIF M4274_1.02 (7312_YFR034C)_(Saccharomyces_cerevisiae)_(DBD_0.98)

letter-probability matrix: alength= 4 w= 8 nsites= 1 E= 0
  0.228126	  0.350295	  0.421228	  0.000350	
  0.127079	  0.871179	  0.000871	  0.000871	
  0.924038	  0.017662	  0.011170	  0.047130	
  0.000957	  0.957454	  0.002075	  0.039513	
  0.065712	  0.003547	  0.929810	  0.000930	
  0.050428	  0.063525	  0.016160	  0.869887	
  0.008929	  0.022217	  0.785624	  0.183230	
  0.093794	  0.291660	  0.154159	  0.460386	

URL http://cisbp.ccbr.utoronto.ca/TFreport.php?searchTF=T020797_1.02

MOTIF M4275_1.02 (8420_Multiple)_(Saccharomyces_cerevisiae)_(DBD_0.95)

letter-probability matrix: alength= 4 w= 8 nsites= 1 E= 0
  0.083333	  0.216667	  0.083333	  0.616667	
  0.033333	  0.833333	  0.033333	  0.100000	
  0.016667	  0.883333	  0.016667	  0.083333	
  0.016667	  0.083333	  0.883333	  0.016667	
  0.000000	  0.866667	  0.000000	  0.133333	
  0.000000	  0.000000	  1.000000	  0.000000	
  0.000000	  0.000000	  1.000000	  0.000000	
  0.483333	  0.150000	  0.283333	  0.083333	

URL http://cisbp.ccbr.utoronto.ca/TFreport.php?searchTF=T164922_1.02

MOTIF M4276_1.02 (8496_YGL035C)_(Saccharomyces_cerevisiae)_(DBD_1.00)

letter-probability matrix: alength= 4 w= 7 nsites= 1 E= 0
  0.071259	  0.298663	  0.583022	  0.047056	
  0.007434	  0.498571	  0.033741	  0.460255	
  0.000000	  0.000000	  1.000000	  0.000000	
  0.000000	  0.000000	  1.000000	  0.000000	
  0.000000	  0.000000	  1.000000	  0.000000	
  0.008921	  0.011618	  0.969378	  0.010083	
  0.179476	  0.146057	  0.353710	  0.320756	

URL http://cisbp.ccbr.utoronto.ca/TFreport.php?searchTF=T067336_1.02

MOTIF M4278_1.02 (8601_YGL071W)_(Saccharomyces_cerevisiae)_(DBD_0.88)

letter-probability matrix: alength= 4 w= 7 nsites= 1 E= 0
  0.077300	  0.137389	  0.120687	  0.664624	
  0.197858	  0.034825	  0.751202	  0.016115	
  0.026197	  0.918437	  0.005971	  0.049395	
  0.885349	  0.012569	  0.089130	  0.012952	
  0.048914	  0.897584	  0.044753	  0.008749	
  0.008068	  0.943577	  0.008067	  0.040288	
  0.041325	  0.535848	  0.042011	  0.380816	

URL http://cisbp.ccbr.utoronto.ca/TFreport.php?searchTF=T000450_1.02

MOTIF M4279_1.02 (8607_YGL073W)_(Saccharomyces_cerevisiae)_(DBD_1.00)

letter-probability matrix: alength= 4 w= 8 nsites= 1 E= 0
  0.040000	  0.103000	  0.047000	  0.810000	
  0.010000	  0.021000	  0.025000	  0.944000	
  0.036000	  0.939000	  0.021000	  0.004000	
  0.001998	  0.001998	  0.002997	  0.993007	
  0.740000	  0.059000	  0.178000	  0.023000	
  0.029029	  0.033033	  0.733734	  0.204204	
  0.979000	  0.013000	  0.006000	  0.002000	
  0.844000	  0.057000	  0.045000	  0.054000	

URL http://cisbp.ccbr.utoronto.ca/TFreport.php?searchTF=T107013_1.02

MOTIF M4283_1.02 (8695_YGL096W)_(Saccharomyces_cerevisiae)_(DBD_1.00)

letter-probability matrix: alength= 4 w= 8 nsites= 1 E= 0
  0.278846	  0.471154	  0.201923	  0.048077	
  0.009615	  0.163462	  0.009615	  0.817308	
  0.000000	  0.000000	  1.000000	  0.000000	
  0.000000	  0.000000	  0.000000	  1.000000	
  0.000000	  1.000000	  0.000000	  0.000000	
  1.000000	  0.000000	  0.000000	  0.000000	
  0.644231	  0.067308	  0.067308	  0.221154	
  0.500000	  0.153846	  0.153846	  0.192308	

URL http://cisbp.ccbr.utoronto.ca/TFreport.php?searchTF=T102774_1.02

MOTIF M4285_1.02 (7806_YGL162W)_(Saccharomyces_cerevisiae)_(DBD_1.00)

letter-probability matrix: alength= 4 w= 7 nsites= 1 E= 0
  0.045101	  0.618147	  0.060456	  0.276297	
  0.011345	  0.550165	  0.134898	  0.303592	
  0.007853	  0.816265	  0.175569	  0.000314	
  0.028570	  0.678476	  0.228042	  0.064912	
  0.015266	  0.007626	  0.954066	  0.023042	
  0.000241	  0.670954	  0.030150	  0.298656	
  0.189945	  0.138829	  0.515978	  0.155248	

URL http://cisbp.ccbr.utoronto.ca/TFreport.php?searchTF=T164918_1.02

MOTIF M4291_1.02 (7577_YGL209W)_(Saccharomyces_cerevisiae)_(DBD_1.00)

letter-probability matrix: alength= 4 w= 7 nsites= 1 E= 0
  0.154035	  0.241668	  0.242841	  0.361456	
  0.058427	  0.130212	  0.765757	  0.045604	
  0.012397	  0.520648	  0.107529	  0.359426	
  0.000000	  0.000000	  1.000000	  0.000000	
  0.000000	  0.000000	  1.000000	  0.000000	
  0.000000	  0.000000	  1.000000	  0.000000	
  0.012397	  0.016223	  0.957087	  0.014293	

URL http://cisbp.ccbr.utoronto.ca/TFreport.php?searchTF=T067329_1.02

MOTIF M4292_1.02 (7733_YGL254W)_(Saccharomyces_cerevisiae)_(DBD_0.88)

letter-probability matrix: alength= 4 w= 23 nsites= 1 E= 0
  0.000000	  1.000000	  0.000000	  0.000000	
  0.000000	  0.000000	  1.000000	  0.000000	
  0.000000	  0.000000	  0.000000	  1.000000	
  1.000000	  0.000000	  0.000000	  0.000000	
  0.000000	  0.000000	  0.000000	  1.000000	
  0.000000	  1.000000	  0.000000	  0.000000	
  0.000000	  0.000000	  1.000000	  0.000000	
  0.000000	  0.000000	  0.000000	  1.000000	
  1.000000	  0.000000	  0.000000	  0.000000	
  0.000000	  0.000000	  0.000000	  1.000000	
  1.000000	  0.000000	  0.000000	  0.000000	
  1.000000	  0.000000	  0.000000	  0.000000	
  0.000000	  0.000000	  1.000000	  0.000000	
  0.000000	  0.000000	  1.000000	  0.000000	
  0.000000	  1.000000	  0.000000	  0.000000	
  1.000000	  0.000000	  0.000000	  0.000000	
  1.000000	  0.000000	  0.000000	  0.000000	
  0.000000	  1.000000	  0.000000	  0.000000	
  1.000000	  0.000000	  0.000000	  0.000000	
  1.000000	  0.000000	  0.000000	  0.000000	
  0.000000	  0.000000	  0.000000	  1.000000	
  1.000000	  0.000000	  0.000000	  0.000000	
  0.000000	  0.000000	  1.000000	  0.000000	

URL http://cisbp.ccbr.utoronto.ca/TFreport.php?searchTF=T067331_1.02

MOTIF M4294_1.02 (8169_YGR067C)_(Saccharomyces_cerevisiae)_(DBD_0.98)

letter-probability matrix: alength= 4 w= 14 nsites= 1 E= 0
  0.246377	  0.258799	  0.238095	  0.256729	
  0.262940	  0.256729	  0.260870	  0.219462	
  0.265010	  0.260870	  0.219462	  0.254658	
  0.256729	  0.252588	  0.238095	  0.252588	
  0.298137	  0.202899	  0.258799	  0.240166	
  0.310559	  0.202899	  0.256729	  0.229814	
  0.308489	  0.165631	  0.260870	  0.265010	
  0.010352	  0.008282	  0.981366	  0.000000	
  0.279503	  0.308489	  0.004141	  0.407867	
  0.000000	  0.000000	  0.993789	  0.006211	
  0.000000	  0.000000	  1.000000	  0.000000	
  0.012422	  0.000000	  0.987578	  0.000000	
  0.000000	  0.000000	  1.000000	  0.000000	
  0.136646	  0.269151	  0.236025	  0.358178	

URL http://cisbp.ccbr.utoronto.ca/TFreport.php?searchTF=T067333_1.02

MOTIF M4295_1.02 (9292_YGR249W)_(Saccharomyces_cerevisiae)_(DBD_0.98)

letter-probability matrix: alength= 4 w= 21 nsites= 1 E= 0
  0.144953	  0.216897	  0.295433	  0.342717	
  0.285698	  0.105266	  0.168379	  0.440656	
  0.257456	  0.229976	  0.070933	  0.441636	
  0.342346	  0.097554	  0.268295	  0.291805	
  0.260310	  0.084545	  0.353365	  0.301780	
  0.419419	  0.195813	  0.180833	  0.203935	
  0.355150	  0.070474	  0.505913	  0.068463	
  0.032911	  0.082740	  0.039866	  0.844483	
