MEME version 4

ALPHABET= ACGT

strands: + -

Background letter frequencies (from uniform background):
A 0.25000 C 0.25000 G 0.25000 T 0.25000 

MOTIF M0177_1.02 (Smp_176330)_(Mus_musculus)_(DBD_0.77)

letter-probability matrix: alength= 4 w= 10 nsites= 1 E= 0
  0.301828	  0.199871	  0.298430	  0.199871	
  0.282456	  0.579511	  0.069016	  0.069016	
  0.000139	  0.999582	  0.000139	  0.000139	
  0.999582	  0.000139	  0.000139	  0.000139	
  0.000139	  0.217001	  0.000139	  0.782721	
  0.789108	  0.000139	  0.210614	  0.000139	
  0.000139	  0.000139	  0.000139	  0.999582	
  0.000139	  0.000139	  0.999582	  0.000139	
  0.050268	  0.050268	  0.154736	  0.744728	
  0.181123	  0.181123	  0.272271	  0.365483	

URL http://cisbp.ccbr.utoronto.ca/TFreport.php?searchTF=T021704_1.02

MOTIF M0213_1.02 (Smp_067430)_(Mus_musculus)_(DBD_0.80)

letter-probability matrix: alength= 4 w= 11 nsites= 1 E= 0
  0.201784	  0.295980	  0.300452	  0.201784	
  0.274925	  0.079923	  0.079923	  0.565228	
  0.731885	  0.120705	  0.024371	  0.123039	
  0.189822	  0.517890	  0.000302	  0.291985	
  0.195173	  0.614669	  0.000302	  0.189856	
  0.809704	  0.000302	  0.000302	  0.189691	
  0.000302	  0.194479	  0.093488	  0.711731	
  0.905907	  0.000302	  0.000302	  0.093488	
  0.243671	  0.144721	  0.237061	  0.374546	
  0.170379	  0.170379	  0.392660	  0.266582	
  0.225931	  0.225931	  0.322206	  0.225931	

URL http://cisbp.ccbr.utoronto.ca/TFreport.php?searchTF=T021677_1.02

MOTIF M0214_1.02 (Smp_022610)_(Mus_musculus)_(DBD_0.77)

letter-probability matrix: alength= 4 w= 9 nsites= 1 E= 0
  0.745050	  0.002475	  0.250000	  0.002475	
  0.747512	  0.250000	  0.001244	  0.001244	
  0.001244	  0.996269	  0.001244	  0.001244	
  0.996269	  0.001244	  0.001244	  0.001244	
  0.001244	  0.001244	  0.374378	  0.623134	
  0.623134	  0.374378	  0.001244	  0.001244	
  0.001244	  0.001244	  0.001244	  0.996269	
  0.001244	  0.001244	  0.996269	  0.001244	
  0.002475	  0.002475	  0.497525	  0.497525	

URL http://cisbp.ccbr.utoronto.ca/TFreport.php?searchTF=T021674_1.02

MOTIF M0305_1.02 (Smp_151280)_(Mus_musculus)_(DBD_0.59)

letter-probability matrix: alength= 4 w= 9 nsites= 1 E= 0
  0.002475	  0.002475	  0.745050	  0.250000	
  0.250000	  0.623134	  0.001244	  0.125622	
  0.001244	  0.871891	  0.125622	  0.001244	
  0.996269	  0.001244	  0.001244	  0.001244	
  0.001244	  0.996269	  0.001244	  0.001244	
  0.001244	  0.001244	  0.996269	  0.001244	
  0.001244	  0.001244	  0.001244	  0.996269	
  0.001420	  0.143466	  0.853693	  0.001420	
  0.250000	  0.002475	  0.250000	  0.497525	

URL http://cisbp.ccbr.utoronto.ca/TFreport.php?searchTF=T031456_1.02

MOTIF M0384_1.02 (Smp_067180)_(Caenorhabditis_elegans)_(DBD_0.78)

letter-probability matrix: alength= 4 w= 9 nsites= 1 E= 0
  0.516980	  0.286131	  0.098444	  0.098444	
  0.000071	  0.999788	  0.000071	  0.000071	
  0.495526	  0.000071	  0.504333	  0.000071	
  0.000071	  0.000071	  0.999788	  0.000071	
  0.106383	  0.000071	  0.000071	  0.893475	
  0.999788	  0.000071	  0.000071	  0.000071	
  0.000071	  0.000071	  0.999788	  0.000071	
  0.000071	  0.999788	  0.000071	  0.000071	
  0.322842	  0.227729	  0.223668	  0.225760	

URL http://cisbp.ccbr.utoronto.ca/TFreport.php?searchTF=T069004_1.02

MOTIF M0718_1.02 (Smp_127090)_(Homo_sapiens)_(DBD_0.51)

letter-probability matrix: alength= 4 w= 10 nsites= 1 E= 0
  0.364427	  0.172143	  0.259388	  0.204042	
  0.192073	  0.241743	  0.201921	  0.364263	
  0.281319	  0.128958	  0.507496	  0.082227	
  0.241794	  0.114216	  0.116523	  0.527467	
  0.557937	  0.300139	  0.050615	  0.091309	
  0.662656	  0.166710	  0.045890	  0.124743	
  0.823562	  0.052649	  0.065604	  0.058186	
  0.058280	  0.682155	  0.018454	  0.241111	
  0.764554	  0.054017	  0.078988	  0.102442	
  0.403726	  0.208666	  0.159291	  0.228317	

URL http://cisbp.ccbr.utoronto.ca/TFreport.php?searchTF=T083538_1.02

MOTIF M0719_1.02 (Smp_150430)_(Homo_sapiens)_(DBD_0.81)

letter-probability matrix: alength= 4 w= 8 nsites= 1 E= 0
  0.374378	  0.001244	  0.623134	  0.001244	
  0.001106	  0.001106	  0.001106	  0.996681	
  0.996681	  0.001106	  0.001106	  0.001106	
  0.996681	  0.001106	  0.001106	  0.001106	
  0.996681	  0.001106	  0.001106	  0.001106	
  0.001106	  0.996681	  0.001106	  0.001106	
  0.996681	  0.001106	  0.001106	  0.001106	
  0.498344	  0.167219	  0.001656	  0.332781	

URL http://cisbp.ccbr.utoronto.ca/TFreport.php?searchTF=T083545_1.02

MOTIF M0722_1.02 (Smp_086270)_(Mus_musculus)_(DBD_0.42)

letter-probability matrix: alength= 4 w= 8 nsites= 1 E= 0
  0.461214	  0.000384	  0.538018	  0.000384	
  0.050200	  0.025225	  0.000250	  0.924326	
  0.794959	  0.204587	  0.000227	  0.000227	
  0.977131	  0.000222	  0.000222	  0.022425	
  0.999334	  0.000222	  0.000222	  0.000222	
  0.000227	  0.953906	  0.000227	  0.045640	
  0.999319	  0.000227	  0.000227	  0.000227	
  0.593321	  0.125156	  0.125156	  0.156367	

URL http://cisbp.ccbr.utoronto.ca/TFreport.php?searchTF=T083536_1.02

MOTIF M0736_1.02 (Smp_145640)_(Mus_musculus)_(DBD_0.75)

letter-probability matrix: alength= 4 w= 8 nsites= 1 E= 0
  0.309467	  0.142959	  0.547336	  0.000238	
  0.295052	  0.000164	  0.000164	  0.704620	
  0.619510	  0.295749	  0.000141	  0.084600	
  0.888534	  0.069545	  0.000139	  0.041782	
  0.999584	  0.000139	  0.000139	  0.000139	
  0.000139	  0.957940	  0.000139	  0.041782	
  0.999572	  0.000143	  0.000143	  0.000143	
  0.660068	  0.132164	  0.056750	  0.151018	

URL http://cisbp.ccbr.utoronto.ca/TFreport.php?searchTF=T083544_1.02

MOTIF M0817_1.02 (Smp_171130)_(Drosophila_melanogaster)_(DBD_0.53)

letter-probability matrix: alength= 4 w= 8 nsites= 1 E= 0
  0.729854	  0.111199	  0.158788	  0.000159	
  0.000118	  0.011877	  0.000118	  0.987888	
  0.235301	  0.023636	  0.740945	  0.000118	
  0.047154	  0.799741	  0.141228	  0.011877	
  0.070673	  0.000118	  0.752705	  0.176505	
  0.000118	  0.000118	  0.999647	  0.000118	
  0.000118	  0.000118	  0.999647	  0.000118	
  0.055699	  0.351776	  0.092709	  0.499815	

URL http://cisbp.ccbr.utoronto.ca/TFreport.php?searchTF=T086856_1.02

MOTIF M0911_1.02 (Smp_126190)_(Mus_musculus)_(DBD_0.89)

letter-probability matrix: alength= 4 w= 10 nsites= 1 E= 0
  0.247073	  0.284202	  0.206373	  0.262352	
  0.149870	  0.075171	  0.040036	  0.734924	
  0.706549	  0.090958	  0.126519	  0.075974	
  0.851645	  0.008910	  0.044131	  0.095313	
  0.070692	  0.091682	  0.096383	  0.741243	
  0.120799	  0.217919	  0.226813	  0.434469	
  0.367812	  0.088905	  0.402450	  0.140833	
  0.215590	  0.296895	  0.274069	  0.213445	
  0.220651	  0.269503	  0.211999	  0.297847	
  0.238452	  0.238452	  0.243269	  0.279826	

URL http://cisbp.ccbr.utoronto.ca/TFreport.php?searchTF=T103579_1.02

MOTIF M0923_1.02 (Smp_000830)_(Mus_musculus)_(DBD_0.91)

letter-probability matrix: alength= 4 w= 8 nsites= 1 E= 0
  0.243151	  0.255618	  0.294031	  0.207200	
  0.204295	  0.330156	  0.208422	  0.257126	
  0.207505	  0.171598	  0.110516	  0.510381	
  0.662568	  0.072684	  0.144912	  0.119836	
  0.981458	  0.006747	  0.008577	  0.003219	
  0.124820	  0.161883	  0.088843	  0.624453	
  0.193139	  0.203041	  0.203041	  0.400779	
  0.311134	  0.192525	  0.295960	  0.200382	

URL http://cisbp.ccbr.utoronto.ca/TFreport.php?searchTF=T103552_1.02

MOTIF M0942_1.02 (Smp_149230)_(Mus_musculus)_(DBD_0.90)

letter-probability matrix: alength= 4 w= 8 nsites= 1 E= 0
  0.320789	  0.120396	  0.221580	  0.337236	
  0.142028	  0.088768	  0.093319	  0.675885	
  0.117073	  0.115908	  0.597527	  0.169491	
  0.123128	  0.124365	  0.043957	  0.708550	
  0.334290	  0.242744	  0.111276	  0.311690	
  0.297216	  0.266256	  0.229168	  0.207360	
  0.227950	  0.251924	  0.244478	  0.275648	
  0.232873	  0.249759	  0.254804	  0.262564	

URL http://cisbp.ccbr.utoronto.ca/TFreport.php?searchTF=T103602_1.02

MOTIF M0943_1.02 (Smp_126560)_(Mus_musculus)_(DBD_0.95)

letter-probability matrix: alength= 4 w= 8 nsites= 1 E= 0
  0.281218	  0.216834	  0.307701	  0.194247	
  0.129122	  0.376440	  0.129122	  0.365315	
  0.165282	  0.184501	  0.049782	  0.600435	
  0.689510	  0.110607	  0.091467	  0.108417	
  0.925332	  0.042528	  0.028507	  0.003633	
  0.103670	  0.106828	  0.082370	  0.707132	
  0.155855	  0.155855	  0.181078	  0.507211	
  0.479837	  0.103902	  0.258126	  0.158135	

URL http://cisbp.ccbr.utoronto.ca/TFreport.php?searchTF=T103580_1.02

MOTIF M0954_1.02 (Smp_091160)_(Mus_musculus)_(DBD_0.84)

letter-probability matrix: alength= 4 w= 9 nsites= 1 E= 0
  0.269860	  0.244180	  0.310413	  0.175547	
  0.222956	  0.322782	  0.189991	  0.264271	
  0.095770	  0.046616	  0.010402	  0.847212	
  0.799391	  0.056478	  0.097891	  0.046240	
  0.967307	  0.000597	  0.022077	  0.010019	
  0.039713	  0.048993	  0.055795	  0.855498	
  0.112128	  0.104548	  0.131584	  0.651740	
  0.377268	  0.097803	  0.400597	  0.124332	
  0.274391	  0.207380	  0.363054	  0.155175	

URL http://cisbp.ccbr.utoronto.ca/TFreport.php?searchTF=T103572_1.02

MOTIF M0961_1.02 (Smp_001980)_(Mus_musculus)_(DBD_0.79)

letter-probability matrix: alength= 4 w= 9 nsites= 1 E= 0
  0.239869	  0.317378	  0.190584	  0.252168	
  0.133763	  0.050707	  0.022333	  0.793196	
  0.850989	  0.020830	  0.051749	  0.076432	
  0.959274	  0.011777	  0.004509	  0.024439	
  0.324957	  0.077765	  0.136141	  0.461136	
  0.139125	  0.306548	  0.136371	  0.417956	
  0.193728	  0.061958	  0.611831	  0.132483	
  0.201560	  0.269370	  0.319285	  0.209785	
  0.174474	  0.290550	  0.187125	  0.347851	

URL http://cisbp.ccbr.utoronto.ca/TFreport.php?searchTF=T103553_1.02

MOTIF M0975_1.02 (Smp_129480)_(Mus_musculus)_(DBD_0.91)

letter-probability matrix: alength= 4 w= 9 nsites= 1 E= 0
  0.152081	  0.091324	  0.047201	  0.709395	
  0.690458	  0.086259	  0.135281	  0.088002	
  0.886062	  0.013024	  0.035758	  0.065156	
  0.031077	  0.036836	  0.028403	  0.903684	
  0.110911	  0.101365	  0.155824	  0.631899	
  0.491062	  0.048743	  0.349523	  0.110672	
  0.367221	  0.191706	  0.269337	  0.171737	
  0.287641	  0.235500	  0.183408	  0.293451	
  0.278534	  0.200244	  0.177601	  0.343621	

URL http://cisbp.ccbr.utoronto.ca/TFreport.php?searchTF=T103583_1.02

MOTIF M0999_1.02 (Smp_126870)_(Mus_musculus)_(DBD_0.96)

letter-probability matrix: alength= 4 w= 9 nsites= 1 E= 0
  0.319806	  0.179059	  0.239299	  0.261835	
  0.326964	  0.089108	  0.142572	  0.441355	
  0.104999	  0.140324	  0.052665	  0.702012	
  0.632389	  0.042927	  0.165588	  0.159096	
  0.902412	  0.000373	  0.035342	  0.061872	
  0.062494	  0.001133	  0.033956	  0.902416	
  0.174093	  0.139713	  0.298744	  0.387450	
  0.522018	  0.055573	  0.301178	  0.121231	
  0.164852	  0.331971	  0.291502	  0.211674	

URL http://cisbp.ccbr.utoronto.ca/TFreport.php?searchTF=T103581_1.02

MOTIF M1001_1.02 (Smp_154790)_(Mus_musculus)_(DBD_0.86)

letter-probability matrix: alength= 4 w= 10 nsites= 1 E= 0
  0.322331	  0.197469	  0.274673	  0.205527	
  0.194389	  0.314147	  0.287109	  0.204355	
  0.241423	  0.414283	  0.182463	  0.161831	
  0.070501	  0.283051	  0.022774	  0.623674	
  0.068469	  0.000243	  0.876887	  0.054401	
  0.095932	  0.187473	  0.000627	  0.715968	
  0.063044	  0.815526	  0.046704	  0.074726	
  0.494531	  0.137498	  0.193177	  0.174794	
  0.280233	  0.246071	  0.222654	  0.251042	
  0.271003	  0.235599	  0.219671	  0.273727	

URL http://cisbp.ccbr.utoronto.ca/TFreport.php?searchTF=T103607_1.02

MOTIF M1015_1.02 (Smp_148570)_(Mus_musculus)_(DBD_0.75)

letter-probability matrix: alength= 4 w= 7 nsites= 1 E= 0
  0.161249	  0.279486	  0.178208	  0.381058	
  0.074215	  0.310124	  0.003515	  0.612146	
  0.496430	  0.223061	  0.103280	  0.177229	
  0.604375	  0.168039	  0.074010	  0.153576	
  0.151745	  0.140078	  0.000347	  0.707829	
  0.255989	  0.195416	  0.091390	  0.457205	
  0.395010	  0.194204	  0.151246	  0.259540	

URL http://cisbp.ccbr.utoronto.ca/TFreport.php?searchTF=T103601_1.02

MOTIF M1017_1.02 (Smp_145200)_(Mus_musculus)_(DBD_0.70)

letter-probability matrix: alength= 4 w= 8 nsites= 1 E= 0
  0.260569	  0.255410	  0.285108	  0.198913	
  0.177845	  0.320830	  0.230652	  0.270673	
  0.114497	  0.403649	  0.048938	  0.432917	
  0.580843	  0.152091	  0.107177	  0.159889	
  0.790662	  0.111371	  0.053137	  0.044830	
  0.121087	  0.104221	  0.012262	  0.762430	
  0.136206	  0.248183	  0.120804	  0.494807	
  0.509367	  0.130735	  0.162905	  0.196993	

URL http://cisbp.ccbr.utoronto.ca/TFreport.php?searchTF=T103597_1.02

MOTIF M1028_1.02 (Smp_134690)_(Mus_musculus)_(DBD_0.82)

letter-probability matrix: alength= 4 w= 9 nsites= 1 E= 0
  0.184447	  0.364076	  0.184447	  0.267030	
  0.116544	  0.046445	  0.001308	  0.835703	
  0.822965	  0.097799	  0.078485	  0.000750	
  0.891592	  0.011056	  0.021179	  0.076173	
  0.116988	  0.045699	  0.100693	  0.736620	
  0.189372	  0.123188	  0.282510	  0.404930	
  0.430266	  0.105047	  0.303203	  0.161484	
  0.227412	  0.274998	  0.297901	  0.199689	
  0.184723	  0.307617	  0.234829	  0.272832	

URL http://cisbp.ccbr.utoronto.ca/TFreport.php?searchTF=T103585_1.02

MOTIF M1049_1.02 (Smp_169270)_(Mus_musculus)_(DBD_0.82)

letter-probability matrix: alength= 4 w= 10 nsites= 1 E= 0
  0.289634	  0.216722	  0.244354	  0.249290	
  0.166573	  0.211756	  0.182260	  0.439411	
  0.165752	  0.090967	  0.544840	  0.198441	
  0.929154	  0.059996	  0.000107	  0.010743	
  0.054059	  0.154483	  0.048915	  0.742543	
  0.658419	  0.278618	  0.000170	  0.062793	
  0.069036	  0.541653	  0.109358	  0.279954	
  0.180538	  0.374631	  0.241276	  0.203556	
  0.212494	  0.310727	  0.214630	  0.262149	
  0.221051	  0.289569	  0.216674	  0.272706	

URL http://cisbp.ccbr.utoronto.ca/TFreport.php?searchTF=T103618_1.02

MOTIF M1063_1.02 (Smp_013600)_(Mus_musculus)_(DBD_0.86)

letter-probability matrix: alength= 4 w= 10 nsites= 1 E= 0
  0.221818	  0.204764	  0.161073	  0.412344	
  0.207435	  0.166471	  0.084337	  0.541758	
  0.621586	  0.036682	  0.185355	  0.156378	
  0.910510	  0.013383	  0.034261	  0.041846	
  0.138801	  0.083349	  0.268550	  0.509300	
  0.088820	  0.300850	  0.045450	  0.564880	
  0.170729	  0.062808	  0.652021	  0.114443	
  0.204093	  0.304470	  0.254315	  0.237122	
  0.175698	  0.304530	  0.186563	  0.333209	
  0.196959	  0.273964	  0.238173	  0.290905	

URL http://cisbp.ccbr.utoronto.ca/TFreport.php?searchTF=T103556_1.02

MOTIF M1074_1.02 (Smp_009630)_(Oryzias_latipes)_(DBD_0.95)

letter-probability matrix: alength= 4 w= 10 nsites= 1 E= 0
  0.271348	  0.260708	  0.219950	  0.247993	
  0.181667	  0.240369	  0.144341	  0.433623	
  0.141519	  0.097752	  0.484168	  0.276561	
  0.850398	  0.068423	  0.043628	  0.037551	
  0.040083	  0.188852	  0.098589	  0.672475	
  0.481568	  0.382622	  0.042396	  0.093415	
  0.084410	  0.476125	  0.144847	  0.294618	
  0.166073	  0.369602	  0.233324	  0.231002	
  0.195836	  0.371399	  0.186285	  0.246479	
  0.214275	  0.307127	  0.232122	  0.246475	

URL http://cisbp.ccbr.utoronto.ca/TFreport.php?searchTF=T103555_1.02

MOTIF M1088_1.02 (Smp_138110)_(Drosophila_melanogaster)_(DBD_0.88)

letter-probability matrix: alength= 4 w= 10 nsites= 1 E= 0
  0.248652	  0.156039	  0.439269	  0.156039	
  0.235559	  0.409426	  0.243856	  0.111159	
  0.000140	  0.000140	  0.000140	  0.999581	
  0.999581	  0.000140	  0.000140	  0.000140	
  0.999581	  0.000140	  0.000140	  0.000140	
  0.000140	  0.000140	  0.000140	  0.999581	
  0.000140	  0.000140	  0.000140	  0.999581	
  0.999581	  0.000140	  0.000140	  0.000140	
  0.270161	  0.309740	  0.212726	  0.207374	
  0.227694	  0.227694	  0.227694	  0.316917	

URL http://cisbp.ccbr.utoronto.ca/TFreport.php?searchTF=T103589_1.02

MOTIF M1089_1.02 (Smp_152980)_(Drosophila_melanogaster)_(DBD_0.84)

letter-probability matrix: alength= 4 w= 10 nsites= 1 E= 0
  0.209338	  0.253142	  0.321807	  0.215713	
  0.269176	  0.231682	  0.207548	  0.291594	
  0.108996	  0.124128	  0.038142	  0.728735	
  0.818862	  0.018319	  0.138091	  0.024728	
  0.925508	  0.028799	  0.000527	  0.045166	
  0.090056	  0.159244	  0.124019	  0.626680	
  0.097497	  0.244649	  0.314135	  0.343719	
  0.322285	  0.084389	  0.452794	  0.140532	
  0.204560	  0.257459	  0.351027	  0.186954	
  0.179474	  0.298877	  0.181278	  0.340370	

URL http://cisbp.ccbr.utoronto.ca/TFreport.php?searchTF=T103606_1.02

MOTIF M1097_1.02 (Smp_144120)_(Drosophila_melanogaster)_(DBD_0.70)

letter-probability matrix: alength= 4 w= 10 nsites= 1 E= 0
  0.292329	  0.229079	  0.288644	  0.189949	
  0.136427	  0.336877	  0.156525	  0.370171	
  0.034513	  0.118059	  0.009674	  0.837754	
  0.801571	  0.072692	  0.093201	  0.032536	
  0.970781	  0.007894	  0.008025	  0.013300	
  0.013300	  0.008025	  0.007894	  0.970781	
  0.032536	  0.093201	  0.072692	  0.801571	
  0.837754	  0.009674	  0.118059	  0.034513	
  0.370171	  0.156525	  0.336877	  0.136427	
  0.189949	  0.288644	  0.229079	  0.292329	

URL http://cisbp.ccbr.utoronto.ca/TFreport.php?searchTF=T103595_1.02

MOTIF M1220_1.02 Lbx-related

letter-probability matrix: alength= 4 w= 8 nsites= 1 E= 0
  0.176643	  0.117958	  0.000587	  0.704812	
  0.000357	  0.036020	  0.000357	  0.963267	
  0.998930	  0.000357	  0.000357	  0.000357	
  0.998930	  0.000357	  0.000357	  0.000357	
  0.000357	  0.143010	  0.000357	  0.856277	
  0.143010	  0.000357	  0.000357	  0.856277	
  0.592086	  0.000370	  0.407175	  0.000370	
  0.095532	  0.000475	  0.855989	  0.048004	

URL http://cisbp.ccbr.utoronto.ca/TFreport.php?searchTF=T103610_1.02

MOTIF M1223_1.02 (Smp_160670)_(Mus_musculus)_(DBD_0.75)

letter-probability matrix: alength= 4 w= 8 nsites= 1 E= 0
  0.027268	  0.108261	  0.000270	  0.864201	
  0.022934	  0.022934	  0.000227	  0.953906	
  0.999362	  0.000213	  0.000213	  0.000213	
  0.999376	  0.000208	  0.000208	  0.000208	
  0.000208	  0.000208	  0.000208	  0.999376	
  0.000208	  0.041840	  0.104288	  0.853664	
  0.526025	  0.184280	  0.184280	  0.105415	
  0.148299	  0.037352	  0.740015	  0.074334	

URL http://cisbp.ccbr.utoronto.ca/TFreport.php?searchTF=T103611_1.02

MOTIF M1471_1.02 (Smp_155250)_(Drosophila_melanogaster)_(DBD_0.72)

letter-probability matrix: alength= 4 w= 12 nsites= 1 E= 0
  0.317705	  0.227432	  0.227432	  0.227432	
  0.317705	  0.227432	  0.227432	  0.227432	
  0.402784	  0.230661	  0.140388	  0.226166	
  0.049370	  0.144869	  0.049370	  0.756390	
  0.000202	  0.000202	  0.000202	  0.999393	
  0.000202	  0.000202	  0.999393	  0.000202	
  0.999393	  0.000202	  0.000202	  0.000202	
  0.000202	  0.999393	  0.000202	  0.000202	
  0.022771	  0.541218	  0.329688	  0.106323	
  0.022771	  0.022771	  0.194141	  0.760318	
  0.109814	  0.581401	  0.109814	  0.198971	
  0.397504	  0.200832	  0.200832	  0.200832	

URL http://cisbp.ccbr.utoronto.ca/TFreport.php?searchTF=T135255_1.02

MOTIF M1472_1.02 (Smp_167770)_(Drosophila_pseudoobscura)_(DBD_0.87)

letter-probability matrix: alength= 4 w= 8 nsites= 1 E= 0
  0.143466	  0.001420	  0.285511	  0.569602	
  0.000906	  0.000906	  0.000906	  0.997283	
  0.000906	  0.091486	  0.906703	  0.000906	
  0.997283	  0.000906	  0.000906	  0.000906	
  0.000906	  0.000906	  0.000906	  0.997283	
  0.000906	  0.906703	  0.091486	  0.000906	
  0.091486	  0.091486	  0.000906	  0.816123	
  0.000996	  0.598606	  0.000996	  0.399402	

URL http://cisbp.ccbr.utoronto.ca/TFreport.php?searchTF=T135257_1.02

MOTIF M1496_1.02 Smp_016180

letter-probability matrix: alength= 4 w= 8 nsites= 1 E= 0
  0.182622	  0.272441	  0.332760	  0.212177	
  0.467678	  0.041587	  0.431721	  0.059014	
  0.000005	  0.000000	  0.000000	  0.999995	
  0.000000	  0.000000	  1.000000	  0.000000	
  0.000000	  0.000000	  0.000000	  1.000000	
  0.000000	  0.999952	  0.000039	  0.000009	
  0.003799	  0.987042	  0.000000	  0.009159	
  0.147441	  0.305951	  0.129467	  0.417141	

URL http://cisbp.ccbr.utoronto.ca/TFreport.php?searchTF=T135241_1.02

MOTIF M1497_1.02 Tr4/Tr2

letter-probability matrix: alength= 4 w= 8 nsites= 1 E= 0
  0.225817	  0.268809	  0.258061	  0.247313	
  0.234380	  0.218760	  0.281240	  0.265620	
  0.000061	  0.060652	  0.006120	  0.933168	
  0.005705	  0.005705	  0.988534	  0.000056	
  0.988534	  0.005705	  0.005705	  0.000056	
  0.005705	  0.994182	  0.000056	  0.000056	
  0.000056	  0.999831	  0.000056	  0.000056	
  0.000084	  0.462114	  0.000084	  0.537718	

URL http://cisbp.ccbr.utoronto.ca/TFreport.php?searchTF=T135247_1.02

MOTIF M1538_1.02 Smp_170910

letter-probability matrix: alength= 4 w= 8 nsites= 1 E= 0
  0.001420	  0.001420	  0.995739	  0.001420	
  0.001420	  0.001420	  0.001420	  0.995739	
  0.001420	  0.001420	  0.001420	  0.995739	
  0.001420	  0.001420	  0.995739	  0.001420	
  0.001420	  0.995739	  0.001420	  0.001420	
  0.001420	  0.143466	  0.001420	  0.853693	
  0.995739	  0.001420	  0.001420	  0.001420	
  0.250000	  0.002475	  0.250000	  0.497525	

URL http://cisbp.ccbr.utoronto.ca/TFreport.php?searchTF=T139184_1.02

MOTIF M1541_1.02 Smp_174320

letter-probability matrix: alength= 4 w= 11 nsites= 1 E= 0
  0.303907	  0.232031	  0.232031	  0.232031	
  0.314070	  0.127384	  0.127384	  0.431163	
  0.795729	  0.038813	  0.126645	  0.038813	
  0.999493	  0.000169	  0.000169	  0.000169	
  0.000169	  0.999493	  0.000169	  0.000169	
  0.000169	  0.999493	  0.000169	  0.000169	
  0.158657	  0.000169	  0.841005	  0.000169	
  0.000169	  0.999493	  0.000169	  0.000169	
  0.945586	  0.018138	  0.018138	  0.018138	
  0.510000	  0.122785	  0.244430	  0.122785	
  0.211356	  0.288116	  0.211356	  0.289173	

URL http://cisbp.ccbr.utoronto.ca/TFreport.php?searchTF=T139471_1.02

MOTIF M1634_1.02 (Smp_163240)_(Takifugu_rubripes)_(DBD_0.66)

letter-probability matrix: alength= 4 w= 10 nsites= 1 E= 0
  0.334680	  0.085044	  0.324788	  0.255488	
  0.714815	  0.030631	  0.164354	  0.090199	
  0.150324	  0.102801	  0.673705	  0.073170	
  0.006023	  0.020812	  0.958646	  0.014520	
  0.005059	  0.104707	  0.000287	  0.889948	
  0.011052	  0.000235	  0.984960	  0.003753	
  0.095438	  0.090784	  0.034415	  0.779364	
  0.061411	  0.356949	  0.286458	  0.295182	
  0.568510	  0.069618	  0.258015	  0.103857	
  0.363756	  0.195680	  0.248758	  0.191806	

URL http://cisbp.ccbr.utoronto.ca/TFreport.php?searchTF=T150295_1.02

MOTIF M1871_1.02 (Smp_018170)_(Mus_musculus)_(DBD_0.73)

letter-probability matrix: alength= 4 w= 10 nsites= 1 E= 0
  0.338561	  0.018681	  0.235701	  0.407057	
  0.020276	  0.002074	  0.976267	  0.001382	
  0.003223	  0.002993	  0.990792	  0.002993	
  0.003221	  0.008282	  0.984817	  0.003681	
  0.063693	  0.441941	  0.002529	  0.491837	
  0.005064	  0.003453	  0.983656	  0.007827	
  0.009671	  0.018420	  0.501727	  0.470182	
  0.060872	  0.010606	  0.899700	  0.028822	
  0.028400	  0.030016	  0.874856	  0.066728	
  0.058742	  0.660962	  0.064755	  0.215541	

URL http://cisbp.ccbr.utoronto.ca/TFreport.php?searchTF=T068990_1.02

MOTIF M1884_1.02 (Smp_129430)_(Homo_sapiens)_(DBD_0.84)

letter-probability matrix: alength= 4 w= 15 nsites= 1 E= 0
  0.326544	  0.100475	  0.257298	  0.315682	
  0.114732	  0.101154	  0.424304	  0.359810	
  0.078751	  0.800407	  0.021724	  0.099117	
  0.000000	  0.321113	  0.000000	  0.678887	
  0.863544	  0.046164	  0.009504	  0.080788	
  0.684318	  0.000000	  0.080788	  0.234895	
  0.938900	  0.000000	  0.026477	  0.034623	
  0.917855	  0.003394	  0.000000	  0.078751	
  0.943652	  0.000000	  0.000000	  0.056348	
  0.004073	  0.000000	  0.000000	  0.995927	
  0.999321	  0.000000	  0.000000	  0.000679	
  0.156823	  0.033265	  0.787508	  0.022403	
  0.398506	  0.429056	  0.076035	  0.096402	
  0.359810	  0.277665	  0.074678	  0.287848	
  0.234216	  0.304820	  0.137814	  0.323150	

URL http://cisbp.ccbr.utoronto.ca/TFreport.php?searchTF=T113244_1.02

MOTIF M1890_1.02 (Smp_030250)_(Homo_sapiens)_(DBD_0.88)

letter-probability matrix: alength= 4 w= 18 nsites= 1 E= 0
  0.536953	  0.172787	  0.112112	  0.178148	
  0.135379	  0.112568	  0.522354	  0.229699	
  0.404653	  0.257299	  0.247263	  0.090785	
  0.137203	  0.339074	  0.453695	  0.070027	
  0.208257	  0.267336	  0.035698	  0.488709	
  0.021898	  0.095119	  0.546077	  0.336907	
  0.027030	  0.842153	  0.054859	  0.075958	
  0.001825	  0.113253	  0.027600	  0.857322	
  0.025319	  0.116104	  0.819001	  0.039576	
  0.975707	  0.000228	  0.017108	  0.006957	
  0.000570	  0.005931	  0.000912	  0.992587	
  0.001141	  0.000570	  0.000570	  0.997719	
  0.003307	  0.001141	  0.994526	  0.001026	
  0.001369	  0.007984	  0.990306	  0.000342	
  0.042997	  0.305315	  0.001711	  0.649977	
  0.052464	  0.449703	  0.213618	  0.284215	
  0.175297	  0.476277	  0.253992	  0.094434	
  0.485972	  0.129562	  0.308736	  0.075730	

URL http://cisbp.ccbr.utoronto.ca/TFreport.php?searchTF=T070805_1.02

MOTIF M1965_1.02 (Smp_098780)_(Homo_sapiens)_(DBD_0.57)

letter-probability matrix: alength= 4 w= 15 nsites= 1 E= 0
  0.235505	  0.427799	  0.118275	  0.218421	
  0.510814	  0.002863	  0.000045	  0.486278	
  0.567657	  0.063250	  0.331516	  0.037577	
  0.461650	  0.000000	  0.120638	  0.417712	
  0.065976	  0.000000	  0.934024	  0.000000	
  0.000000	  0.170665	  0.000000	  0.829335	
  0.870093	  0.129907	  0.000000	  0.000000	
  0.941294	  0.058706	  0.000000	  0.000000	
  1.000000	  0.000000	  0.000000	  0.000000	
  0.000000	  0.732688	  0.000000	  0.267312	
  0.996274	  0.000545	  0.000000	  0.003181	
  0.314204	  0.165440	  0.196156	  0.324200	
  0.230553	  0.241458	  0.388859	  0.139131	
  0.262041	  0.214967	  0.311296	  0.211696	
  0.396628	  0.187386	  0.219329	  0.196656	

URL http://cisbp.ccbr.utoronto.ca/TFreport.php?searchTF=T083537_1.02

MOTIF M1988_1.02 (Smp_161270)_(Drosophila_melanogaster)_(DBD_0.72)

letter-probability matrix: alength= 4 w= 7 nsites= 1 E= 0
  0.086957	  0.260870	  0.086957	  0.565217	
  0.000000	  0.000000	  0.000000	  1.000000	
  1.000000	  0.000000	  0.000000	  0.000000	
  1.000000	  0.000000	  0.000000	  0.000000	
  0.000000	  0.000000	  0.000000	  1.000000	
  0.000000	  0.000000	  0.086957	  0.913043	
  0.521739	  0.000000	  0.434783	  0.043478	

URL http://cisbp.ccbr.utoronto.ca/TFreport.php?searchTF=T103612_1.02

MOTIF M1995_1.02 (Smp_081620)_(Drosophila_melanogaster)_(DBD_0.89)

letter-probability matrix: alength= 4 w= 7 nsites= 1 E= 0
  0.041667	  0.166667	  0.125000	  0.666667	
  0.000000	  0.000000	  0.000000	  1.000000	
  1.000000	  0.000000	  0.000000	  0.000000	
  1.000000	  0.000000	  0.000000	  0.000000	
  0.000000	  0.000000	  0.000000	  1.000000	
  0.041667	  0.000000	  0.791667	  0.166667	
  0.875000	  0.000000	  0.125000	  0.000000	

URL http://cisbp.ccbr.utoronto.ca/TFreport.php?searchTF=T103569_1.02

MOTIF M2043_1.02 (Smp_013070)_(Drosophila_melanogaster)_(DBD_0.85)

letter-probability matrix: alength= 4 w= 7 nsites= 1 E= 0
  0.066667	  0.133333	  0.000000	  0.800000	
  0.000000	  0.000000	  0.000000	  1.000000	
  0.000000	  0.000000	  1.000000	  0.000000	
  1.000000	  0.000000	  0.000000	  0.000000	
  0.000000	  0.000000	  0.000000	  1.000000	
  0.000000	  0.000000	  0.000000	  1.000000	
  0.333333	  0.000000	  0.266667	  0.400000	

URL http://cisbp.ccbr.utoronto.ca/TFreport.php?searchTF=T073777_1.02

MOTIF M2061_1.02 (Smp_149570)_(Drosophila_melanogaster)_(DBD_0.77)

letter-probability matrix: alength= 4 w= 6 nsites= 1 E= 0
  0.000000	  0.000000	  0.000000	  1.000000	
  0.000000	  0.000000	  0.727273	  0.272727	
  0.454545	  0.545455	  0.000000	  0.000000	
  0.636364	  0.000000	  0.181818	  0.181818	
  0.000000	  0.000000	  0.000000	  1.000000	
  0.818182	  0.000000	  0.181818	  0.000000	

URL http://cisbp.ccbr.utoronto.ca/TFreport.php?searchTF=T105376_1.02

MOTIF M2269_1.02 (Smp_124010)_(Mus_musculus)_(DBD_0.77)

letter-probability matrix: alength= 4 w= 11 nsites= 1 E= 0
  0.083453	  0.632332	  0.024797	  0.259418	
  0.048641	  0.000000	  0.000000	  0.951359	
  0.986171	  0.000000	  0.013829	  0.000000	
  1.000000	  0.000000	  0.000000	  0.000000	
  0.000000	  0.000000	  0.221745	  0.778255	
  0.000000	  1.000000	  0.000000	  0.000000	
  0.003815	  0.750596	  0.000000	  0.245589	
  0.051979	  0.392465	  0.105866	  0.449690	
  0.107296	  0.701001	  0.026228	  0.165474	
  0.087268	  0.198856	  0.020505	  0.693371	
  0.064378	  0.218407	  0.141631	  0.575584	

URL http://cisbp.ccbr.utoronto.ca/TFreport.php?searchTF=T103576_1.02

MOTIF M2283_1.02 (Smp_127900)_(Homo_sapiens)_(DBD_0.62)

letter-probability matrix: alength= 4 w= 15 nsites= 1 E= 0
  0.331190	  0.347267	  0.154341	  0.167203	
  0.421222	  0.183280	  0.176849	  0.218650	
  0.498392	  0.125402	  0.128617	  0.247588	
  0.578778	  0.135048	  0.170418	  0.115756	
  0.443730	  0.019293	  0.282958	  0.254019	
  0.254019	  0.035370	  0.710611	  0.000000	
  0.228296	  0.012862	  0.000000	  0.758842	
  1.000000	  0.000000	  0.000000	  0.000000	
  1.000000	  0.000000	  0.000000	  0.000000	
  1.000000	  0.000000	  0.000000	  0.000000	
  0.051447	  0.893891	  0.032154	  0.022508	
  1.000000	  0.000000	  0.000000	  0.000000	
  0.565916	  0.247588	  0.183280	  0.003215	
  0.781350	  0.057878	  0.073955	  0.086817	
  0.327974	  0.135048	  0.414791	  0.122186	

URL http://cisbp.ccbr.utoronto.ca/TFreport.php?searchTF=T083539_1.02

MOTIF M2311_1.02 (Smp_073470)_(Mus_musculus)_(DBD_0.79)

letter-probability matrix: alength= 4 w= 11 nsites= 1 E= 0
  0.261219	  0.293381	  0.138743	  0.306657	
  0.148093	  0.436799	  0.200075	  0.215034	
  0.000000	  0.000000	  0.000000	  1.000000	
  0.000000	  0.000000	  1.000000	  0.000000	
  0.770755	  0.120232	  0.109013	  0.000000	
  0.274121	  0.725879	  0.000000	  0.000000	
  0.000000	  1.000000	  0.000000	  0.000000	
  0.000000	  0.088070	  0.000000	  0.911930	
  0.000000	  0.462416	  0.047120	  0.490464	
  0.143418	  0.001683	  0.078160	  0.776739	
  0.045625	  0.057031	  0.845363	  0.051982	

URL http://cisbp.ccbr.utoronto.ca/TFreport.php?searchTF=T135245_1.02

MOTIF M2338_1.02 (Smp_167400)_(Caenorhabditis_elegans)_(DBD_0.87)

letter-probability matrix: alength= 4 w= 11 nsites= 1 E= 0
  0.257218	  0.057743	  0.685039	  0.000000	
  0.346457	  0.202100	  0.196850	  0.254593	
  0.000000	  1.000000	  0.000000	  0.000000	
  0.992126	  0.000000	  0.007874	  0.000000	
  0.215223	  0.031496	  0.692913	  0.060367	
  0.007874	  0.779528	  0.034121	  0.178478	
  0.000000	  0.000000	  0.000000	  1.000000	
  0.000000	  0.000000	  1.000000	  0.000000	
  0.013123	  0.188976	  0.039370	  0.758530	
  0.000000	  0.139108	  0.057743	  0.803150	
  0.060367	  0.388451	  0.364829	  0.186352	

URL http://cisbp.ccbr.utoronto.ca/TFreport.php?searchTF=T021701_1.02

MOTIF M4477_1.02 (Smp_097730)_(Homo_sapiens)_(DBD_0.75)

letter-probability matrix: alength= 4 w= 19 nsites= 1 E= 0
  0.299342	  0.325658	  0.190789	  0.184211	
  0.171053	  0.338816	  0.154605	  0.335526	
  0.444079	  0.174342	  0.210526	  0.171053	
  0.233553	  0.131579	  0.082237	  0.552631	
  0.141447	  0.108553	  0.519737	  0.230263	
  0.233553	  0.286184	  0.302632	  0.177632	
  0.023026	  0.950659	  0.016447	  0.009868	
  0.003289	  0.934211	  0.000000	  0.062500	
  0.756579	  0.055921	  0.006579	  0.180921	
  0.483553	  0.006579	  0.026316	  0.483553	
  0.950658	  0.000000	  0.042763	  0.006579	
  0.299342	  0.078947	  0.026316	  0.595395	
  0.888158	  0.013158	  0.019737	  0.078947	
  0.644736	  0.013158	  0.052632	  0.289474	
  0.032895	  0.000000	  0.967105	  0.000000	
  0.016447	  0.003289	  0.973685	  0.006579	
  0.226974	  0.424342	  0.184211	  0.164474	
  0.450658	  0.302632	  0.154605	  0.092105	
  0.555920	  0.095395	  0.164474	  0.184211	

URL http://cisbp.ccbr.utoronto.ca/TFreport.php?searchTF=T113243_1.02

MOTIF M4505_1.02 (Smp_168810)_(Homo_sapiens)_(DBD_0.76)

letter-probability matrix: alength= 4 w= 11 nsites= 1 E= 0
  0.324000	  0.320000	  0.210000	  0.146000	
  0.400000	  0.186000	  0.380000	  0.034000	
  0.056000	  0.820000	  0.124000	  0.000000	
  0.076000	  0.920000	  0.004000	  0.000000	
  0.000000	  0.000000	  1.000000	  0.000000	
  0.000000	  0.000000	  1.000000	  0.000000	
  0.996000	  0.002000	  0.002000	  0.000000	
  0.986000	  0.000000	  0.008000	  0.006000	
  0.114000	  0.050000	  0.836000	  0.000000	
  0.034000	  0.242000	  0.046000	  0.678000	
  0.164000	  0.172000	  0.540000	  0.124000	

URL http://cisbp.ccbr.utoronto.ca/TFreport.php?searchTF=T079126_1.02

MOTIF M4510_1.02 (Smp_040350)_(Homo_sapiens)_(DBD_0.51)

letter-probability matrix: alength= 4 w= 19 nsites= 1 E= 0
  0.130102	  0.119898	  0.165816	  0.584184	
  0.117347	  0.604592	  0.142857	  0.135204	
  0.540817	  0.170918	  0.168367	  0.119898	
  0.109694	  0.311224	  0.295918	  0.283163	
  0.040816	  0.617347	  0.091837	  0.250000	
  0.275510	  0.053571	  0.163265	  0.507654	
  0.020408	  0.005102	  0.969388	  0.005102	
  0.000000	  0.012755	  0.017857	  0.969388	
  0.061224	  0.104592	  0.010204	  0.823980	
  0.176020	  0.010204	  0.714286	  0.099490	
  0.005102	  0.951531	  0.000000	  0.043367	
  0.002551	  0.392857	  0.005102	  0.599490	
  0.658163	  0.000000	  0.323980	  0.017857	
  0.099490	  0.005102	  0.727041	  0.168367	
  0.030612	  0.022959	  0.926021	  0.020408	
  0.112245	  0.420918	  0.308673	  0.158163	
  0.563775	  0.160714	  0.201531	  0.073980	
  0.321429	  0.058673	  0.584184	  0.035714	
  0.573979	  0.127551	  0.211735	  0.086735	

URL http://cisbp.ccbr.utoronto.ca/TFreport.php?searchTF=T139182_1.02

MOTIF M4598_1.02 (Smp_093310)_(Homo_sapiens)_(DBD_0.87)

letter-probability matrix: alength= 4 w= 15 nsites= 1 E= 0
  0.070000	  0.300000	  0.622000	  0.008000	
  0.000000	  0.046000	  0.954000	  0.000000	
  0.002000	  0.988000	  0.000000	  0.010000	
  0.016000	  0.000000	  0.940000	  0.044000	
  0.000000	  0.242000	  0.758000	  0.000000	
  0.048000	  0.158000	  0.782000	  0.012000	
  0.786000	  0.088000	  0.084000	  0.042000	
  0.662000	  0.052000	  0.254000	  0.032000	
  0.484000	  0.118000	  0.264000	  0.134000	
  0.254000	  0.158000	  0.202000	  0.386000	
  0.132000	  0.246000	  0.244000	  0.378000	
  0.072000	  0.294000	  0.350000	  0.284000	
  0.268000	  0.238000	  0.382000	  0.112000	
  0.424000	  0.198000	  0.296000	  0.082000	
  0.368000	  0.182000	  0.304000	  0.146000	

URL http://cisbp.ccbr.utoronto.ca/TFreport.php?searchTF=T077276_1.02

MOTIF M4603_1.02 (Smp_023990)_(Homo_sapiens)_(DBD_0.89)

letter-probability matrix: alength= 4 w= 15 nsites= 1 E= 0
  0.181223	  0.624454	  0.080786	  0.113537	
  0.921398	  0.002183	  0.069869	  0.006550	
  0.879912	  0.032751	  0.030568	  0.056769	
  0.205240	  0.216157	  0.561136	  0.017467	
  1.000000	  0.000000	  0.000000	  0.000000	
  0.000000	  0.002183	  0.006550	  0.991267	
  0.000000	  0.000000	  1.000000	  0.000000	
  0.000000	  0.000000	  0.995633	  0.004367	
  0.015284	  0.967249	  0.000000	  0.017467	
  0.028384	  0.183406	  0.676856	  0.111354	
  0.080786	  0.102620	  0.775109	  0.041485	
  0.076419	  0.818778	  0.043668	  0.061135	
  0.106987	  0.375546	  0.388646	  0.128821	
  0.146288	  0.327511	  0.408297	  0.117904	
  0.091703	  0.576419	  0.220524	  0.111354	

URL http://cisbp.ccbr.utoronto.ca/TFreport.php?searchTF=T068991_1.02

MOTIF M4639_1.02 (Smp_164190)_(Homo_sapiens)_(DBD_0.81)

letter-probability matrix: alength= 4 w= 15 nsites= 1 E= 0
  0.385042	  0.254848	  0.180055	  0.180055	
  0.254848	  0.282548	  0.213296	  0.249307	
  0.127424	  0.465374	  0.185596	  0.221607	
  0.207756	  0.626039	  0.063712	  0.102493	
  0.969529	  0.000000	  0.030471	  0.000000	
  0.914128	  0.016620	  0.036011	  0.033241	
  0.207756	  0.216066	  0.548477	  0.027701	
  1.000000	  0.000000	  0.000000	  0.000000	
  0.000000	  0.000000	  0.008310	  0.991690	
  0.000000	  0.000000	  0.997230	  0.002770	
  0.000000	  0.000000	  0.991690	  0.008310	
  0.022161	  0.961219	  0.000000	  0.016620	
  0.052632	  0.171745	  0.681440	  0.094183	
  0.096953	  0.124654	  0.739612	  0.038781	
  0.088643	  0.792244	  0.049861	  0.069252	

URL http://cisbp.ccbr.utoronto.ca/TFreport.php?searchTF=T069060_1.02

MOTIF M4665_1.02 (Smp_159560)_(Homo_sapiens)_(DBD_0.86)

letter-probability matrix: alength= 4 w= 15 nsites= 1 E= 0
  0.195876	  0.360825	  0.298969	  0.144330	
  0.597938	  0.000000	  0.020619	  0.381443	
  0.000000	  0.000000	  1.000000	  0.000000	
  1.000000	  0.000000	  0.000000	  0.000000	
  0.000000	  0.041237	  0.000000	  0.958763	
  0.649485	  0.051546	  0.000000	  0.298969	
  0.463918	  0.000000	  0.371134	  0.164948	
  0.195876	  0.257732	  0.412371	  0.134021	
  0.412371	  0.319588	  0.195876	  0.072165	
  1.000000	  0.000000	  0.000000	  0.000000	
  0.020619	  0.000000	  0.030928	  0.948453	
  0.000000	  0.938145	  0.051546	  0.010309	
  0.381443	  0.010309	  0.000000	  0.608248	
  0.123711	  0.319588	  0.443299	  0.113402	
  0.134021	  0.278351	  0.154639	  0.432990	

URL http://cisbp.ccbr.utoronto.ca/TFreport.php?searchTF=T086433_1.02

MOTIF M4675_1.02 (Smp_161530)_(Drosophila_melanogaster)_(DBD_0.71)

letter-probability matrix: alength= 4 w= 10 nsites= 1 E= 0
  0.000000	  0.500000	  0.000000	  0.500000	
  0.000000	  0.000000	  0.000000	  1.000000	
  1.000000	  0.000000	  0.000000	  0.000000	
  0.500000	  0.000000	  0.000000	  0.500000	
  0.500000	  0.000000	  0.000000	  0.500000	
  0.500000	  0.000000	  0.000000	  0.500000	
  0.500000	  0.000000	  0.000000	  0.500000	
  0.000000	  0.000000	  0.000000	  1.000000	
  1.000000	  0.000000	  0.000000	  0.000000	
  0.500000	  0.000000	  0.500000	  0.000000	

URL http://cisbp.ccbr.utoronto.ca/TFreport.php?searchTF=T113246_1.02

MOTIF M4702_1.02 (Smp_174750)_(Homo_sapiens)_(DBD_0.83)

letter-probability matrix: alength= 4 w= 8 nsites= 1 E= 0
  0.058099	  0.035211	  0.056338	  0.850352	
  0.066901	  0.075704	  0.785212	  0.072183	
  0.720071	  0.109155	  0.088028	  0.082746	
  0.086268	  0.794013	  0.073944	  0.045775	
  0.051056	  0.876760	  0.014085	  0.058099	
  0.029930	  0.102113	  0.015845	  0.852112	
  0.029930	  0.195423	  0.075704	  0.698943	
  0.080986	  0.091549	  0.128521	  0.698944	

URL http://cisbp.ccbr.utoronto.ca/TFreport.php?searchTF=T135260_1.02

MOTIF M4704_1.02 (Smp_142940)_(Homo_sapiens)_(DBD_0.81)

letter-probability matrix: alength= 4 w= 15 nsites= 1 E= 0
  0.000000	  0.195804	  0.524476	  0.279720	
  0.041958	  0.888112	  0.000000	  0.069930	
  0.804196	  0.048951	  0.104895	  0.041958	
  0.132867	  0.153846	  0.587413	  0.125874	
  0.020979	  0.608392	  0.104895	  0.265734	
  0.104895	  0.482517	  0.384615	  0.027972	
  0.601399	  0.027972	  0.370629	  0.000000	
  0.517483	  0.055944	  0.188811	  0.237762	
  0.000000	  0.244755	  0.755245	  0.000000	
  0.000000	  0.811189	  0.034965	  0.153846	
  0.209790	  0.034965	  0.734266	  0.020979	
  0.048951	  0.020979	  0.202797	  0.727273	
  0.258741	  0.000000	  0.741259	  0.000000	
  0.741259	  0.062937	  0.146853	  0.048951	
  0.244755	  0.734266	  0.013986	  0.006993	

URL http://cisbp.ccbr.utoronto.ca/TFreport.php?searchTF=T136202_1.02

MOTIF M4708_1.02 (Smp_098950)_(Homo_sapiens)_(DBD_0.84)

letter-probability matrix: alength= 4 w= 10 nsites= 1 E= 0
  0.161765	  0.161765	  0.058824	  0.617646	
  1.000000	  0.000000	  0.000000	  0.000000	
  0.014706	  0.000000	  0.029412	  0.955882	
  0.191176	  0.000000	  0.691177	  0.117647	
  0.000000	  0.779412	  0.000000	  0.220588	
  0.779412	  0.000000	  0.000000	  0.220588	
  0.838235	  0.000000	  0.161765	  0.000000	
  0.808824	  0.088235	  0.000000	  0.102941	
  0.117647	  0.044118	  0.029412	  0.808823	
  0.632353	  0.044118	  0.205882	  0.117647	

URL http://cisbp.ccbr.utoronto.ca/TFreport.php?searchTF=T150993_1.02

MOTIF M4767_1.02 (Smp_128350)_(Drosophila_melanogaster)_(DBD_0.70)

letter-probability matrix: alength= 4 w= 12 nsites= 1 E= 0
  0.333333	  0.000000	  0.666667	  0.000000	
  0.916667	  0.000000	  0.000000	  0.083333	
  0.833333	  0.083333	  0.083333	  0.000000	
  1.000000	  0.000000	  0.000000	  0.000000	
  0.083333	  0.000000	  0.916667	  0.000000	
  0.000000	  0.166667	  0.083333	  0.750000	
  0.000000	  0.000000	  1.000000	  0.000000	
  1.000000	  0.000000	  0.000000	  0.000000	
  0.916667	  0.000000	  0.083333	  0.000000	
  1.000000	  0.000000	  0.000000	  0.000000	
  0.083333	  0.000000	  0.916667	  0.000000	
  0.000000	  0.250000	  0.000000	  0.750000	

URL http://cisbp.ccbr.utoronto.ca/TFreport.php?searchTF=T069026_1.02

