MEME version 4

ALPHABET= ACGT

strands: + -

Background letter frequencies (from uniform background):
A 0.25000 C 0.25000 G 0.25000 T 0.25000 

MOTIF M0004_1.02 (estExt_fgenesh2_pg.C_330199)_(Cannabis_sativa)_(DBD_0.85)

letter-probability matrix: alength= 4 w= 8 nsites= 1 E= 0
  0.150033	  0.716511	  0.075058	  0.058397	
  0.025535	  0.012799	  0.948867	  0.012799	
  0.018926	  0.874057	  0.106954	  0.000063	
  0.018926	  0.974660	  0.006351	  0.000063	
  0.000063	  0.006351	  0.993524	  0.000063	
  0.058873	  0.627352	  0.137284	  0.176490	
  0.157922	  0.774278	  0.007592	  0.060207	
  0.488783	  0.066748	  0.299978	  0.144491	

URL http://cisbp.ccbr.utoronto.ca/TFreport.php?searchTF=T002783_1.02

MOTIF M0006_1.02 (e_gw1.13.1010.1)_(Arabidopsis_thaliana)_(DBD_0.81)

letter-probability matrix: alength= 4 w= 10 nsites= 1 E= 0
  0.248762	  0.390137	  0.266799	  0.094302	
  0.136992	  0.720483	  0.132943	  0.009582	
  0.384131	  0.000678	  0.614608	  0.000583	
  0.001029	  0.795182	  0.186526	  0.017263	
  0.001119	  0.955576	  0.000685	  0.042620	
  0.201865	  0.009185	  0.711658	  0.077293	
  0.164166	  0.679174	  0.079113	  0.077547	
  0.348470	  0.351972	  0.155019	  0.144539	
  0.253096	  0.163003	  0.425715	  0.158186	
  0.184070	  0.238726	  0.171626	  0.405579	

URL http://cisbp.ccbr.utoronto.ca/TFreport.php?searchTF=T002668_1.02

MOTIF M0010_1.02 (gw1.10.1176.1)_(Arabidopsis_thaliana)_(DBD_0.79)

letter-probability matrix: alength= 4 w= 8 nsites= 1 E= 0
  0.184463	  0.256582	  0.319720	  0.239235	
  0.105899	  0.380880	  0.185394	  0.327827	
  0.045557	  0.000794	  0.952379	  0.001270	
  0.037039	  0.782083	  0.054161	  0.126718	
  0.030180	  0.624644	  0.110740	  0.234436	
  0.136135	  0.093097	  0.701799	  0.068968	
  0.176688	  0.191404	  0.362994	  0.268913	
  0.199360	  0.485467	  0.097039	  0.218134	

URL http://cisbp.ccbr.utoronto.ca/TFreport.php?searchTF=T003348_1.02

MOTIF M0011_1.02 (gw1.85.227.1)_(Arabidopsis_thaliana)_(DBD_0.87)

letter-probability matrix: alength= 4 w= 8 nsites= 1 E= 0
  0.080136	  0.759592	  0.080136	  0.080136	
  0.014420	  0.000143	  0.985294	  0.000143	
  0.000143	  0.885351	  0.114363	  0.000143	
  0.000143	  0.985294	  0.014420	  0.000143	
  0.014420	  0.000143	  0.985294	  0.000143	
  0.057253	  0.642633	  0.185751	  0.114363	
  0.079473	  0.904346	  0.000159	  0.016022	
  0.581087	  0.023467	  0.279043	  0.116403	

URL http://cisbp.ccbr.utoronto.ca/TFreport.php?searchTF=T003434_1.02

MOTIF M0012_1.02 (gw1.22.574.1)_(Arabidopsis_thaliana)_(DBD_0.83)

letter-probability matrix: alength= 4 w= 10 nsites= 1 E= 0
  0.202071	  0.571703	  0.097380	  0.128846	
  0.038298	  0.000182	  0.958530	  0.002990	
  0.009314	  0.908214	  0.063528	  0.018944	
  0.113720	  0.807334	  0.031304	  0.047643	
  0.074758	  0.053210	  0.840713	  0.031320	
  0.153635	  0.452405	  0.150592	  0.243369	
  0.197442	  0.605132	  0.058291	  0.139135	
  0.448692	  0.175272	  0.184258	  0.191778	
  0.272738	  0.206131	  0.184659	  0.336471	
  0.290029	  0.206434	  0.192478	  0.311059	

URL http://cisbp.ccbr.utoronto.ca/TFreport.php?searchTF=T003383_1.02

MOTIF M0015_1.02 (gw1.0.866.1)_(Arabidopsis_thaliana)_(DBD_0.79)

letter-probability matrix: alength= 4 w= 9 nsites= 1 E= 0
  0.205690	  0.280443	  0.274890	  0.238978	
  0.219631	  0.420713	  0.181626	  0.178030	
  0.608067	  0.000074	  0.391617	  0.000242	
  0.020599	  0.948846	  0.026716	  0.003839	
  0.032289	  0.911179	  0.019390	  0.037142	
  0.064847	  0.000159	  0.855790	  0.079204	
  0.352874	  0.312971	  0.122255	  0.211899	
  0.215543	  0.381137	  0.150379	  0.252942	
  0.319425	  0.236636	  0.163453	  0.280486	

URL http://cisbp.ccbr.utoronto.ca/TFreport.php?searchTF=T003346_1.02

MOTIF M0016_1.02 (e_gw1.30.536.1)_(Arabidopsis_thaliana)_(DBD_0.90)

letter-probability matrix: alength= 4 w= 10 nsites= 1 E= 0
  0.180753	  0.553982	  0.128655	  0.136610	
  0.584029	  0.000181	  0.415695	  0.000095	
  0.000969	  0.933312	  0.065283	  0.000435	
  0.001168	  0.968011	  0.000091	  0.030730	
  0.093485	  0.006806	  0.786663	  0.113047	
  0.496772	  0.241805	  0.080490	  0.180934	
  0.098722	  0.822470	  0.000369	  0.078438	
  0.270589	  0.550376	  0.052489	  0.126546	
  0.468198	  0.141019	  0.160596	  0.230187	
  0.268544	  0.245430	  0.189239	  0.296787	

URL http://cisbp.ccbr.utoronto.ca/TFreport.php?searchTF=T002701_1.02

MOTIF M0018_1.02 (e_gw1.0.2871.1)_(Arabidopsis_thaliana)_(DBD_0.81)

letter-probability matrix: alength= 4 w= 10 nsites= 1 E= 0
  0.188766	  0.239969	  0.391705	  0.179560	
  0.100217	  0.435867	  0.346311	  0.117606	
  0.222731	  0.605446	  0.117444	  0.054378	
  0.014535	  0.000604	  0.912866	  0.071994	
  0.000191	  0.997296	  0.002004	  0.000509	
  0.042405	  0.950755	  0.003659	  0.003181	
  0.036094	  0.027553	  0.903365	  0.032987	
  0.170746	  0.518106	  0.100502	  0.210646	
  0.235827	  0.660568	  0.036712	  0.066893	
  0.477760	  0.132835	  0.239633	  0.149771	

URL http://cisbp.ccbr.utoronto.ca/TFreport.php?searchTF=T002661_1.02

MOTIF M0021_1.02 (gw1.38.178.1)_(Arabidopsis_thaliana)_(DBD_0.73)

letter-probability matrix: alength= 4 w= 8 nsites= 1 E= 0
  0.253340	  0.238587	  0.213734	  0.294339	
  0.238515	  0.217986	  0.263600	  0.279900	
  0.216235	  0.071978	  0.581939	  0.129848	
  0.114251	  0.501900	  0.244301	  0.139547	
  0.009576	  0.664640	  0.002269	  0.323515	
  0.203540	  0.004463	  0.777326	  0.014671	
  0.148179	  0.326497	  0.281018	  0.244306	
  0.239004	  0.346014	  0.225085	  0.189897	

URL http://cisbp.ccbr.utoronto.ca/TFreport.php?searchTF=T003410_1.02

MOTIF M0022_1.02 (fgenesh2_pg.C_scaffold_0000815)_(Arabidopsis_thaliana)_(DBD_0.79)

letter-probability matrix: alength= 4 w= 8 nsites= 1 E= 0
  0.168576	  0.516734	  0.224730	  0.089960	
  0.064801	  0.726482	  0.115147	  0.093570	
  0.023863	  0.017912	  0.952214	  0.006010	
  0.011961	  0.898655	  0.083373	  0.006010	
  0.011961	  0.976018	  0.011961	  0.000060	
  0.006010	  0.006010	  0.987920	  0.000060	
  0.056298	  0.662397	  0.131280	  0.150025	
  0.123116	  0.799831	  0.038527	  0.038527	

URL http://cisbp.ccbr.utoronto.ca/TFreport.php?searchTF=T002839_1.02

MOTIF M0025_1.02 (e_gw1.4.804.1)_(Arabidopsis_thaliana)_(DBD_0.81)

letter-probability matrix: alength= 4 w= 10 nsites= 1 E= 0
  0.176001	  0.377860	  0.270139	  0.176001	
  0.303125	  0.503085	  0.096895	  0.096895	
  0.000149	  0.000149	  0.999553	  0.000149	
  0.000149	  0.999553	  0.000149	  0.000149	
  0.000149	  0.999553	  0.000149	  0.000149	
  0.000149	  0.000149	  0.999553	  0.000149	
  0.000149	  0.999553	  0.000149	  0.000149	
  0.000149	  0.999553	  0.000149	  0.000149	
  0.359358	  0.074148	  0.492346	  0.074148	
  0.153254	  0.255523	  0.240734	  0.350489	

URL http://cisbp.ccbr.utoronto.ca/TFreport.php?searchTF=T002711_1.02

MOTIF M0028_1.02 (gw1.0.1788.1)_(Arabidopsis_thaliana)_(DBD_0.79)

letter-probability matrix: alength= 4 w= 9 nsites= 1 E= 0
  0.216684	  0.323255	  0.262026	  0.198035	
  0.297134	  0.470682	  0.113770	  0.118414	
  0.053650	  0.000097	  0.946225	  0.000029	
  0.057636	  0.832265	  0.047663	  0.062437	
  0.127082	  0.784331	  0.032617	  0.055971	
  0.205930	  0.092530	  0.618648	  0.082892	
  0.241989	  0.346850	  0.132807	  0.278354	
  0.128129	  0.680641	  0.066889	  0.124342	
  0.307220	  0.319757	  0.140831	  0.232192	

URL http://cisbp.ccbr.utoronto.ca/TFreport.php?searchTF=T003344_1.02

MOTIF M0034_1.02 (e_gw1.30.112.1)_(Arabidopsis_thaliana)_(DBD_0.83)

letter-probability matrix: alength= 4 w= 8 nsites= 1 E= 0
  0.000767	  0.077454	  0.000767	  0.921012	
  0.000623	  0.000623	  0.998130	  0.000623	
  0.000623	  0.000623	  0.000623	  0.998130	
  0.000623	  0.998130	  0.000623	  0.000623	
  0.000623	  0.000623	  0.998130	  0.000623	
  0.000623	  0.000623	  0.998130	  0.000623	
  0.000623	  0.250000	  0.000623	  0.748753	
  0.200199	  0.100598	  0.598606	  0.100598	

URL http://cisbp.ccbr.utoronto.ca/TFreport.php?searchTF=T002699_1.02

MOTIF M0044_1.02 (gw1.57.527.1)_(Oryza_sativa)_(DBD_0.79)

letter-probability matrix: alength= 4 w= 10 nsites= 1 E= 0
  0.228636	  0.247679	  0.252682	  0.271003	
  0.193820	  0.322766	  0.251370	  0.232044	
  0.226292	  0.344408	  0.240285	  0.189015	
  0.170262	  0.000111	  0.794205	  0.035422	
  0.020175	  0.635517	  0.309340	  0.034968	
  0.000005	  0.998696	  0.000681	  0.000617	
  0.000006	  0.000009	  0.999893	  0.000091	
  0.208791	  0.488498	  0.000437	  0.302274	
  0.304406	  0.320013	  0.158914	  0.216667	
  0.353046	  0.189919	  0.229660	  0.227375	

URL http://cisbp.ccbr.utoronto.ca/TFreport.php?searchTF=T003419_1.02

MOTIF M0075_1.02 (gw1.4.1720.1)_(Physcomitrella_patens)_(DBD_0.83)

letter-probability matrix: alength= 4 w= 8 nsites= 1 E= 0
  0.071937	  0.071937	  0.285613	  0.570513	
  0.000434	  0.000434	  0.998698	  0.000434	
  0.000434	  0.000434	  0.000434	  0.998698	
  0.000434	  0.998698	  0.000434	  0.000434	
  0.000434	  0.000434	  0.998698	  0.000434	
  0.000434	  0.000434	  0.998698	  0.000434	
  0.000434	  0.217448	  0.000434	  0.781684	
  0.117958	  0.000587	  0.704812	  0.176643	

URL http://cisbp.ccbr.utoronto.ca/TFreport.php?searchTF=T003413_1.02

MOTIF M0076_1.02 (gw1.3.1693.1)_(Ostreococcus_tauri)_(DBD_0.77)

letter-probability matrix: alength= 4 w= 8 nsites= 1 E= 0
  0.184280	  0.604890	  0.131703	  0.079127	
  0.000196	  0.000196	  0.999412	  0.000196	
  0.000196	  0.921042	  0.078566	  0.000196	
  0.000196	  0.979820	  0.019788	  0.000196	
  0.000196	  0.000196	  0.999412	  0.000196	
  0.019788	  0.705525	  0.215713	  0.058973	
  0.000204	  0.999388	  0.000204	  0.000204	
  0.580219	  0.032539	  0.322487	  0.064755	

URL http://cisbp.ccbr.utoronto.ca/TFreport.php?searchTF=T003402_1.02

MOTIF M0142_1.02 (fgenesh2_pg.C_scaffold_83000076)_(Saccharomyces_cerevisiae)_(DBD_0.50)

letter-probability matrix: alength= 4 w= 7 nsites= 1 E= 0
  0.282959	  0.248465	  0.245993	  0.222583	
  0.316659	  0.184532	  0.236944	  0.261864	
  0.377778	  0.112652	  0.209413	  0.300157	
  0.616393	  0.068985	  0.111484	  0.203138	
  0.675764	  0.042770	  0.063171	  0.218294	
  0.326032	  0.133887	  0.082023	  0.458058	
  0.321153	  0.137266	  0.112384	  0.429198	

URL http://cisbp.ccbr.utoronto.ca/TFreport.php?searchTF=T008827_1.02

MOTIF M0147_1.02 (e_gw1.55.235.1)_(Arabidopsis_thaliana)_(DBD_0.82)

letter-probability matrix: alength= 4 w= 9 nsites= 1 E= 0
  0.270286	  0.232638	  0.204278	  0.292798	
  0.224984	  0.258793	  0.106275	  0.409948	
  0.004011	  0.000000	  0.089936	  0.906053	
  0.038180	  0.001408	  0.899931	  0.060480	
  0.000090	  0.012865	  0.000229	  0.986816	
  0.053557	  0.863282	  0.001650	  0.081511	
  0.061072	  0.027441	  0.797958	  0.113529	
  0.121391	  0.138244	  0.651331	  0.089034	
  0.227842	  0.336519	  0.216730	  0.218909	

URL http://cisbp.ccbr.utoronto.ca/TFreport.php?searchTF=T010073_1.02

MOTIF M0156_1.02 (gw1.38.291.1)_(Arabidopsis_thaliana)_(DBD_0.90)

letter-probability matrix: alength= 4 w= 10 nsites= 1 E= 0
  0.287752	  0.219802	  0.295644	  0.196803	
  0.143693	  0.275383	  0.279230	  0.301693	
  0.020717	  0.940292	  0.014443	  0.024547	
  0.956610	  0.000000	  0.026694	  0.016696	
  0.001633	  0.907850	  0.000000	  0.090517	
  0.090517	  0.000000	  0.907850	  0.001633	
  0.016696	  0.026694	  0.000000	  0.956610	
  0.024547	  0.014443	  0.940292	  0.020717	
  0.301693	  0.279230	  0.275383	  0.143693	
  0.196803	  0.295644	  0.219802	  0.287752	

URL http://cisbp.ccbr.utoronto.ca/TFreport.php?searchTF=T020136_1.02

MOTIF M0162_1.02 (e_gw1.47.312.1)_(Arabidopsis_thaliana)_(DBD_0.92)

letter-probability matrix: alength= 4 w= 9 nsites= 1 E= 0
  0.201693	  0.426983	  0.207835	  0.163489	
  0.047111	  0.568222	  0.255318	  0.129349	
  0.000066	  0.960953	  0.000199	  0.038781	
  0.884695	  0.000250	  0.099012	  0.016043	
  0.009243	  0.910410	  0.000197	  0.080150	
  0.087807	  0.000359	  0.911543	  0.000291	
  0.000266	  0.012004	  0.000161	  0.987569	
  0.084366	  0.115027	  0.724270	  0.076337	
  0.220745	  0.300970	  0.236751	  0.241534	

URL http://cisbp.ccbr.utoronto.ca/TFreport.php?searchTF=T019043_1.02

MOTIF M0167_1.02 (estExt_Genewise1Plus.C_20067)_(Arabidopsis_thaliana)_(DBD_0.71)

letter-probability matrix: alength= 4 w= 10 nsites= 1 E= 0
  0.253826	  0.204611	  0.300345	  0.241217	
  0.269239	  0.227841	  0.333994	  0.168926	
  0.129932	  0.796278	  0.018776	  0.055015	
  0.681995	  0.084955	  0.120074	  0.112976	
  0.002241	  0.864955	  0.000000	  0.132804	
  0.132804	  0.000000	  0.864955	  0.002241	
  0.112976	  0.120074	  0.084955	  0.681995	
  0.055015	  0.018776	  0.796278	  0.129932	
  0.168926	  0.333994	  0.227841	  0.269239	
  0.241217	  0.300345	  0.204611	  0.253826	

URL http://cisbp.ccbr.utoronto.ca/TFreport.php?searchTF=T019397_1.02

MOTIF M0229_1.02 (estExt_fgenesh2_pg.C_300009)_(Oryza_sativa)_(DBD_0.75)

letter-probability matrix: alength= 4 w= 9 nsites= 1 E= 0
  0.221115	  0.250179	  0.306228	  0.222477	
  0.000142	  0.999574	  0.000142	  0.000142	
  0.177014	  0.822701	  0.000142	  0.000142	
  0.999574	  0.000142	  0.000142	  0.000142	
  0.000142	  0.999574	  0.000142	  0.000142	
  0.000142	  0.000142	  0.000142	  0.999574	
  0.000142	  0.000142	  0.000142	  0.999574	
  0.000142	  0.000142	  0.999574	  0.000142	
  0.217847	  0.343012	  0.216602	  0.222539	

URL http://cisbp.ccbr.utoronto.ca/TFreport.php?searchTF=T019271_1.02

MOTIF M0250_1.02 (estExt_fgenesh2_pg.C_470207)_(Physcomitrella_patens)_(DBD_0.98)

letter-probability matrix: alength= 4 w= 10 nsites= 1 E= 0
  0.249633	  0.272331	  0.222488	  0.255548	
  0.207994	  0.230574	  0.392066	  0.169365	
  0.105898	  0.844263	  0.012262	  0.037577	
  0.923118	  0.000000	  0.010419	  0.066463	
  0.021853	  0.939508	  0.000000	  0.038640	
  0.038640	  0.000000	  0.939508	  0.021853	
  0.066463	  0.010419	  0.000000	  0.923118	
  0.037577	  0.012262	  0.844263	  0.105898	
  0.169365	  0.392066	  0.230574	  0.207994	
  0.255548	  0.222488	  0.272331	  0.249633	

URL http://cisbp.ccbr.utoronto.ca/TFreport.php?searchTF=T019283_1.02

MOTIF M0252_1.02 (gw1.7.1432.1)_(Physcomitrella_patens)_(DBD_0.98)

letter-probability matrix: alength= 4 w= 8 nsites= 1 E= 0
  0.154141	  0.460890	  0.154141	  0.230828	
  0.000525	  0.998424	  0.000525	  0.000525	
  0.998424	  0.000525	  0.000525	  0.000525	
  0.000525	  0.998424	  0.000525	  0.000525	
  0.053046	  0.000525	  0.945903	  0.000525	
  0.000525	  0.000525	  0.000525	  0.998424	
  0.000525	  0.000525	  0.998424	  0.000525	
  0.143162	  0.641738	  0.071937	  0.143162	

URL http://cisbp.ccbr.utoronto.ca/TFreport.php?searchTF=T020164_1.02

MOTIF M0256_1.02 (estExt_fgenesh1_pm.C_50157)_(Arabidopsis_thaliana)_(DBD_0.68)

letter-probability matrix: alength= 4 w= 13 nsites= 1 E= 0
  0.230716	  0.307853	  0.230716	  0.230716	
  0.307853	  0.230716	  0.230716	  0.230716	
  0.191026	  0.267809	  0.191026	  0.350139	
  0.274155	  0.120235	  0.403400	  0.202210	
  0.699118	  0.177248	  0.102805	  0.020830	
  0.000187	  0.840327	  0.000187	  0.159300	
  0.999440	  0.000187	  0.000187	  0.000187	
  0.000187	  0.917465	  0.000187	  0.082162	
  0.019471	  0.019471	  0.941587	  0.019471	
  0.019471	  0.019471	  0.019471	  0.941587	
  0.218043	  0.059161	  0.663636	  0.059161	
  0.212525	  0.129952	  0.286897	  0.370626	
  0.229357	  0.229357	  0.229357	  0.311929	

URL http://cisbp.ccbr.utoronto.ca/TFreport.php?searchTF=T028930_1.02

MOTIF M0260_1.02 (e_gw1.2.835.1)_(Arabidopsis_thaliana)_(DBD_0.78)

letter-probability matrix: alength= 4 w= 10 nsites= 1 E= 0
  0.126879	  0.288079	  0.114805	  0.470236	
  0.092572	  0.000049	  0.719089	  0.188290	
  0.570751	  0.427072	  0.002175	  0.000002	
  0.007997	  0.971697	  0.000038	  0.020268	
  0.936294	  0.035943	  0.003428	  0.024335	
  0.213387	  0.009807	  0.767477	  0.009329	
  0.024153	  0.681583	  0.076281	  0.217983	
  0.014037	  0.079976	  0.033173	  0.872814	
  0.188407	  0.077370	  0.664215	  0.070008	
  0.087413	  0.060379	  0.387858	  0.464350	

URL http://cisbp.ccbr.utoronto.ca/TFreport.php?searchTF=T028710_1.02

MOTIF M0264_1.02 (gw1.13.564.1)_(Arabidopsis_thaliana)_(DBD_0.58)

letter-probability matrix: alength= 4 w= 10 nsites= 1 E= 0
  0.199909	  0.319853	  0.108621	  0.371617	
  0.102298	  0.269858	  0.329605	  0.298239	
  0.727684	  0.087345	  0.103531	  0.081440	
  0.042557	  0.652527	  0.169161	  0.135755	
  0.074387	  0.175789	  0.658053	  0.091770	
  0.047848	  0.043294	  0.012782	  0.896076	
  0.072855	  0.000402	  0.887552	  0.039192	
  0.001078	  0.059454	  0.541965	  0.397503	
  0.330076	  0.407207	  0.142497	  0.120220	
  0.325537	  0.283008	  0.185949	  0.205506	

URL http://cisbp.ccbr.utoronto.ca/TFreport.php?searchTF=T029787_1.02

MOTIF M0265_1.02 (fgenesh1_pm.C_scaffold_12000074)_(Arabidopsis_thaliana)_(DBD_0.90)

letter-probability matrix: alength= 4 w= 10 nsites= 1 E= 0
  0.209848	  0.209848	  0.329526	  0.250778	
  0.428108	  0.210770	  0.209174	  0.151947	
  0.000030	  0.000030	  0.000030	  0.999911	
  0.000030	  0.000030	  0.999911	  0.000030	
  0.999911	  0.000030	  0.000030	  0.000030	
  0.000030	  0.999911	  0.000030	  0.000030	
  0.000030	  0.000030	  0.999911	  0.000030	
  0.000030	  0.000030	  0.000030	  0.999911	
  0.277211	  0.598952	  0.083656	  0.040182	
  0.665467	  0.098082	  0.138368	  0.098082	

URL http://cisbp.ccbr.utoronto.ca/TFreport.php?searchTF=T029375_1.02

MOTIF M0268_1.02 (e_gw1.142.107.1)_(Arabidopsis_thaliana)_(DBD_0.73)

letter-probability matrix: alength= 4 w= 10 nsites= 1 E= 0
  0.194982	  0.331261	  0.073179	  0.400578	
  0.062566	  0.319327	  0.401905	  0.216203	
  0.863019	  0.035889	  0.054078	  0.047014	
  0.016012	  0.783149	  0.111422	  0.089418	
  0.057917	  0.135505	  0.756729	  0.049849	
  0.020596	  0.026183	  0.004505	  0.948716	
  0.045651	  0.000000	  0.954344	  0.000005	
  0.000119	  0.051604	  0.610088	  0.338188	
  0.279665	  0.535709	  0.102883	  0.081744	
  0.362040	  0.293464	  0.151677	  0.192819	

URL http://cisbp.ccbr.utoronto.ca/TFreport.php?searchTF=T028675_1.02

MOTIF M0359_1.02 (estExt_fgenesh1_kg.C_10041)_(PBM_CONSTRUCTS)_(DBD_0.73)

letter-probability matrix: alength= 4 w= 12 nsites= 1 E= 0
  0.225796	  0.225796	  0.322612	  0.225796	
  0.278231	  0.305134	  0.208318	  0.208318	
  0.192260	  0.202200	  0.090785	  0.514756	
  0.046572	  0.360880	  0.470543	  0.122005	
  0.999801	  0.000066	  0.000066	  0.000066	
  0.000066	  0.999801	  0.000066	  0.000066	
  0.000066	  0.000066	  0.999801	  0.000066	
  0.000066	  0.000066	  0.000066	  0.999801	
  0.024270	  0.024270	  0.927189	  0.024270	
  0.041749	  0.041749	  0.529962	  0.386541	
  0.159282	  0.522155	  0.159282	  0.159282	
  0.389517	  0.203494	  0.203494	  0.203494	

URL http://cisbp.ccbr.utoronto.ca/TFreport.php?searchTF=T028792_1.02

MOTIF M0372_1.02 (gw1.20.334.1)_(Arabidopsis_thaliana)_(DBD_0.74)

letter-probability matrix: alength= 4 w= 7 nsites= 1 E= 0
  0.210647	  0.232801	  0.314249	  0.242302	
  0.782719	  0.001250	  0.097785	  0.118247	
  0.002555	  0.402685	  0.588841	  0.005919	
  0.073262	  0.068995	  0.000226	  0.857516	
  0.214628	  0.048857	  0.644779	  0.091735	
  0.297532	  0.127170	  0.222632	  0.352666	
  0.284810	  0.226291	  0.273643	  0.215255	

URL http://cisbp.ccbr.utoronto.ca/TFreport.php?searchTF=T065955_1.02

MOTIF M0582_1.02 (estExt_fgenesh2_pg.C_180125)_(Arabidopsis_thaliana)_(DBD_0.74)

letter-probability matrix: alength= 4 w= 9 nsites= 1 E= 0
  0.312611	  0.203356	  0.220293	  0.263739	
  0.326944	  0.237410	  0.175878	  0.259768	
  0.392951	  0.120746	  0.243152	  0.243152	
  0.219861	  0.438339	  0.305819	  0.035981	
  0.026347	  0.954655	  0.007624	  0.011374	
  0.018307	  0.010562	  0.969973	  0.001159	
  0.031325	  0.681579	  0.007202	  0.279894	
  0.007983	  0.006601	  0.969971	  0.015445	
  0.007485	  0.010945	  0.053674	  0.927896	

URL http://cisbp.ccbr.utoronto.ca/TFreport.php?searchTF=T071713_1.02

MOTIF M0677_1.02 (e_gw1.151.5.1)_(Physcomitrella_patens)_(DBD_0.94)

letter-probability matrix: alength= 4 w= 10 nsites= 1 E= 0
  0.233790	  0.138993	  0.425993	  0.201225	
  0.151778	  0.438088	  0.392454	  0.017680	
  0.020553	  0.048571	  0.839679	  0.091197	
  0.006893	  0.992712	  0.000031	  0.000364	
  0.013922	  0.000083	  0.985791	  0.000205	
  0.013288	  0.979343	  0.002765	  0.004604	
  0.083385	  0.551953	  0.224407	  0.140255	
  0.409276	  0.238505	  0.118438	  0.233782	
  0.379447	  0.181039	  0.122574	  0.316940	
  0.306627	  0.222657	  0.201468	  0.269248	

URL http://cisbp.ccbr.utoronto.ca/TFreport.php?searchTF=T077090_1.02

MOTIF M0684_1.02 (e_gw1.43.121.1)_(Physcomitrella_patens)_(DBD_0.81)

letter-probability matrix: alength= 4 w= 10 nsites= 1 E= 0
  0.281120	  0.246850	  0.239555	  0.232475	
  0.422281	  0.238811	  0.222666	  0.116242	
  0.145921	  0.193073	  0.086753	  0.574252	
  0.095688	  0.060406	  0.686144	  0.157762	
  0.323428	  0.223402	  0.073624	  0.379546	
  0.727066	  0.080561	  0.014865	  0.177508	
  0.133486	  0.413227	  0.023196	  0.430091	
  0.152687	  0.419217	  0.198024	  0.230071	
  0.237390	  0.194359	  0.210546	  0.357704	
  0.292491	  0.198033	  0.270004	  0.239472	

URL http://cisbp.ccbr.utoronto.ca/TFreport.php?searchTF=T077407_1.02

MOTIF M0761_1.02 (estExt_fgenesh2_pg.C_90061)_(Arabidopsis_thaliana)_(DBD_0.78)

letter-probability matrix: alength= 4 w= 9 nsites= 1 E= 0
  0.206270	  0.281233	  0.216845	  0.295652	
  0.307628	  0.200115	  0.283976	  0.208281	
  0.181545	  0.287581	  0.066122	  0.464752	
  0.039888	  0.037565	  0.903324	  0.019222	
  0.980482	  0.000346	  0.000481	  0.018691	
  0.003138	  0.000782	  0.000355	  0.995726	
  0.054994	  0.663297	  0.155590	  0.126119	
  0.324320	  0.200684	  0.268200	  0.206796	
  0.269225	  0.238782	  0.280213	  0.211780	

URL http://cisbp.ccbr.utoronto.ca/TFreport.php?searchTF=T085477_1.02

MOTIF M0762_1.02 (estExt_Genewise1Plus.C_380364)_(Arabidopsis_thaliana)_(DBD_0.87)

letter-probability matrix: alength= 4 w= 7 nsites= 1 E= 0
  0.450341	  0.225880	  0.111053	  0.212726	
  0.001226	  0.003435	  0.957098	  0.038241	
  0.972237	  0.001615	  0.000368	  0.025780	
  0.000335	  0.000738	  0.000485	  0.998442	
  0.090259	  0.400489	  0.271154	  0.238099	
  0.285085	  0.194959	  0.240516	  0.279440	
  0.309814	  0.170029	  0.258778	  0.261379	

URL http://cisbp.ccbr.utoronto.ca/TFreport.php?searchTF=T085557_1.02

MOTIF M0770_1.02 (gw1.0.1826.1)_(Arabidopsis_thaliana)_(DBD_0.89)

letter-probability matrix: alength= 4 w= 10 nsites= 1 E= 0
  0.328343	  0.169035	  0.219501	  0.283121	
  0.211913	  0.328631	  0.142583	  0.316873	
  0.439586	  0.186507	  0.226876	  0.147031	
  0.206769	  0.163146	  0.479655	  0.150430	
  0.739393	  0.025832	  0.034627	  0.200147	
  0.200147	  0.034627	  0.025832	  0.739393	
  0.150430	  0.479655	  0.163146	  0.206769	
  0.147031	  0.226876	  0.186507	  0.439586	
  0.316873	  0.142583	  0.328631	  0.211913	
  0.283121	  0.219501	  0.169035	  0.328343	

URL http://cisbp.ccbr.utoronto.ca/TFreport.php?searchTF=T085782_1.02

MOTIF M0840_1.02 (fgenesh2_pg.C_scaffold_26000221)_(Arabidopsis_thaliana)_(DBD_0.72)

letter-probability matrix: alength= 4 w= 10 nsites= 1 E= 0
  0.387617	  0.167338	  0.221410	  0.223635	
  0.198422	  0.308091	  0.340493	  0.152994	
  0.340339	  0.379913	  0.134282	  0.145466	
  0.150687	  0.300427	  0.131001	  0.417885	
  0.120155	  0.004432	  0.811419	  0.063994	
  0.083166	  0.000002	  0.000074	  0.916758	
  0.103051	  0.776832	  0.040659	  0.079458	
  0.588028	  0.074947	  0.139320	  0.197705	
  0.294540	  0.285835	  0.201425	  0.218201	
  0.285359	  0.240748	  0.205152	  0.268741	

URL http://cisbp.ccbr.utoronto.ca/TFreport.php?searchTF=T101566_1.02

MOTIF M0848_1.02 (estExt_Genewise1.C_01157)_(Arabidopsis_thaliana)_(DBD_0.84)

letter-probability matrix: alength= 4 w= 8 nsites= 1 E= 0
  0.124179	  0.354859	  0.337553	  0.183409	
  0.058938	  0.542665	  0.027289	  0.371108	
  0.846022	  0.068755	  0.012943	  0.072280	
  0.854798	  0.062857	  0.028244	  0.054102	
  0.046219	  0.061768	  0.000087	  0.891926	
  0.108845	  0.757426	  0.056257	  0.077473	
  0.815574	  0.034949	  0.058200	  0.091276	
  0.325215	  0.156724	  0.120842	  0.397219	

URL http://cisbp.ccbr.utoronto.ca/TFreport.php?searchTF=T101324_1.02

MOTIF M0855_1.02 (e_gw1.140.10.1)_(Arabidopsis_thaliana)_(DBD_0.88)

letter-probability matrix: alength= 4 w= 10 nsites= 1 E= 0
  0.388403	  0.167678	  0.228616	  0.215303	
  0.194750	  0.344370	  0.334193	  0.126687	
  0.288883	  0.457611	  0.155403	  0.098103	
  0.122551	  0.241901	  0.172178	  0.463371	
  0.079750	  0.000221	  0.887929	  0.032101	
  0.025325	  0.000048	  0.000237	  0.974389	
  0.058034	  0.872212	  0.033483	  0.036271	
  0.550285	  0.131688	  0.185015	  0.133012	
  0.252361	  0.296148	  0.188832	  0.262660	
  0.281983	  0.240290	  0.217424	  0.260303	

URL http://cisbp.ccbr.utoronto.ca/TFreport.php?searchTF=T100922_1.02

MOTIF M1195_1.02 (gw1.18.263.1)_(Physcomitrella_patens)_(DBD_0.89)

letter-probability matrix: alength= 4 w= 10 nsites= 1 E= 0
  0.152796	  0.454458	  0.114332	  0.278413	
  0.662290	  0.180495	  0.153808	  0.003407	
  0.888120	  0.108756	  0.000092	  0.003032	
  0.000008	  0.000019	  0.000002	  0.999971	
  0.313012	  0.325786	  0.178795	  0.182407	
  0.926033	  0.000000	  0.073767	  0.000200	
  0.126891	  0.144508	  0.130756	  0.597845	
  0.217089	  0.113330	  0.308064	  0.361516	
  0.227081	  0.258606	  0.300457	  0.213856	
  0.231646	  0.243523	  0.325451	  0.199380	

URL http://cisbp.ccbr.utoronto.ca/TFreport.php?searchTF=T102004_1.02

MOTIF M1209_1.02 (gw1.2.104.1)_(Zea_mays)_(DBD_0.76)

letter-probability matrix: alength= 4 w= 8 nsites= 1 E= 0
  0.109463	  0.234385	  0.156309	  0.499844	
  0.056906	  0.772490	  0.000114	  0.170491	
  0.989704	  0.010096	  0.000100	  0.000100	
  0.979708	  0.000100	  0.020092	  0.000100	
  0.010096	  0.000100	  0.000100	  0.989704	
  0.000100	  0.699820	  0.000100	  0.299980	
  0.947075	  0.010627	  0.000105	  0.042193	
  0.550550	  0.101535	  0.202926	  0.144988	

URL http://cisbp.ccbr.utoronto.ca/TFreport.php?searchTF=T102013_1.02

MOTIF M1211_1.02 (estExt_Genewise1.C_870284)_(Zea_mays)_(DBD_0.73)

letter-probability matrix: alength= 4 w= 8 nsites= 1 E= 0
  0.096272	  0.346080	  0.538240	  0.019408	
  0.347769	  0.565035	  0.029114	  0.058082	
  0.040112	  0.319963	  0.040112	  0.599813	
  0.000132	  0.000132	  0.999605	  0.000132	
  0.026433	  0.000132	  0.000132	  0.973304	
  0.000132	  0.986454	  0.013282	  0.000132	
  0.938038	  0.000154	  0.046279	  0.015529	
  0.285680	  0.333254	  0.119172	  0.261893	

URL http://cisbp.ccbr.utoronto.ca/TFreport.php?searchTF=T101341_1.02

MOTIF M1274_1.02 (gw1.64.365.1)_(Arabidopsis_thaliana)_(DBD_0.83)

letter-probability matrix: alength= 4 w= 10 nsites= 1 E= 0
  0.389733	  0.203458	  0.285848	  0.120960	
  0.472670	  0.110874	  0.244300	  0.172155	
  0.254581	  0.354114	  0.131581	  0.259724	
  0.197262	  0.370381	  0.366695	  0.065663	
  0.069990	  0.763836	  0.143790	  0.022384	
  0.064963	  0.140305	  0.775743	  0.018988	
  0.092794	  0.228237	  0.639307	  0.039662	
  0.213544	  0.300019	  0.355614	  0.130823	
  0.278886	  0.176056	  0.369002	  0.176056	
  0.302500	  0.179843	  0.293560	  0.224098	

URL http://cisbp.ccbr.utoronto.ca/TFreport.php?searchTF=T108675_1.02

MOTIF M1275_1.02 (gw1.43.535.1)_(Physcomitrella_patens)_(DBD_0.81)

letter-probability matrix: alength= 4 w= 10 nsites= 1 E= 0
  0.398276	  0.182572	  0.248923	  0.170229	
  0.415037	  0.148171	  0.177393	  0.259399	
  0.348590	  0.169677	  0.166317	  0.315417	
  0.293163	  0.177812	  0.125302	  0.403723	
  0.178670	  0.283027	  0.160059	  0.378245	
  0.266023	  0.302955	  0.341581	  0.089441	
  0.134815	  0.598186	  0.130830	  0.136170	
  0.001443	  0.048266	  0.950256	  0.000035	
  0.030460	  0.256313	  0.630429	  0.082798	
  0.301469	  0.208235	  0.225578	  0.264718	

URL http://cisbp.ccbr.utoronto.ca/TFreport.php?searchTF=T108668_1.02

MOTIF M1293_1.02 (e_gw1.38.434.1)_(Medicago_truncatula)_(DBD_0.72)

letter-probability matrix: alength= 4 w= 10 nsites= 1 E= 0
  0.127769	  0.273205	  0.144059	  0.454967	
  0.167273	  0.116702	  0.070783	  0.645242	
  0.661238	  0.066961	  0.146074	  0.125727	
  0.916772	  0.049942	  0.000142	  0.033144	
  0.017638	  0.925237	  0.004665	  0.052460	
  0.057493	  0.585035	  0.033171	  0.324301	
  0.351636	  0.299644	  0.215421	  0.133299	
  0.238186	  0.260617	  0.260617	  0.240580	
  0.354235	  0.192474	  0.284280	  0.169011	
  0.206221	  0.270143	  0.333269	  0.190366	

URL http://cisbp.ccbr.utoronto.ca/TFreport.php?searchTF=T110467_1.02

MOTIF M1303_1.02 (e_gw1.2.1408.1)_(Cannabis_sativa)_(DBD_0.98)

letter-probability matrix: alength= 4 w= 9 nsites= 1 E= 0
  0.250000	  0.250000	  0.250000	  0.250000	
  0.995033	  0.001656	  0.001656	  0.001656	
  0.001244	  0.001244	  0.996269	  0.001244	
  0.996269	  0.001244	  0.001244	  0.001244	
  0.001244	  0.001244	  0.001244	  0.996269	
  0.996269	  0.001244	  0.001244	  0.001244	
  0.001244	  0.001244	  0.001244	  0.996269	
  0.001244	  0.001244	  0.001244	  0.996269	
  0.497525	  0.002475	  0.002475	  0.497525	

URL http://cisbp.ccbr.utoronto.ca/TFreport.php?searchTF=T122680_1.02

MOTIF M1307_1.02 (fgenesh2_pg.C_scaffold_3000622)_(Cannabis_sativa)_(DBD_0.90)

letter-probability matrix: alength= 4 w= 8 nsites= 1 E= 0
  0.158088	  0.263130	  0.578256	  0.000525	
  0.000434	  0.000434	  0.998698	  0.000434	
  0.651476	  0.304253	  0.000434	  0.043837	
  0.998698	  0.000434	  0.000434	  0.000434	
  0.000434	  0.000434	  0.000434	  0.998698	
  0.130642	  0.868490	  0.000434	  0.000434	
  0.000475	  0.000475	  0.000475	  0.998574	
  0.266622	  0.133644	  0.067154	  0.532580	

URL http://cisbp.ccbr.utoronto.ca/TFreport.php?searchTF=T123442_1.02

MOTIF M1314_1.02 (e_gw1.119.48.1)_(Cannabis_sativa)_(DBD_0.88)

letter-probability matrix: alength= 4 w= 10 nsites= 1 E= 0
  0.272187	  0.216262	  0.236628	  0.274923	
  0.243006	  0.279524	  0.136059	  0.341411	
  0.299018	  0.092805	  0.539425	  0.068752	
  0.066812	  0.027164	  0.864267	  0.041758	
  0.836790	  0.047922	  0.071491	  0.043797	
  0.049210	  0.030756	  0.025690	  0.894344	
  0.573220	  0.126630	  0.120454	  0.179696	
  0.542125	  0.054899	  0.236393	  0.166583	
  0.209465	  0.240942	  0.352326	  0.197267	
  0.252500	  0.196647	  0.361916	  0.188937	

URL http://cisbp.ccbr.utoronto.ca/TFreport.php?searchTF=T122627_1.02

MOTIF M1321_1.02 (gw1.6.1186.1)_(Arabidopsis_thaliana)_(DBD_0.96)

letter-probability matrix: alength= 4 w= 10 nsites= 1 E= 0
  0.292233	  0.212205	  0.272477	  0.223085	
  0.236980	  0.241767	  0.256717	  0.264536	
  0.315719	  0.211633	  0.309468	  0.163180	
  0.067428	  0.082356	  0.758283	  0.091933	
  0.493557	  0.119300	  0.151660	  0.235483	
  0.951433	  0.002430	  0.025482	  0.020655	
  0.082640	  0.057082	  0.002374	  0.857904	
  0.229967	  0.594628	  0.083758	  0.091646	
  0.216027	  0.169933	  0.128432	  0.485608	
  0.263156	  0.222015	  0.209086	  0.305743	

URL http://cisbp.ccbr.utoronto.ca/TFreport.php?searchTF=T124404_1.02

MOTIF M1323_1.02 (gw1.23.864.1)_(Arabidopsis_thaliana)_(DBD_0.88)

letter-probability matrix: alength= 4 w= 10 nsites= 1 E= 0
  0.364522	  0.151198	  0.182836	  0.301445	
  0.635951	  0.060650	  0.074078	  0.229321	
  0.026881	  0.006306	  0.766190	  0.200623	
  0.977092	  0.001056	  0.017023	  0.004829	
  0.004451	  0.000130	  0.000052	  0.995367	
  0.166117	  0.097777	  0.200877	  0.535228	
  0.005892	  0.985897	  0.000098	  0.008114	
  0.016491	  0.451606	  0.238129	  0.293774	
  0.242312	  0.295961	  0.204430	  0.257296	
  0.231762	  0.261310	  0.132384	  0.374544	

URL http://cisbp.ccbr.utoronto.ca/TFreport.php?searchTF=T124341_1.02

MOTIF M1337_1.02 (gw1.1.942.1)_(Arabidopsis_thaliana)_(DBD_0.96)

letter-probability matrix: alength= 4 w= 11 nsites= 1 E= 0
  0.325083	  0.224972	  0.224972	  0.224972	
  0.248785	  0.260211	  0.048443	  0.442561	
  0.825532	  0.024528	  0.024528	  0.125413	
  0.000222	  0.000222	  0.999335	  0.000222	
  0.999335	  0.000222	  0.000222	  0.000222	
  0.000222	  0.000222	  0.000222	  0.999335	
  0.287819	  0.317618	  0.000222	  0.394341	
  0.000222	  0.776894	  0.000222	  0.222663	
  0.025249	  0.025249	  0.723019	  0.226482	
  0.299003	  0.201779	  0.297439	  0.201779	
  0.322918	  0.225694	  0.225694	  0.225694	

URL http://cisbp.ccbr.utoronto.ca/TFreport.php?searchTF=T124319_1.02

MOTIF M1340_1.02 (estExt_fgenesh2_pg.C_200114)_(Arabidopsis_thaliana)_(DBD_0.94)

letter-probability matrix: alength= 4 w= 10 nsites= 1 E= 0
  0.406571	  0.161998	  0.273205	  0.158226	
  0.258136	  0.112894	  0.425075	  0.203895	
  0.444515	  0.149722	  0.148379	  0.257383	
  0.554184	  0.075651	  0.144100	  0.226065	
  0.125555	  0.134751	  0.013256	  0.726437	
  0.726437	  0.013256	  0.134751	  0.125555	
  0.226065	  0.144100	  0.075651	  0.554184	
  0.257383	  0.148379	  0.149722	  0.444515	
  0.203895	  0.425075	  0.112894	  0.258136	
  0.158226	  0.273205	  0.161998	  0.406571	

URL http://cisbp.ccbr.utoronto.ca/TFreport.php?searchTF=T123004_1.02

MOTIF M1351_1.02 (gw1.0.2793.1)_(Dictyostelium_discoideum)_(DBD_0.91)

letter-probability matrix: alength= 4 w= 8 nsites= 1 E= 0
  0.676220	  0.088330	  0.132422	  0.103028	
  0.000116	  0.000116	  0.988029	  0.011739	
  0.988166	  0.011604	  0.000115	  0.000115	
  0.000115	  0.000115	  0.000115	  0.999655	
  0.942210	  0.023093	  0.000115	  0.034582	
  0.023361	  0.046606	  0.011739	  0.918294	
  0.088330	  0.132422	  0.088330	  0.690917	
  0.295413	  0.113760	  0.045640	  0.545186	

URL http://cisbp.ccbr.utoronto.ca/TFreport.php?searchTF=T124259_1.02

MOTIF M1363_1.02 (fgenesh2_pg.C_scaffold_0000045)_(Oryza_sativa)_(DBD_0.92)

letter-probability matrix: alength= 4 w= 10 nsites= 1 E= 0
  0.264272	  0.232056	  0.236744	  0.266928	
  0.459174	  0.131556	  0.192372	  0.216899	
  0.056905	  0.057476	  0.659429	  0.226190	
  0.856224	  0.017506	  0.073151	  0.053119	
  0.064952	  0.029478	  0.022279	  0.883290	
  0.211654	  0.207463	  0.105104	  0.475779	
  0.025195	  0.894840	  0.024450	  0.055515	
  0.146841	  0.383503	  0.212586	  0.257070	
  0.224166	  0.293650	  0.271073	  0.211112	
  0.221394	  0.292932	  0.225866	  0.259808	

URL http://cisbp.ccbr.utoronto.ca/TFreport.php?searchTF=T123430_1.02

MOTIF M1365_1.02 (gw1.4.555.1)_(Oryza_sativa)_(DBD_0.89)

letter-probability matrix: alength= 4 w= 9 nsites= 1 E= 0
  0.283632	  0.223113	  0.241695	  0.251559	
  0.564520	  0.113975	  0.191708	  0.129797	
  0.026211	  0.000124	  0.959280	  0.014385	
  0.991002	  0.002157	  0.005982	  0.000860	
  0.007420	  0.004281	  0.001794	  0.986506	
  0.715668	  0.078509	  0.012721	  0.193102	
  0.071293	  0.225158	  0.085354	  0.618195	
  0.135072	  0.133728	  0.155370	  0.575829	
  0.221195	  0.204189	  0.120186	  0.454430	

URL http://cisbp.ccbr.utoronto.ca/TFreport.php?searchTF=T124384_1.02

MOTIF M1384_1.02 (e_gw1.11.556.1)_(Physcomitrella_patens)_(DBD_0.90)

letter-probability matrix: alength= 4 w= 10 nsites= 1 E= 0
  0.340720	  0.192686	  0.244952	  0.221642	
  0.183826	  0.291194	  0.321820	  0.203160	
  0.281884	  0.384327	  0.200636	  0.133152	
  0.343039	  0.124941	  0.472408	  0.059611	
  0.421097	  0.043072	  0.247860	  0.287972	
  0.992667	  0.000040	  0.002436	  0.004857	
  0.006857	  0.003616	  0.001888	  0.987639	
  0.070629	  0.886646	  0.002381	  0.040344	
  0.180733	  0.184384	  0.143599	  0.491284	
  0.256588	  0.232171	  0.197843	  0.313398	

URL http://cisbp.ccbr.utoronto.ca/TFreport.php?searchTF=T122624_1.02

MOTIF M1388_1.02 (e_gw1.101.49.1)_(Physcomitrella_patens)_(DBD_0.92)

letter-probability matrix: alength= 4 w= 9 nsites= 1 E= 0
  0.198363	  0.308000	  0.206459	  0.287178	
  0.223986	  0.138599	  0.545434	  0.091981	
  0.007053	  0.026935	  0.937696	  0.028316	
  0.762314	  0.065128	  0.171805	  0.000753	
  0.000640	  0.043090	  0.028030	  0.928240	
  0.427217	  0.151002	  0.229819	  0.191961	
  0.431642	  0.093466	  0.301146	  0.173746	
  0.190550	  0.252122	  0.368674	  0.188654	
  0.210875	  0.198595	  0.424650	  0.165880	

URL http://cisbp.ccbr.utoronto.ca/TFreport.php?searchTF=T122617_1.02

MOTIF M1400_1.02 (e_gw1.30.230.1)_(Arabidopsis_thaliana)_(DBD_0.80)

letter-probability matrix: alength= 4 w= 8 nsites= 1 E= 0
  0.000525	  0.420693	  0.000525	  0.578256	
  0.964532	  0.000344	  0.034780	  0.000344	
  0.000344	  0.998967	  0.000344	  0.000344	
  0.000344	  0.000344	  0.998967	  0.000344	
  0.000344	  0.275826	  0.069215	  0.654614	
  0.826791	  0.172521	  0.000344	  0.000344	
  0.930096	  0.000344	  0.000344	  0.069215	
  0.050399	  0.599301	  0.050399	  0.299900	

URL http://cisbp.ccbr.utoronto.ca/TFreport.php?searchTF=T129227_1.02

MOTIF M1408_1.02 (gw1.0.2552.1)_(Arabidopsis_thaliana)_(DBD_0.74)

letter-probability matrix: alength= 4 w= 10 nsites= 1 E= 0
  0.368015	  0.148135	  0.267234	  0.216616	
  0.099234	  0.431591	  0.161981	  0.307194	
  0.858563	  0.035349	  0.042320	  0.063769	
  0.255448	  0.660514	  0.041389	  0.042650	
  0.122842	  0.051465	  0.646064	  0.179630	
  0.162278	  0.395168	  0.172313	  0.270240	
  0.361056	  0.249394	  0.105534	  0.284017	
  0.656782	  0.036138	  0.086259	  0.220821	
  0.240777	  0.303043	  0.181976	  0.274204	
  0.220349	  0.338733	  0.197396	  0.243523	

URL http://cisbp.ccbr.utoronto.ca/TFreport.php?searchTF=T129415_1.02

MOTIF M1411_1.02 (e_gw1.0.2596.1)_(Oryza_sativa)_(DBD_0.78)

letter-probability matrix: alength= 4 w= 10 nsites= 1 E= 0
  0.224991	  0.229536	  0.253676	  0.291797	
  0.251209	  0.234225	  0.207739	  0.306827	
  0.247992	  0.240663	  0.228925	  0.282420	
  0.183457	  0.284855	  0.200734	  0.330954	
  0.587048	  0.159989	  0.113876	  0.139088	
  0.316642	  0.486761	  0.081270	  0.115327	
  0.171357	  0.090355	  0.541179	  0.197108	
  0.177912	  0.388111	  0.181507	  0.252470	
  0.349246	  0.222689	  0.147788	  0.280277	
  0.544946	  0.096610	  0.141272	  0.217171	

URL http://cisbp.ccbr.utoronto.ca/TFreport.php?searchTF=T129206_1.02

MOTIF M1414_1.02 (e_gw1.1.522.1)_(Physcomitrella_patens)_(DBD_0.80)

letter-probability matrix: alength= 4 w= 10 nsites= 1 E= 0
  0.212622	  0.244574	  0.234984	  0.307820	
  0.259866	  0.270472	  0.170744	  0.298917	
  0.376202	  0.144045	  0.239877	  0.239877	
  0.117622	  0.418836	  0.127419	  0.336123	
  0.816157	  0.067668	  0.036767	  0.079409	
  0.213307	  0.687275	  0.032549	  0.066869	
  0.122452	  0.057267	  0.637605	  0.182677	
  0.155379	  0.413999	  0.166645	  0.263978	
  0.377026	  0.247724	  0.098723	  0.276528	
  0.667429	  0.044409	  0.093078	  0.195085	

URL http://cisbp.ccbr.utoronto.ca/TFreport.php?searchTF=T129212_1.02

MOTIF M1416_1.02 (e_gw1.10.1011.1)_(Malus_x_domestica)_(DBD_0.76)

letter-probability matrix: alength= 4 w= 10 nsites= 1 E= 0
  0.213809	  0.245938	  0.150668	  0.389585	
  0.207179	  0.176546	  0.260755	  0.355520	
  0.134749	  0.274079	  0.134749	  0.456422	
  0.740326	  0.104281	  0.046857	  0.108537	
  0.290224	  0.602238	  0.058595	  0.048943	
  0.114401	  0.057957	  0.651779	  0.175863	
  0.156844	  0.495343	  0.078669	  0.269145	
  0.391915	  0.188867	  0.131768	  0.287449	
  0.658953	  0.022889	  0.096607	  0.221551	
  0.172968	  0.377324	  0.164532	  0.285176	

URL http://cisbp.ccbr.utoronto.ca/TFreport.php?searchTF=T129208_1.02

MOTIF M1564_1.02 (e_gw1.3.523.1)_(Arabidopsis_thaliana)_(DBD_0.70)

letter-probability matrix: alength= 4 w= 10 nsites= 1 E= 0
  0.274129	  0.217586	  0.263086	  0.245199	
  0.196693	  0.321144	  0.168078	  0.314085	
  0.202736	  0.364278	  0.176237	  0.256750	
  0.186382	  0.068934	  0.619730	  0.124954	
  0.096905	  0.101768	  0.088200	  0.713127	
  0.713127	  0.088200	  0.101768	  0.096905	
  0.124954	  0.619730	  0.068934	  0.186382	
  0.256750	  0.176237	  0.364278	  0.202736	
  0.314085	  0.168078	  0.321144	  0.196693	
  0.245199	  0.263086	  0.217586	  0.274129	

URL http://cisbp.ccbr.utoronto.ca/TFreport.php?searchTF=T141063_1.02

MOTIF M1567_1.02 (gw1.114.187.1)_(Arabidopsis_thaliana)_(DBD_0.71)

letter-probability matrix: alength= 4 w= 9 nsites= 1 E= 0
