MEME version 4

ALPHABET= ACGT

strands: + -

Background letter frequencies (from uniform background):
A 0.25000 C 0.25000 G 0.25000 T 0.25000 

MOTIF M0004_1.02 (ERF3)_(Cannabis_sativa)_(DBD_0.92)

letter-probability matrix: alength= 4 w= 8 nsites= 1 E= 0
  0.150033	  0.716511	  0.075058	  0.058397	
  0.025535	  0.012799	  0.948867	  0.012799	
  0.018926	  0.874057	  0.106954	  0.000063	
  0.018926	  0.974660	  0.006351	  0.000063	
  0.000063	  0.006351	  0.993524	  0.000063	
  0.058873	  0.627352	  0.137284	  0.176490	
  0.157922	  0.774278	  0.007592	  0.060207	
  0.488783	  0.066748	  0.299978	  0.144491	

URL http://cisbp.ccbr.utoronto.ca/TFreport.php?searchTF=T002182_1.02

MOTIF M0006_1.02 (ERF1)_(Arabidopsis_thaliana)_(DBD_0.83)

letter-probability matrix: alength= 4 w= 10 nsites= 1 E= 0
  0.248762	  0.390137	  0.266799	  0.094302	
  0.136992	  0.720483	  0.132943	  0.009582	
  0.384131	  0.000678	  0.614608	  0.000583	
  0.001029	  0.795182	  0.186526	  0.017263	
  0.001119	  0.955576	  0.000685	  0.042620	
  0.201865	  0.009185	  0.711658	  0.077293	
  0.164166	  0.679174	  0.079113	  0.077547	
  0.348470	  0.351972	  0.155019	  0.144539	
  0.253096	  0.163003	  0.425715	  0.158186	
  0.184070	  0.238726	  0.171626	  0.405579	

URL http://cisbp.ccbr.utoronto.ca/TFreport.php?searchTF=T002195_1.02

MOTIF M0021_1.02 (JERF1)_(Arabidopsis_thaliana)_(DBD_0.88)

letter-probability matrix: alength= 4 w= 8 nsites= 1 E= 0
  0.253340	  0.238587	  0.213734	  0.294339	
  0.238515	  0.217986	  0.263600	  0.279900	
  0.216235	  0.071978	  0.581939	  0.129848	
  0.114251	  0.501900	  0.244301	  0.139547	
  0.009576	  0.664640	  0.002269	  0.323515	
  0.203540	  0.004463	  0.777326	  0.014671	
  0.148179	  0.326497	  0.281018	  0.244306	
  0.239004	  0.346014	  0.225085	  0.189897	

URL http://cisbp.ccbr.utoronto.ca/TFreport.php?searchTF=T002190_1.02

MOTIF M0025_1.02 (TSRF1)_(Arabidopsis_thaliana)_(DBD_0.92)

letter-probability matrix: alength= 4 w= 10 nsites= 1 E= 0
  0.176001	  0.377860	  0.270139	  0.176001	
  0.303125	  0.503085	  0.096895	  0.096895	
  0.000149	  0.000149	  0.999553	  0.000149	
  0.000149	  0.999553	  0.000149	  0.000149	
  0.000149	  0.999553	  0.000149	  0.000149	
  0.000149	  0.000149	  0.999553	  0.000149	
  0.000149	  0.999553	  0.000149	  0.000149	
  0.000149	  0.999553	  0.000149	  0.000149	
  0.359358	  0.074148	  0.492346	  0.074148	
  0.153254	  0.255523	  0.240734	  0.350489	

URL http://cisbp.ccbr.utoronto.ca/TFreport.php?searchTF=T002187_1.02

MOTIF M0028_1.02 (PTI5)_(Arabidopsis_thaliana)_(DBD_0.85)

letter-probability matrix: alength= 4 w= 9 nsites= 1 E= 0
  0.216684	  0.323255	  0.262026	  0.198035	
  0.297134	  0.470682	  0.113770	  0.118414	
  0.053650	  0.000097	  0.946225	  0.000029	
  0.057636	  0.832265	  0.047663	  0.062437	
  0.127082	  0.784331	  0.032617	  0.055971	
  0.205930	  0.092530	  0.618648	  0.082892	
  0.241989	  0.346850	  0.132807	  0.278354	
  0.128129	  0.680641	  0.066889	  0.124342	
  0.307220	  0.319757	  0.140831	  0.232192	

URL http://cisbp.ccbr.utoronto.ca/TFreport.php?searchTF=T002166_1.02

MOTIF M0030_1.02 (CBF3)_(Arabidopsis_thaliana)_(DBD_0.92)

letter-probability matrix: alength= 4 w= 8 nsites= 1 E= 0
  0.990132	  0.003289	  0.003289	  0.003289	
  0.003289	  0.003289	  0.003289	  0.990132	
  0.003289	  0.003289	  0.990132	  0.003289	
  0.003289	  0.003289	  0.003289	  0.990132	
  0.003289	  0.990132	  0.003289	  0.003289	
  0.003289	  0.003289	  0.990132	  0.003289	
  0.003289	  0.003289	  0.990132	  0.003289	
  0.004902	  0.495098	  0.004902	  0.495098	

URL http://cisbp.ccbr.utoronto.ca/TFreport.php?searchTF=T002176_1.02

MOTIF M0031_1.02 (CBF1)_(Arabidopsis_thaliana)_(DBD_0.94)

letter-probability matrix: alength= 4 w= 10 nsites= 1 E= 0
  0.224885	  0.220841	  0.245693	  0.308582	
  0.511252	  0.138173	  0.167552	  0.183023	
  0.128737	  0.210702	  0.138685	  0.521876	
  0.031903	  0.003021	  0.958031	  0.007044	
  0.027416	  0.011067	  0.002015	  0.959502	
  0.010655	  0.959277	  0.000000	  0.030067	
  0.067918	  0.003708	  0.888378	  0.039997	
  0.090185	  0.000093	  0.893602	  0.016120	
  0.015665	  0.533365	  0.014506	  0.436464	
  0.371160	  0.207897	  0.266626	  0.154317	

URL http://cisbp.ccbr.utoronto.ca/TFreport.php?searchTF=T002196_1.02

MOTIF M0035_1.02 (ERF4)_(Arabidopsis_thaliana)_(DBD_0.85)

letter-probability matrix: alength= 4 w= 9 nsites= 1 E= 0
  0.125154	  0.281334	  0.198253	  0.395260	
  0.088896	  0.104320	  0.670127	  0.136656	
  0.110173	  0.351445	  0.358545	  0.179837	
  0.011648	  0.675264	  0.003543	  0.309545	
  0.139117	  0.056561	  0.695977	  0.108345	
  0.121930	  0.193146	  0.479836	  0.205089	
  0.159206	  0.478282	  0.134317	  0.228195	
  0.168318	  0.319213	  0.211846	  0.300623	
  0.225199	  0.261644	  0.248883	  0.264274	

URL http://cisbp.ccbr.utoronto.ca/TFreport.php?searchTF=T002184_1.02

MOTIF M0041_1.02 (PTI6)_(Arabidopsis_thaliana)_(DBD_0.75)

letter-probability matrix: alength= 4 w= 9 nsites= 1 E= 0
  0.188092	  0.313227	  0.300946	  0.197735	
  0.224791	  0.480665	  0.156831	  0.137713	
  0.054663	  0.000056	  0.945006	  0.000276	
  0.021870	  0.884583	  0.047709	  0.045838	
  0.092559	  0.771118	  0.062044	  0.074280	
  0.173467	  0.097124	  0.617690	  0.111719	
  0.195604	  0.422459	  0.140624	  0.241312	
  0.219415	  0.464502	  0.125332	  0.190750	
  0.342200	  0.236369	  0.213876	  0.207555	

URL http://cisbp.ccbr.utoronto.ca/TFreport.php?searchTF=T002167_1.02

MOTIF M1842_1.02 (VAHOX1)_(Arabidopsis_thaliana)_(DBD_0.81)

letter-probability matrix: alength= 4 w= 8 nsites= 1 E= 0
  0.920000	  0.080000	  0.000000	  0.000000	
  0.960000	  0.000000	  0.000000	  0.040000	
  0.000000	  0.040000	  0.000000	  0.960000	
  0.800000	  0.000000	  0.200000	  0.000000	
  1.000000	  0.000000	  0.000000	  0.000000	
  0.000000	  0.000000	  0.000000	  1.000000	
  0.120000	  0.000000	  0.040000	  0.840000	
  0.200000	  0.160000	  0.520000	  0.120000	

URL http://cisbp.ccbr.utoronto.ca/TFreport.php?searchTF=T100365_1.02

MOTIF M1909_1.02 (TDR4)_(Antirrhinum_majus)_(DBD_0.88)

letter-probability matrix: alength= 4 w= 14 nsites= 1 E= 0
  0.333333	  0.266667	  0.166667	  0.233333	
  0.133333	  0.100000	  0.066667	  0.700000	
  0.000000	  0.000000	  0.166667	  0.833333	
  0.333333	  0.033333	  0.166667	  0.466667	
  0.000000	  0.933333	  0.033333	  0.033333	
  0.000000	  0.500000	  0.033333	  0.466667	
  0.700000	  0.033333	  0.000000	  0.266667	
  0.166667	  0.000000	  0.033333	  0.800000	
  0.433333	  0.000000	  0.000000	  0.566667	
  0.233333	  0.000000	  0.000000	  0.766667	
  0.366667	  0.033333	  0.066667	  0.533333	
  0.066667	  0.133333	  0.000000	  0.800000	
  0.266667	  0.000000	  0.733333	  0.000000	
  0.133333	  0.033333	  0.466667	  0.366667	

URL http://cisbp.ccbr.utoronto.ca/TFreport.php?searchTF=T112008_1.02

MOTIF M2347_1.02 (TDR8)_(Arabidopsis_thaliana)_(DBD_0.80)

letter-probability matrix: alength= 4 w= 21 nsites= 1 E= 0
  0.492556	  0.182382	  0.168734	  0.156328	
  0.482630	  0.121588	  0.297767	  0.098015	
  0.746898	  0.000000	  0.235732	  0.017370	
  0.621588	  0.079404	  0.258065	  0.040943	
  0.849876	  0.000000	  0.150124	  0.000000	
  0.500000	  0.000000	  0.354839	  0.145161	
  0.796526	  0.142680	  0.000000	  0.060794	
  0.477667	  0.096774	  0.425558	  0.000000	
  0.764268	  0.012407	  0.223325	  0.000000	
  0.513648	  0.166253	  0.320099	  0.000000	
  0.744417	  0.070720	  0.111663	  0.073201	
  0.550868	  0.122829	  0.326303	  0.000000	
  0.913151	  0.007444	  0.000000	  0.079404	
  0.560794	  0.152605	  0.189826	  0.096774	
  0.715881	  0.028536	  0.255583	  0.000000	
  0.508685	  0.117866	  0.276675	  0.096774	
  0.524814	  0.147643	  0.155087	  0.172457	
  0.540943	  0.054591	  0.404467	  0.000000	
  0.750620	  0.000000	  0.208437	  0.040943	
  0.571960	  0.167494	  0.260546	  0.000000	
  0.598015	  0.142680	  0.259305	  0.000000	

URL http://cisbp.ccbr.utoronto.ca/TFreport.php?searchTF=T112022_1.02

MOTIF M2348_1.02 (J)_(Arabidopsis_thaliana)_(DBD_0.90)

letter-probability matrix: alength= 4 w= 20 nsites= 1 E= 0
  0.304348	  0.260870	  0.228261	  0.206522	
  0.304348	  0.119565	  0.086957	  0.489130	
  0.304348	  0.010870	  0.108696	  0.576087	
  0.358696	  0.173913	  0.119565	  0.347826	
  0.076087	  0.923913	  0.000000	  0.000000	
  0.032609	  0.858696	  0.010870	  0.097826	
  0.630435	  0.173913	  0.076087	  0.119565	
  0.728261	  0.054348	  0.086957	  0.130435	
  0.934783	  0.000000	  0.000000	  0.065217	
  0.836957	  0.010870	  0.021739	  0.130435	
  0.847826	  0.086957	  0.032609	  0.032609	
  0.369565	  0.108696	  0.152174	  0.369565	
  0.173913	  0.000000	  0.804348	  0.021739	
  0.000000	  0.000000	  1.000000	  0.000000	
  0.771739	  0.108696	  0.000000	  0.119565	
  0.913043	  0.021739	  0.021739	  0.043478	
  0.836957	  0.076087	  0.021739	  0.065217	
  0.369565	  0.086957	  0.423913	  0.119565	
  0.543478	  0.173913	  0.054348	  0.228261	
  0.413043	  0.228261	  0.032609	  0.326087	

URL http://cisbp.ccbr.utoronto.ca/TFreport.php?searchTF=T112017_1.02

MOTIF M2356_1.02 (TDR5)_(Arabidopsis_thaliana)_(DBD_0.98)

letter-probability matrix: alength= 4 w= 11 nsites= 1 E= 0
  0.193333	  0.760000	  0.046667	  0.000000	
  0.020000	  0.920000	  0.000000	  0.060000	
  0.760000	  0.146667	  0.020000	  0.073333	
  0.780000	  0.160000	  0.000000	  0.060000	
  1.000000	  0.000000	  0.000000	  0.000000	
  0.840000	  0.033333	  0.000000	  0.126667	
  0.700000	  0.033333	  0.186667	  0.080000	
  0.486667	  0.000000	  0.000000	  0.513333	
  0.340000	  0.006667	  0.646667	  0.006667	
  0.100000	  0.033333	  0.740000	  0.126667	
  0.400000	  0.193333	  0.246667	  0.160000	

URL http://cisbp.ccbr.utoronto.ca/TFreport.php?searchTF=T112010_1.02

MOTIF M2378_1.02 (AG1)_(Arabidopsis_thaliana)_(DBD_0.96)

letter-probability matrix: alength= 4 w= 18 nsites= 1 E= 0
  0.323077	  0.169231	  0.230769	  0.276923	
  0.184615	  0.092308	  0.138462	  0.584615	
  0.061538	  0.015385	  0.138462	  0.784615	
  0.323077	  0.076923	  0.338462	  0.261538	
  0.000000	  1.000000	  0.000000	  0.000000	
  0.015385	  0.969231	  0.015385	  0.000000	
  0.461538	  0.092308	  0.107692	  0.338462	
  0.476923	  0.061538	  0.123077	  0.338462	
  0.646154	  0.015385	  0.015385	  0.323077	
  0.400000	  0.046154	  0.030769	  0.523077	
  0.215385	  0.215385	  0.138462	  0.430769	
  0.230769	  0.123077	  0.430769	  0.215385	
  0.107692	  0.000000	  0.861538	  0.030769	
  0.061538	  0.000000	  0.861538	  0.076923	
  0.400000	  0.092308	  0.076923	  0.430769	
  0.738462	  0.153846	  0.061538	  0.046154	
  0.600000	  0.138462	  0.123077	  0.138462	
  0.276923	  0.230769	  0.292308	  0.200000	

URL http://cisbp.ccbr.utoronto.ca/TFreport.php?searchTF=T112012_1.02

