MEME version 4

ALPHABET= ACGT

strands: + -

Background letter frequencies (from uniform background):
A 0.25000 C 0.25000 G 0.25000 T 0.25000 

MOTIF M0181_1.02 (MLX)_(Mus_musculus)_(DBD_1.00)

letter-probability matrix: alength= 4 w= 9 nsites= 1 E= 0
  0.213190	  0.185339	  0.327729	  0.273742	
  0.340712	  0.160941	  0.265347	  0.233000	
  0.209405	  0.197210	  0.258338	  0.335047	
  0.000001	  0.999579	  0.000071	  0.000349	
  0.888940	  0.000000	  0.111055	  0.000004	
  0.000027	  0.798969	  0.000000	  0.201004	
  0.000000	  0.076487	  0.922526	  0.000987	
  0.097990	  0.012742	  0.112715	  0.776553	
  0.052222	  0.053812	  0.769317	  0.124649	

URL http://cisbp.ccbr.utoronto.ca/TFreport.php?searchTF=T016108_1.02

MOTIF M0189_1.02 (ID2)_(Mus_musculus)_(DBD_0.98)

letter-probability matrix: alength= 4 w= 8 nsites= 1 E= 0
  0.277716	  0.166851	  0.499446	  0.055987	
  0.000370	  0.998891	  0.000370	  0.000370	
  0.999001	  0.000333	  0.000333	  0.000333	
  0.000333	  0.999001	  0.000333	  0.000333	
  0.000333	  0.000333	  0.999001	  0.000333	
  0.000333	  0.000333	  0.000333	  0.999001	
  0.000344	  0.000344	  0.998967	  0.000344	
  0.499546	  0.045826	  0.272686	  0.181942	

URL http://cisbp.ccbr.utoronto.ca/TFreport.php?searchTF=T016081_1.02

MOTIF M0198_1.02 (ENSSARG00000003728)_(Mus_musculus)_(DBD_0.76)

letter-probability matrix: alength= 4 w= 10 nsites= 1 E= 0
  0.314175	  0.219192	  0.249622	  0.217011	
  0.209218	  0.174753	  0.434144	  0.181885	
  0.159171	  0.387601	  0.102512	  0.350716	
  0.253998	  0.378920	  0.186294	  0.180788	
  0.131112	  0.769738	  0.026471	  0.072679	
  0.075648	  0.029847	  0.894341	  0.000165	
  0.109744	  0.024733	  0.070679	  0.794844	
  0.000431	  0.092665	  0.896940	  0.009964	
  0.171237	  0.574240	  0.137421	  0.117102	
  0.291434	  0.191486	  0.303328	  0.213752	

URL http://cisbp.ccbr.utoronto.ca/TFreport.php?searchTF=T016083_1.02

MOTIF M0200_1.02 (CLOCK)_(Mus_musculus)_(DBD_0.98)

letter-probability matrix: alength= 4 w= 10 nsites= 1 E= 0
  0.239964	  0.200309	  0.336557	  0.223170	
  0.293276	  0.320740	  0.252774	  0.133210	
  0.162184	  0.774560	  0.028113	  0.035143	
  0.713119	  0.054463	  0.173280	  0.059138	
  0.027939	  0.674387	  0.047681	  0.249993	
  0.249993	  0.047681	  0.674387	  0.027939	
  0.059138	  0.173280	  0.054463	  0.713119	
  0.035143	  0.028113	  0.774560	  0.162184	
  0.133210	  0.252774	  0.320740	  0.293276	
  0.223170	  0.336557	  0.200309	  0.239964	

URL http://cisbp.ccbr.utoronto.ca/TFreport.php?searchTF=T016079_1.02

MOTIF M0218_1.02 (BHLHA15)_(Mus_musculus)_(DBD_0.85)

letter-probability matrix: alength= 4 w= 8 nsites= 1 E= 0
  0.143162	  0.570513	  0.285613	  0.000712	
  0.000499	  0.998503	  0.000499	  0.000499	
  0.998503	  0.000499	  0.000499	  0.000499	
  0.000499	  0.000499	  0.200100	  0.798902	
  0.798902	  0.200100	  0.000499	  0.000499	
  0.000499	  0.000499	  0.000499	  0.998503	
  0.000499	  0.000499	  0.998503	  0.000499	
  0.000767	  0.230828	  0.154141	  0.614264	

URL http://cisbp.ccbr.utoronto.ca/TFreport.php?searchTF=T016087_1.02

MOTIF M0300_1.02 (ATF2)_(Mus_musculus)_(DBD_1.00)

letter-probability matrix: alength= 4 w= 10 nsites= 1 E= 0
  0.291870	  0.184253	  0.277636	  0.246241	
  0.530199	  0.133387	  0.274034	  0.062380	
  0.035631	  0.062379	  0.001238	  0.900752	
  0.073796	  0.082377	  0.556301	  0.287525	
  0.757933	  0.025806	  0.125285	  0.090976	
  0.084682	  0.638364	  0.084682	  0.192271	
  0.156906	  0.065082	  0.710273	  0.067738	
  0.117142	  0.166233	  0.068950	  0.647675	
  0.368627	  0.407396	  0.102492	  0.121484	
  0.489340	  0.124345	  0.187365	  0.198951	

URL http://cisbp.ccbr.utoronto.ca/TFreport.php?searchTF=T026578_1.02

MOTIF M0309_1.02 (ATF7)_(Mus_musculus)_(DBD_1.00)

letter-probability matrix: alength= 4 w= 10 nsites= 1 E= 0
  0.260002	  0.181397	  0.311279	  0.247322	
  0.577516	  0.121357	  0.289668	  0.011459	
  0.000019	  0.055723	  0.000006	  0.944252	
  0.074595	  0.061073	  0.579449	  0.284883	
  0.852748	  0.005980	  0.140958	  0.000313	
  0.000066	  0.834717	  0.000028	  0.165189	
  0.169554	  0.075428	  0.694486	  0.060532	
  0.133120	  0.126628	  0.087466	  0.652787	
  0.371994	  0.440927	  0.102399	  0.084680	
  0.527113	  0.119991	  0.170275	  0.182621	

URL http://cisbp.ccbr.utoronto.ca/TFreport.php?searchTF=T026559_1.02

MOTIF M0319_1.02 (CREM)_(Mus_musculus)_(DBD_1.00)

letter-probability matrix: alength= 4 w= 10 nsites= 1 E= 0
  0.183122	  0.183122	  0.270541	  0.363215	
  0.645397	  0.087274	  0.180054	  0.087274	
  0.000184	  0.000184	  0.000184	  0.999448	
  0.000184	  0.000184	  0.724689	  0.274944	
  0.999448	  0.000184	  0.000184	  0.000184	
  0.000184	  0.999448	  0.000184	  0.000184	
  0.000184	  0.000184	  0.999448	  0.000184	
  0.000184	  0.000184	  0.000184	  0.999448	
  0.547966	  0.317911	  0.067062	  0.067062	
  0.511272	  0.162909	  0.162909	  0.162909	

URL http://cisbp.ccbr.utoronto.ca/TFreport.php?searchTF=T026570_1.02

MOTIF M0405_1.02 (ENSSARG00000007376)_(Mus_musculus)_(DBD_1.00)

letter-probability matrix: alength= 4 w= 10 nsites= 1 E= 0
  0.322200	  0.077105	  0.258571	  0.342124	
  0.174850	  0.000229	  0.823801	  0.001121	
  0.000272	  0.000173	  0.999363	  0.000191	
  0.000074	  0.000241	  0.999596	  0.000089	
  0.100743	  0.660217	  0.010304	  0.228736	
  0.015211	  0.000320	  0.974574	  0.009895	
  0.042318	  0.089587	  0.352557	  0.515538	
  0.208085	  0.076550	  0.538047	  0.177318	
  0.167365	  0.115605	  0.497789	  0.219242	
  0.170239	  0.414554	  0.180766	  0.234441	

URL http://cisbp.ccbr.utoronto.ca/TFreport.php?searchTF=T053801_1.02

MOTIF M0408_1.02 (ZKSCAN1)_(Mus_musculus)_(DBD_0.97)

letter-probability matrix: alength= 4 w= 10 nsites= 1 E= 0
  0.368659	  0.127974	  0.237717	  0.265650	
  0.253090	  0.257619	  0.185858	  0.303434	
  0.201345	  0.206571	  0.334720	  0.257364	
  0.145520	  0.301411	  0.103189	  0.449879	
  0.311749	  0.108333	  0.429663	  0.150255	
  0.150255	  0.429663	  0.108333	  0.311749	
  0.449879	  0.103189	  0.301411	  0.145520	
  0.257364	  0.334720	  0.206571	  0.201345	
  0.303434	  0.185858	  0.257619	  0.253090	
  0.265650	  0.237717	  0.127974	  0.368659	

URL http://cisbp.ccbr.utoronto.ca/TFreport.php?searchTF=T053727_1.02

MOTIF M0428_1.02 (ZNF691)_(Mus_musculus)_(DBD_0.89)

letter-probability matrix: alength= 4 w= 8 nsites= 1 E= 0
  0.516489	  0.100100	  0.283311	  0.100100	
  0.081474	  0.127964	  0.523129	  0.267434	
  0.018955	  0.000094	  0.980856	  0.000094	
  0.971426	  0.009525	  0.018955	  0.000094	
  0.009525	  0.000094	  0.971426	  0.018955	
  0.000095	  0.647468	  0.009615	  0.342822	
  0.791865	  0.188143	  0.000099	  0.019893	
  0.054901	  0.890060	  0.013828	  0.041210	

URL http://cisbp.ccbr.utoronto.ca/TFreport.php?searchTF=T053800_1.02

MOTIF M0430_1.02 (ZNF740)_(Mus_musculus)_(DBD_0.96)

letter-probability matrix: alength= 4 w= 10 nsites= 1 E= 0
  0.251654	  0.264556	  0.249150	  0.234640	
  0.285098	  0.174659	  0.299716	  0.240527	
  0.245093	  0.200665	  0.150151	  0.404091	
  0.061064	  0.005485	  0.872994	  0.060457	
  0.017446	  0.002855	  0.861883	  0.117815	
  0.092297	  0.021868	  0.841356	  0.044479	
  0.056768	  0.000747	  0.896927	  0.045557	
  0.033987	  0.028106	  0.903233	  0.034674	
  0.076611	  0.026809	  0.670984	  0.225596	
  0.170472	  0.107616	  0.487150	  0.234762	

URL http://cisbp.ccbr.utoronto.ca/TFreport.php?searchTF=T053903_1.02

MOTIF M0443_1.02 (KLF12)_(Mus_musculus)_(DBD_1.00)

letter-probability matrix: alength= 4 w= 10 nsites= 1 E= 0
  0.260102	  0.124098	  0.223872	  0.391927	
  0.187213	  0.000148	  0.790168	  0.022471	
  0.000002	  0.000005	  0.999931	  0.000063	
  0.000374	  0.000026	  0.999566	  0.000034	
  0.076094	  0.621399	  0.000039	  0.302468	
  0.000325	  0.000031	  0.997699	  0.001945	
  0.060231	  0.086331	  0.346604	  0.506834	
  0.189328	  0.102872	  0.514647	  0.193153	
  0.167870	  0.130737	  0.470215	  0.231178	
  0.172456	  0.411638	  0.156045	  0.259860	

URL http://cisbp.ccbr.utoronto.ca/TFreport.php?searchTF=T053865_1.02

MOTIF M0447_1.02 (BCL11A)_(Caenorhabditis_elegans)_(DBD_0.73)

letter-probability matrix: alength= 4 w= 10 nsites= 1 E= 0
  0.391273	  0.146849	  0.267577	  0.194301	
  0.236558	  0.241337	  0.322529	  0.199576	
  0.063325	  0.269963	  0.106515	  0.560196	
  0.004417	  0.002260	  0.968160	  0.025164	
  0.019015	  0.007208	  0.958364	  0.015413	
  0.150280	  0.035251	  0.000029	  0.814440	
  0.000025	  0.973874	  0.003426	  0.022675	
  0.905030	  0.032719	  0.031436	  0.030814	
  0.261983	  0.246726	  0.254240	  0.237052	
  0.139579	  0.281078	  0.155809	  0.423533	

URL http://cisbp.ccbr.utoronto.ca/TFreport.php?searchTF=T053934_1.02

MOTIF M0594_1.02 (LIN54)_(Gallus_gallus)_(DBD_0.98)

letter-probability matrix: alength= 4 w= 9 nsites= 1 E= 0
  0.411378	  0.091233	  0.211983	  0.285406	
  0.000206	  0.000206	  0.000206	  0.999383	
  0.000206	  0.000206	  0.000206	  0.999383	
  0.000206	  0.211990	  0.000206	  0.787598	
  0.437915	  0.000206	  0.561674	  0.000206	
  0.999383	  0.000206	  0.000206	  0.000206	
  0.999383	  0.000206	  0.000206	  0.000206	
  0.103784	  0.210663	  0.000206	  0.685347	
  0.242672	  0.248680	  0.158972	  0.349676	

URL http://cisbp.ccbr.utoronto.ca/TFreport.php?searchTF=T073912_1.02

MOTIF M0607_1.02 (KDM2B)_(Homo_sapiens)_(DBD_1.00)

letter-probability matrix: alength= 4 w= 9 nsites= 1 E= 0
  0.245019	  0.247482	  0.255018	  0.252481	
  0.006978	  0.831056	  0.000758	  0.161208	
  0.135594	  0.045135	  0.699010	  0.120261	
  0.207289	  0.207289	  0.211476	  0.373946	
  0.438800	  0.133492	  0.203170	  0.224538	
  0.346191	  0.209975	  0.216370	  0.227464	
  0.270749	  0.247446	  0.221671	  0.260133	
  0.274484	  0.231573	  0.205386	  0.288557	
  0.281554	  0.235173	  0.225952	  0.257321	

URL http://cisbp.ccbr.utoronto.ca/TFreport.php?searchTF=T074700_1.02

MOTIF M0608_1.02 (MLL)_(Homo_sapiens)_(DBD_1.00)

letter-probability matrix: alength= 4 w= 10 nsites= 1 E= 0
  0.255050	  0.190845	  0.321006	  0.233098	
  0.295043	  0.239157	  0.307084	  0.158717	
  0.232323	  0.272634	  0.329682	  0.165361	
  0.275506	  0.167103	  0.440808	  0.116584	
  0.166251	  0.276857	  0.388969	  0.167922	
  0.008509	  0.907839	  0.064140	  0.019513	
  0.056470	  0.014207	  0.928630	  0.000693	
  0.265416	  0.194669	  0.228446	  0.311469	
  0.411622	  0.114446	  0.254705	  0.219227	
  0.348511	  0.224454	  0.211383	  0.215653	

URL http://cisbp.ccbr.utoronto.ca/TFreport.php?searchTF=T074704_1.02

MOTIF M0689_1.02 (ETV3)_(Mus_musculus)_(DBD_0.88)

letter-probability matrix: alength= 4 w= 10 nsites= 1 E= 0
  0.313334	  0.205875	  0.241597	  0.239193	
  0.387641	  0.160787	  0.247171	  0.204400	
  0.197818	  0.349795	  0.246496	  0.205891	
  0.265919	  0.499293	  0.148888	  0.085901	
  0.048518	  0.002724	  0.908635	  0.040123	
  0.060566	  0.022505	  0.883356	  0.033573	
  0.952353	  0.001933	  0.000612	  0.045102	
  0.571191	  0.089812	  0.022370	  0.316627	
  0.381171	  0.136081	  0.408809	  0.073940	
  0.173410	  0.277455	  0.131061	  0.418074	

URL http://cisbp.ccbr.utoronto.ca/TFreport.php?searchTF=T078558_1.02

MOTIF M0710_1.02 (ETV1)_(Mus_musculus)_(DBD_1.00)

letter-probability matrix: alength= 4 w= 10 nsites= 1 E= 0
  0.273969	  0.224307	  0.302782	  0.198942	
  0.487672	  0.100448	  0.244604	  0.167276	
  0.092545	  0.704648	  0.163645	  0.039162	
  0.101165	  0.886031	  0.012143	  0.000661	
  0.000629	  0.000385	  0.998745	  0.000241	
  0.003523	  0.004524	  0.991646	  0.000307	
  0.973452	  0.007177	  0.011033	  0.008338	
  0.692543	  0.034137	  0.018548	  0.254772	
  0.273496	  0.101625	  0.596624	  0.028255	
  0.097991	  0.269045	  0.080229	  0.552735	

URL http://cisbp.ccbr.utoronto.ca/TFreport.php?searchTF=T078560_1.02

MOTIF M0730_1.02 (FOXO4)_(Mus_musculus)_(DBD_0.95)

letter-probability matrix: alength= 4 w= 10 nsites= 1 E= 0
  0.272830	  0.216772	  0.234827	  0.275572	
  0.236181	  0.268969	  0.233831	  0.261020	
  0.376099	  0.120284	  0.459368	  0.044250	
  0.301361	  0.116549	  0.054506	  0.527584	
  0.541462	  0.362953	  0.011294	  0.084291	
  0.808871	  0.125919	  0.005133	  0.060078	
  0.912414	  0.013411	  0.041517	  0.032658	
  0.002774	  0.692453	  0.002830	  0.301944	
  0.832856	  0.046752	  0.050646	  0.069746	
  0.333275	  0.225646	  0.206225	  0.234855	

URL http://cisbp.ccbr.utoronto.ca/TFreport.php?searchTF=T082345_1.02

MOTIF M0733_1.02 (FOXO3)_(Mus_musculus)_(DBD_0.44)

letter-probability matrix: alength= 4 w= 8 nsites= 1 E= 0
  0.346154	  0.076923	  0.557692	  0.019231	
  0.181818	  0.038961	  0.012987	  0.766234	
  0.650602	  0.277108	  0.024096	  0.048193	
  0.916667	  0.035714	  0.011905	  0.035714	
  0.952381	  0.011905	  0.011905	  0.023810	
  0.011905	  0.845238	  0.011905	  0.130952	
  0.964286	  0.011905	  0.011905	  0.011905	
  0.571429	  0.142857	  0.126984	  0.158730	

URL http://cisbp.ccbr.utoronto.ca/TFreport.php?searchTF=T082341_1.02

MOTIF M0736_1.02 (FOXK2)_(Mus_musculus)_(DBD_0.90)

letter-probability matrix: alength= 4 w= 8 nsites= 1 E= 0
  0.309467	  0.142959	  0.547336	  0.000238	
  0.295052	  0.000164	  0.000164	  0.704620	
  0.619510	  0.295749	  0.000141	  0.084600	
  0.888534	  0.069545	  0.000139	  0.041782	
  0.999584	  0.000139	  0.000139	  0.000139	
  0.000139	  0.957940	  0.000139	  0.041782	
  0.999572	  0.000143	  0.000143	  0.000143	
  0.660068	  0.132164	  0.056750	  0.151018	

URL http://cisbp.ccbr.utoronto.ca/TFreport.php?searchTF=T082337_1.02

MOTIF M0756_1.02 (FOXN2)_(Strongylocentrotus_purpuratus)_(DBD_0.45)

letter-probability matrix: alength= 4 w= 9 nsites= 1 E= 0
  0.233668	  0.224506	  0.348592	  0.193234	
  0.280037	  0.209542	  0.191507	  0.318914	
  0.404308	  0.290666	  0.110187	  0.194839	
  0.447462	  0.238314	  0.104961	  0.209263	
  0.768976	  0.018266	  0.173306	  0.039451	
  0.016176	  0.708777	  0.031930	  0.243117	
  0.578790	  0.107871	  0.169176	  0.144162	
  0.340778	  0.228430	  0.226157	  0.204635	
  0.301280	  0.239377	  0.210196	  0.249146	

URL http://cisbp.ccbr.utoronto.ca/TFreport.php?searchTF=T082338_1.02

MOTIF M0894_1.02 (LBX1)_(Homo_sapiens)_(DBD_1.00)

letter-probability matrix: alength= 4 w= 8 nsites= 1 E= 0
  0.217448	  0.130642	  0.174045	  0.477865	
  0.000244	  0.048977	  0.000244	  0.950536	
  0.999286	  0.000238	  0.000238	  0.000238	
  0.999286	  0.000238	  0.000238	  0.000238	
  0.000238	  0.261893	  0.000238	  0.737631	
  0.142959	  0.000238	  0.119172	  0.737631	
  0.731238	  0.000244	  0.268275	  0.000244	
  0.028824	  0.114441	  0.799372	  0.057363	

URL http://cisbp.ccbr.utoronto.ca/TFreport.php?searchTF=T096957_1.02

MOTIF M0905_1.02 (HOXA4)_(Mus_musculus)_(DBD_0.98)

letter-probability matrix: alength= 4 w= 9 nsites= 1 E= 0
  0.196847	  0.282147	  0.169428	  0.351577	
  0.155907	  0.072187	  0.051897	  0.720008	
  0.696670	  0.087035	  0.095232	  0.121063	
  0.798358	  0.042630	  0.032219	  0.126793	
  0.067221	  0.146641	  0.081287	  0.704851	
  0.114380	  0.141109	  0.368533	  0.375978	
  0.447955	  0.095078	  0.322046	  0.134922	
  0.226418	  0.284970	  0.217540	  0.271072	
  0.214998	  0.296080	  0.212859	  0.276063	

URL http://cisbp.ccbr.utoronto.ca/TFreport.php?searchTF=T096952_1.02

MOTIF M0906_1.02 (VTN)_(Mus_musculus)_(DBD_0.88)

letter-probability matrix: alength= 4 w= 10 nsites= 1 E= 0
  0.300377	  0.283462	  0.208081	  0.208081	
  0.450588	  0.286377	  0.095384	  0.167651	
  0.072006	  0.202474	  0.000087	  0.725433	
  0.000087	  0.000087	  0.000087	  0.999740	
  0.999740	  0.000087	  0.000087	  0.000087	
  0.999740	  0.000087	  0.000087	  0.000087	
  0.000087	  0.000087	  0.000087	  0.999740	
  0.000087	  0.000087	  0.000087	  0.999740	
  0.873981	  0.042006	  0.042006	  0.042006	
  0.310358	  0.154703	  0.380237	  0.154703	

URL http://cisbp.ccbr.utoronto.ca/TFreport.php?searchTF=T096988_1.02

MOTIF M0907_1.02 (MEOX1)_(Mus_musculus)_(DBD_1.00)

letter-probability matrix: alength= 4 w= 9 nsites= 1 E= 0
  0.260011	  0.244869	  0.186928	  0.308192	
  0.121246	  0.118845	  0.033711	  0.726198	
  0.700489	  0.000333	  0.270908	  0.028269	
  0.962122	  0.009292	  0.000107	  0.028478	
  0.024775	  0.111032	  0.068021	  0.796173	
  0.075798	  0.088950	  0.394680	  0.440572	
  0.541591	  0.066321	  0.277137	  0.114952	
  0.183583	  0.341268	  0.255359	  0.219789	
  0.201776	  0.326086	  0.199769	  0.272370	

URL http://cisbp.ccbr.utoronto.ca/TFreport.php?searchTF=T096938_1.02

MOTIF M0912_1.02 (HOXC13)_(Mus_musculus)_(DBD_1.00)

letter-probability matrix: alength= 4 w= 10 nsites= 1 E= 0
  0.228970	  0.253051	  0.279665	  0.238314	
  0.191994	  0.418829	  0.244072	  0.145106	
  0.132557	  0.356741	  0.070599	  0.440104	
  0.324192	  0.369199	  0.054127	  0.252481	
  0.552686	  0.023684	  0.355950	  0.067680	
  0.046339	  0.058908	  0.000505	  0.894248	
  0.622496	  0.039795	  0.066270	  0.271439	
  0.822278	  0.010827	  0.043907	  0.122987	
  0.758821	  0.086640	  0.042172	  0.112366	
  0.402869	  0.200059	  0.152721	  0.244352	

URL http://cisbp.ccbr.utoronto.ca/TFreport.php?searchTF=T096955_1.02

MOTIF M0916_1.02 (EVX1)_(Mus_musculus)_(DBD_1.00)

letter-probability matrix: alength= 4 w= 8 nsites= 1 E= 0
  0.235698	  0.265748	  0.314993	  0.183561	
  0.194613	  0.361771	  0.230676	  0.212940	
  0.142042	  0.092400	  0.025949	  0.739610	
  0.699379	  0.079059	  0.175949	  0.045613	
  0.870945	  0.043362	  0.006683	  0.079010	
  0.058490	  0.192260	  0.064641	  0.684609	
  0.137513	  0.209290	  0.328232	  0.324966	
  0.380775	  0.133247	  0.314885	  0.171093	

URL http://cisbp.ccbr.utoronto.ca/TFreport.php?searchTF=T096943_1.02

MOTIF M0923_1.02 (PHOX2B)_(Mus_musculus)_(DBD_1.00)

letter-probability matrix: alength= 4 w= 8 nsites= 1 E= 0
  0.243151	  0.255618	  0.294031	  0.207200	
  0.204295	  0.330156	  0.208422	  0.257126	
  0.207505	  0.171598	  0.110516	  0.510381	
  0.662568	  0.072684	  0.144912	  0.119836	
  0.981458	  0.006747	  0.008577	  0.003219	
  0.124820	  0.161883	  0.088843	  0.624453	
  0.193139	  0.203041	  0.203041	  0.400779	
  0.311134	  0.192525	  0.295960	  0.200382	

URL http://cisbp.ccbr.utoronto.ca/TFreport.php?searchTF=T096989_1.02

MOTIF M0929_1.02 (HOXB2)_(Mus_musculus)_(DBD_0.96)

letter-probability matrix: alength= 4 w= 9 nsites= 1 E= 0
  0.212944	  0.305219	  0.179654	  0.302182	
  0.139237	  0.074156	  0.032014	  0.754592	
  0.749862	  0.028786	  0.146920	  0.074432	
  0.910880	  0.019190	  0.000909	  0.069021	
  0.047994	  0.131772	  0.069482	  0.750751	
  0.077838	  0.112689	  0.370417	  0.439057	
  0.522798	  0.084707	  0.264858	  0.127638	
  0.180205	  0.341756	  0.255723	  0.222315	
  0.212626	  0.301731	  0.212626	  0.273017	

URL http://cisbp.ccbr.utoronto.ca/TFreport.php?searchTF=T096976_1.02

MOTIF M0936_1.02 (GSC)_(Mus_musculus)_(DBD_1.00)

letter-probability matrix: alength= 4 w= 9 nsites= 1 E= 0
  0.240681	  0.253021	  0.279632	  0.226665	
  0.227219	  0.312909	  0.182347	  0.277525	
  0.152629	  0.043729	  0.032395	  0.771247	
  0.781271	  0.024069	  0.108954	  0.085706	
  0.946629	  0.020346	  0.018971	  0.014054	
  0.079369	  0.043125	  0.124475	  0.753031	
  0.124675	  0.611374	  0.090532	  0.173419	
  0.108349	  0.531316	  0.137739	  0.222596	
  0.186346	  0.310320	  0.277995	  0.225339	

URL http://cisbp.ccbr.utoronto.ca/TFreport.php?searchTF=T096961_1.02

MOTIF M0937_1.02 (SIX6)_(Mus_musculus)_(DBD_1.00)

letter-probability matrix: alength= 4 w= 7 nsites= 1 E= 0
  0.189564	  0.248322	  0.164799	  0.397314	
  0.171082	  0.164374	  0.433608	  0.230936	
  0.736823	  0.172837	  0.000112	  0.090229	
  0.119808	  0.193619	  0.030750	  0.655823	
  0.544071	  0.336662	  0.000272	  0.118995	
  0.130720	  0.456257	  0.144468	  0.268555	
  0.205555	  0.335531	  0.229457	  0.229457	

URL http://cisbp.ccbr.utoronto.ca/TFreport.php?searchTF=T096977_1.02

MOTIF M0942_1.02 (IRX6)_(Mus_musculus)_(DBD_0.95)

letter-probability matrix: alength= 4 w= 8 nsites= 1 E= 0
  0.320789	  0.120396	  0.221580	  0.337236	
  0.142028	  0.088768	  0.093319	  0.675885	
  0.117073	  0.115908	  0.597527	  0.169491	
  0.123128	  0.124365	  0.043957	  0.708550	
  0.334290	  0.242744	  0.111276	  0.311690	
  0.297216	  0.266256	  0.229168	  0.207360	
  0.227950	  0.251924	  0.244478	  0.275648	
  0.232873	  0.249759	  0.254804	  0.262564	

URL http://cisbp.ccbr.utoronto.ca/TFreport.php?searchTF=T096982_1.02

MOTIF M0954_1.02 (ENSSARG00000010070)_(Mus_musculus)_(DBD_0.79)

letter-probability matrix: alength= 4 w= 9 nsites= 1 E= 0
  0.269860	  0.244180	  0.310413	  0.175547	
  0.222956	  0.322782	  0.189991	  0.264271	
  0.095770	  0.046616	  0.010402	  0.847212	
  0.799391	  0.056478	  0.097891	  0.046240	
  0.967307	  0.000597	  0.022077	  0.010019	
  0.039713	  0.048993	  0.055795	  0.855498	
  0.112128	  0.104548	  0.131584	  0.651740	
  0.377268	  0.097803	  0.400597	  0.124332	
  0.274391	  0.207380	  0.363054	  0.155175	

URL http://cisbp.ccbr.utoronto.ca/TFreport.php?searchTF=T096984_1.02

MOTIF M0969_1.02 (LHX8)_(Mus_musculus)_(DBD_1.00)

letter-probability matrix: alength= 4 w= 9 nsites= 1 E= 0
  0.192536	  0.304991	  0.295977	  0.206496	
  0.128345	  0.401306	  0.069043	  0.401306	
  0.658270	  0.177614	  0.075915	  0.088201	
  0.858644	  0.067044	  0.042324	  0.031988	
  0.034078	  0.040799	  0.001184	  0.923940	
  0.045464	  0.481509	  0.078801	  0.394226	
  0.746009	  0.066336	  0.063101	  0.124554	
  0.297688	  0.189814	  0.312951	  0.199546	
  0.194402	  0.295872	  0.265052	  0.244674	

URL http://cisbp.ccbr.utoronto.ca/TFreport.php?searchTF=T096959_1.02

MOTIF M0992_1.02 (VSX1)_(Mus_musculus)_(DBD_0.89)

letter-probability matrix: alength= 4 w= 9 nsites= 1 E= 0
  0.255301	  0.217553	  0.318124	  0.209022	
  0.273531	  0.255039	  0.200621	  0.270809	
  0.134738	  0.079307	  0.063012	  0.722943	
  0.783515	  0.076999	  0.100866	  0.038621	
  0.930683	  0.000126	  0.037185	  0.032006	
  0.083645	  0.097182	  0.122313	  0.696860	
  0.174239	  0.102558	  0.194499	  0.528704	
  0.402237	  0.087974	  0.367617	  0.142172	
  0.297822	  0.199636	  0.335793	  0.166750	

URL http://cisbp.ccbr.utoronto.ca/TFreport.php?searchTF=T096997_1.02

MOTIF M0996_1.02 (HDX)_(Mus_musculus)_(DBD_0.99)

letter-probability matrix: alength= 4 w= 7 nsites= 1 E= 0
  0.320788	  0.159299	  0.365323	  0.154591	
  0.311699	  0.299477	  0.230912	  0.157912	
  0.420322	  0.041307	  0.314512	  0.223860	
  0.661513	  0.000236	  0.199244	  0.139008	
  0.216437	  0.004794	  0.154053	  0.624716	
  0.190401	  0.463651	  0.210426	  0.135522	
  0.502760	  0.091846	  0.179489	  0.225905	

URL http://cisbp.ccbr.utoronto.ca/TFreport.php?searchTF=T096979_1.02

MOTIF M1000_1.02 (ARX)_(Mus_musculus)_(DBD_0.96)

letter-probability matrix: alength= 4 w= 8 nsites= 1 E= 0
  0.216987	  0.314139	  0.148389	  0.320485	
  0.078163	  0.026544	  0.007454	  0.887839	
  0.853506	  0.044228	  0.065324	  0.036942	
  0.978482	  0.000211	  0.008551	  0.012756	
  0.002825	  0.026803	  0.027897	  0.942475	
  0.104556	  0.090897	  0.098468	  0.706079	
  0.391058	  0.094524	  0.371986	  0.142431	
  0.297757	  0.193694	  0.374758	  0.133791	

URL http://cisbp.ccbr.utoronto.ca/TFreport.php?searchTF=T096970_1.02

MOTIF M1018_1.02 (HLX)_(Mus_musculus)_(DBD_0.75)

letter-probability matrix: alength= 4 w= 7 nsites= 1 E= 0
  0.166165	  0.321495	  0.042224	  0.470117	
  0.399981	  0.230769	  0.126649	  0.242601	
  0.594697	  0.152635	  0.003519	  0.249149	
  0.073485	  0.207904	  0.000173	  0.718437	
  0.290140	  0.244781	  0.169078	  0.296001	
  0.318793	  0.229188	  0.201249	  0.250771	
  0.293737	  0.247815	  0.271153	  0.187295	

URL http://cisbp.ccbr.utoronto.ca/TFreport.php?searchTF=T096981_1.02

MOTIF M1024_1.02 (DLX1)_(Mus_musculus)_(DBD_0.96)

letter-probability matrix: alength= 4 w= 9 nsites= 1 E= 0
  0.308862	  0.217651	  0.204976	  0.268511	
  0.162560	  0.093789	  0.036637	  0.707014	
  0.804281	  0.032784	  0.144020	  0.018915	
  0.924954	  0.003353	  0.032451	  0.039242	
  0.084100	  0.081615	  0.097711	  0.736574	
  0.173718	  0.152541	  0.191988	  0.481753	
  0.336856	  0.096511	  0.419748	  0.146886	
  0.197434	  0.312750	  0.280172	  0.209643	
  0.224674	  0.282775	  0.231517	  0.261034	

URL http://cisbp.ccbr.utoronto.ca/TFreport.php?searchTF=T096991_1.02

MOTIF M1034_1.02 (DBX2)_(Mus_musculus)_(DBD_0.89)

letter-probability matrix: alength= 4 w= 7 nsites= 1 E= 0
  0.180902	  0.254159	  0.292352	  0.272587	
  0.175178	  0.363509	  0.132397	  0.328916	
  0.388597	  0.204904	  0.245315	  0.161183	
  0.667958	  0.130873	  0.059396	  0.141773	
  0.213722	  0.147625	  0.086028	  0.552624	
  0.300299	  0.168137	  0.189574	  0.341989	
  0.486211	  0.149402	  0.158641	  0.205746	

URL http://cisbp.ccbr.utoronto.ca/TFreport.php?searchTF=T096969_1.02

MOTIF M1049_1.02 (SIX1)_(Mus_musculus)_(DBD_1.00)

letter-probability matrix: alength= 4 w= 10 nsites= 1 E= 0
  0.289634	  0.216722	  0.244354	  0.249290	
  0.166573	  0.211756	  0.182260	  0.439411	
  0.165752	  0.090967	  0.544840	  0.198441	
  0.929154	  0.059996	  0.000107	  0.010743	
  0.054059	  0.154483	  0.048915	  0.742543	
  0.658419	  0.278618	  0.000170	  0.062793	
  0.069036	  0.541653	  0.109358	  0.279954	
  0.180538	  0.374631	  0.241276	  0.203556	
  0.212494	  0.310727	  0.214630	  0.262149	
  0.221051	  0.289569	  0.216674	  0.272706	

URL http://cisbp.ccbr.utoronto.ca/TFreport.php?searchTF=T096996_1.02

MOTIF M1054_1.02 (BSX)_(Mus_musculus)_(DBD_1.00)

letter-probability matrix: alength= 4 w= 9 nsites= 1 E= 0
  0.266806	  0.229642	  0.205721	  0.297830	
  0.116229	  0.082729	  0.031676	  0.769366	
  0.886269	  0.000274	  0.097224	  0.016233	
  0.956010	  0.016164	  0.000365	  0.027461	
  0.057873	  0.196026	  0.082125	  0.663976	
  0.104695	  0.230685	  0.333971	  0.330648	
  0.326888	  0.077449	  0.441252	  0.154411	
  0.189730	  0.271946	  0.338866	  0.199458	
  0.170012	  0.319216	  0.175189	  0.335583	

URL http://cisbp.ccbr.utoronto.ca/TFreport.php?searchTF=T096935_1.02

MOTIF M1064_1.02 (GBX1)_(Mus_musculus)_(DBD_0.98)

letter-probability matrix: alength= 4 w= 8 nsites= 1 E= 0
  0.241487	  0.243914	  0.322730	  0.191869	
  0.189717	  0.338842	  0.220420	  0.251021	
  0.139342	  0.124828	  0.031720	  0.704110	
  0.786338	  0.055003	  0.097260	  0.061399	
  0.986540	  0.000494	  0.012357	  0.000609	
  0.068011	  0.068694	  0.075163	  0.788132	
  0.129913	  0.199710	  0.153986	  0.516391	
  0.401050	  0.076255	  0.389197	  0.133498	

URL http://cisbp.ccbr.utoronto.ca/TFreport.php?searchTF=T096945_1.02

MOTIF M1071_1.02 (HOXD3)_(Mus_musculus)_(DBD_1.00)

letter-probability matrix: alength= 4 w= 8 nsites= 1 E= 0
  0.197705	  0.297905	  0.188063	  0.316327	
  0.149881	  0.075932	  0.046518	  0.727668	
  0.769845	  0.044088	  0.131130	  0.054937	
  0.865682	  0.028037	  0.030070	  0.076212	
  0.059224	  0.157799	  0.096672	  0.686305	
  0.154873	  0.134640	  0.362348	  0.348140	
  0.399402	  0.099481	  0.340348	  0.160769	
  0.198563	  0.308310	  0.260111	  0.233016	

URL http://cisbp.ccbr.utoronto.ca/TFreport.php?searchTF=T096971_1.02

MOTIF M1163_1.02 (NKX6-3)_(PBM_CONSTRUCTS)_(DBD_1.00)

letter-probability matrix: alength= 4 w= 9 nsites= 1 E= 0
  0.287806	  0.198798	  0.247717	  0.265679	
  0.306685	  0.119800	  0.155372	  0.418143	
  0.132401	  0.166640	  0.077156	  0.623803	
  0.569683	  0.060044	  0.193462	  0.176811	
  0.836303	  0.006482	  0.067289	  0.089926	
  0.091438	  0.019023	  0.056017	  0.833522	
  0.170676	  0.136971	  0.304834	  0.387520	
  0.473486	  0.077488	  0.323799	  0.125226	
  0.169558	  0.321564	  0.305881	  0.202998	

URL http://cisbp.ccbr.utoronto.ca/TFreport.php?searchTF=T096936_1.02

MOTIF M1166_1.02 (HESX1)_(Acipenser_baerii)_(DBD_0.82)

letter-probability matrix: alength= 4 w= 8 nsites= 1 E= 0
  0.157992	  0.052839	  0.184280	  0.604890	
  0.000189	  0.113311	  0.000189	  0.886312	
  0.999474	  0.000175	  0.000175	  0.000175	
  0.999474	  0.000175	  0.000175	  0.000175	
  0.000175	  0.000175	  0.000175	  0.999474	
  0.000175	  0.000175	  0.000175	  0.999474	
  0.691968	  0.000192	  0.307648	  0.000192	
  0.054266	  0.162257	  0.594222	  0.189255	

URL http://cisbp.ccbr.utoronto.ca/TFreport.php?searchTF=T096947_1.02

MOTIF M1237_1.02 (POU2F3)_(Mus_musculus)_(DBD_0.91)

letter-probability matrix: alength= 4 w= 10 nsites= 1 E= 0
  0.155478	  0.152399	  0.186141	  0.505983	
  0.471120	  0.266430	  0.123361	  0.139089	
  0.778125	  0.059554	  0.038741	  0.123580	
  0.004127	  0.003447	  0.002579	  0.989846	
  0.177439	  0.051348	  0.120136	  0.651077	
  0.552328	  0.065637	  0.022740	  0.359294	
  0.347780	  0.133162	  0.337501	  0.181557	
  0.232942	  0.437374	  0.103626	  0.226058	
  0.510506	  0.195469	  0.149217	  0.144807	
  0.152697	  0.196067	  0.128825	  0.522411	

URL http://cisbp.ccbr.utoronto.ca/TFreport.php?searchTF=T137678_1.02

MOTIF M1357_1.02 (MYBL1)_(Mus_musculus)_(DBD_1.00)

letter-probability matrix: alength= 4 w= 9 nsites= 1 E= 0
  0.242611	  0.252512	  0.187065	  0.317812	
  0.298027	  0.082863	  0.427171	  0.191940	
  0.391712	  0.064105	  0.281611	  0.262572	
  0.117740	  0.748805	  0.035110	  0.098345	
  0.158837	  0.625079	  0.182706	  0.033377	
  0.000043	  0.000045	  0.998220	  0.001692	
  0.000965	  0.003613	  0.047209	  0.948213	
  0.004630	  0.019936	  0.000330	  0.975103	
  0.454283	  0.036919	  0.343340	  0.165458	

URL http://cisbp.ccbr.utoronto.ca/TFreport.php?searchTF=T118762_1.02

MOTIF M1358_1.02 (TERF2)_(Mus_musculus)_(DBD_0.88)

letter-probability matrix: alength= 4 w= 9 nsites= 1 E= 0
  0.206293	  0.240406	  0.206606	  0.346695	
  0.999891	  0.000036	  0.000036	  0.000036	
  0.796771	  0.203156	  0.000036	  0.000036	
  0.000036	  0.999891	  0.000036	  0.000036	
  0.000036	  0.999891	  0.000036	  0.000036	
  0.000036	  0.999891	  0.000036	  0.000036	
  0.000036	  0.000036	  0.000036	  0.999891	
  0.999891	  0.000036	  0.000036	  0.000036	
  0.314680	  0.199860	  0.363719	  0.121741	

URL http://cisbp.ccbr.utoronto.ca/TFreport.php?searchTF=T118751_1.02

MOTIF M1432_1.02 (NR2E1)_(Homo_sapiens)_(DBD_1.00)

letter-probability matrix: alength= 4 w= 10 nsites= 1 E= 0
  0.405254	  0.198249	  0.198249	  0.198249	
  0.119428	  0.327796	  0.119428	  0.433349	
  0.000133	  0.000133	  0.000133	  0.999600	
  0.000133	  0.000133	  0.999600	  0.000133	
  0.999600	  0.000133	  0.000133	  0.000133	
  0.000133	  0.999600	  0.000133	  0.000133	
  0.000133	  0.914640	  0.085093	  0.000133	
  0.000133	  0.000133	  0.093236	  0.906497	
  0.051885	  0.742649	  0.051885	  0.153582	
  0.300668	  0.130706	  0.221671	  0.346956	

URL http://cisbp.ccbr.utoronto.ca/TFreport.php?searchTF=T133714_1.02

MOTIF M1507_1.02 (LCOR)_(Meleagris_gallopavo)_(DBD_1.00)

letter-probability matrix: alength= 4 w= 10 nsites= 1 E= 0
  0.315528	  0.207316	  0.245733	  0.231423	
  0.359436	  0.147604	  0.207376	  0.285584	
  0.332593	  0.038356	  0.102199	  0.526852	
  0.023241	  0.002046	  0.053299	  0.921415	
  0.067518	  0.087566	  0.005768	  0.839149	
  0.224763	  0.191530	  0.248401	  0.335306	
  0.206273	  0.059098	  0.632197	  0.102432	
  0.150805	  0.143451	  0.515940	  0.189804	
  0.242051	  0.278424	  0.264845	  0.214680	
  0.268784	  0.229043	  0.199120	  0.303053	

URL http://cisbp.ccbr.utoronto.ca/TFreport.php?searchTF=T136805_1.02

MOTIF M1519_1.02 (NFAT5)_(Gallus_gallus)_(DBD_1.00)

letter-probability matrix: alength= 4 w= 10 nsites= 1 E= 0
  0.371475	  0.209508	  0.209508	  0.209508	
  0.176057	  0.087532	  0.087532	  0.648879	
  0.000121	  0.000121	  0.000121	  0.999637	
  0.000121	  0.000121	  0.000121	  0.999637	
  0.088646	  0.083984	  0.000121	  0.827249	
  0.000121	  0.914778	  0.000121	  0.084980	
  0.000121	  0.826253	  0.084980	  0.088646	
  0.830915	  0.083984	  0.000121	  0.084980	
  0.124475	  0.287055	  0.040613	  0.547857	
  0.267517	  0.162589	  0.248110	  0.321785	

URL http://cisbp.ccbr.utoronto.ca/TFreport.php?searchTF=T138370_1.02

MOTIF M1526_1.02 (RFX6)_(Cavia_porcellus)_(DBD_0.58)

letter-probability matrix: alength= 4 w= 10 nsites= 1 E= 0
  0.171776	  0.401896	  0.256260	  0.170067	
  0.084066	  0.653013	  0.139994	  0.122928	
  0.244961	  0.340732	  0.159349	  0.254958	
  0.198205	  0.214713	  0.175792	  0.411291	
  0.297979	  0.137968	  0.496222	  0.067831	
  0.218249	  0.083566	  0.636278	  0.061907	
  0.227621	  0.462979	  0.057840	  0.251560	
  0.432530	  0.055682	  0.259732	  0.252056	
  0.742173	  0.119055	  0.084740	  0.054032	
  0.011204	  0.801302	  0.041109	  0.146385	

URL http://cisbp.ccbr.utoronto.ca/TFreport.php?searchTF=T138926_1.02

MOTIF M1529_1.02 (RFX7)_(Mus_musculus)_(DBD_1.00)

letter-probability matrix: alength= 4 w= 10 nsites= 1 E= 0
  0.257402	  0.340577	  0.281643	  0.120378	
  0.111648	  0.611157	  0.169924	  0.107270	
  0.313889	  0.292669	  0.165512	  0.227931	
  0.060619	  0.279947	  0.036401	  0.623033	
  0.543155	  0.088890	  0.307168	  0.060788	
  0.182278	  0.051704	  0.717326	  0.048693	
  0.151291	  0.560711	  0.020475	  0.267523	
  0.642237	  0.022759	  0.185853	  0.149151	
  0.908416	  0.039319	  0.033505	  0.018760	
  0.011861	  0.928182	  0.000621	  0.059337	

URL http://cisbp.ccbr.utoronto.ca/TFreport.php?searchTF=T138925_1.02

MOTIF M1545_1.02 (GMEB1)_(Homo_sapiens)_(DBD_1.00)

letter-probability matrix: alength= 4 w= 9 nsites= 1 E= 0
  0.200518	  0.299137	  0.237674	  0.262671	
  0.196188	  0.198160	  0.343461	  0.262191	
  0.184747	  0.192286	  0.239603	  0.383364	
  0.570333	  0.020619	  0.382306	  0.026742	
  0.000515	  0.999263	  0.000013	  0.000210	
  0.057820	  0.000264	  0.941364	  0.000553	
  0.098874	  0.187513	  0.138913	  0.574700	
  0.263529	  0.341778	  0.205236	  0.189457	
  0.307761	  0.227995	  0.275702	  0.188542	

URL http://cisbp.ccbr.utoronto.ca/TFreport.php?searchTF=T140260_1.02

MOTIF M1589_1.02 (SOX30)_(Mus_musculus)_(DBD_0.97)

letter-probability matrix: alength= 4 w= 10 nsites= 1 E= 0
  0.300752	  0.195642	  0.309911	  0.193695	
  0.241071	  0.285743	  0.248413	  0.224773	
  0.363974	  0.161917	  0.272348	  0.201761	
  0.266335	  0.199289	  0.288517	  0.245858	
  0.492606	  0.142552	  0.262358	  0.102484	
  0.864737	  0.028572	  0.023393	  0.083298	
  0.009745	  0.649875	  0.078790	  0.261590	
  0.999602	  0.000079	  0.000157	  0.000162	
  0.926882	  0.009411	  0.063550	  0.000158	
  0.159696	  0.014929	  0.018417	  0.806958	

URL http://cisbp.ccbr.utoronto.ca/TFreport.php?searchTF=T145197_1.02

MOTIF M1841_1.02 (AR)_(Homo_sapiens)_(DBD_1.00)

letter-probability matrix: alength= 4 w= 15 nsites= 1 E= 0
  0.203195	  0.026593	  0.627521	  0.142691	
  0.326254	  0.219525	  0.217205	  0.237016	
  0.629930	  0.059879	  0.112618	  0.197573	
  0.000000	  0.953150	  0.046850	  0.000000	
  0.670891	  0.027218	  0.012672	  0.289220	
  0.120828	  0.293682	  0.289934	  0.295556	
  0.232554	  0.191951	  0.187043	  0.388453	
  0.243530	  0.359004	  0.265572	  0.131894	
  0.060057	  0.009548	  0.000000	  0.930394	
  0.000000	  0.005800	  0.991879	  0.002320	
  0.000000	  0.000000	  0.000000	  1.000000	
  0.195074	  0.111904	  0.116366	  0.576655	
  0.000000	  1.000000	  0.000000	  0.000000	
  0.000000	  0.420221	  0.000000	  0.579779	
  0.068535	  0.272086	  0.099233	  0.560146	

URL http://cisbp.ccbr.utoronto.ca/TFreport.php?searchTF=T133705_1.02

MOTIF M1889_1.02 (MAX)_(Homo_sapiens)_(DBD_1.00)

letter-probability matrix: alength= 4 w= 10 nsites= 1 E= 0
  0.511174	  0.030165	  0.335559	  0.123102	
  0.551883	  0.045268	  0.276043	  0.126806	
  0.204112	  0.146021	  0.511744	  0.138123	
  0.000000	  1.000000	  0.000000	  0.000000	
  1.000000	  0.000000	  0.000000	  0.000000	
  0.000000	  1.000000	  0.000000	  0.000000	
  0.798616	  0.000000	  0.201384	  0.000000	
  0.000000	  0.000000	  0.000000	  1.000000	
  0.000000	  0.000000	  1.000000	  0.000000	
  0.004966	  0.117606	  0.577814	  0.299613	

URL http://cisbp.ccbr.utoronto.ca/TFreport.php?searchTF=T011282_1.02

MOTIF M1890_1.02 (NFYA)_(Homo_sapiens)_(DBD_0.93)

letter-probability matrix: alength= 4 w= 18 nsites= 1 E= 0
  0.536953	  0.172787	  0.112112	  0.178148	
  0.135379	  0.112568	  0.522354	  0.229699	
  0.404653	  0.257299	  0.247263	  0.090785	
  0.137203	  0.339074	  0.453695	  0.070027	
  0.208257	  0.267336	  0.035698	  0.488709	
  0.021898	  0.095119	  0.546077	  0.336907	
  0.027030	  0.842153	  0.054859	  0.075958	
  0.001825	  0.113253	  0.027600	  0.857322	
  0.025319	  0.116104	  0.819001	  0.039576	
  0.975707	  0.000228	  0.017108	  0.006957	
  0.000570	  0.005931	  0.000912	  0.992587	
  0.001141	  0.000570	  0.000570	  0.997719	
  0.003307	  0.001141	  0.994526	  0.001026	
  0.001369	  0.007984	  0.990306	  0.000342	
  0.042997	  0.305315	  0.001711	  0.649977	
  0.052464	  0.449703	  0.213618	  0.284215	
  0.175297	  0.476277	  0.253992	  0.094434	
  0.485972	  0.129562	  0.308736	  0.075730	

URL http://cisbp.ccbr.utoronto.ca/TFreport.php?searchTF=T070512_1.02

MOTIF M1906_1.02 (SP1)_(Homo_sapiens)_(DBD_0.97)

letter-probability matrix: alength= 4 w= 11 nsites= 1 E= 0
  0.272384	  0.084039	  0.568926	  0.074651	
  0.151477	  0.000000	  0.727845	  0.120678	
  0.235287	  0.000000	  0.764713	  0.000000	
  0.000000	  0.000000	  1.000000	  0.000000	
  0.000000	  0.000000	  1.000000	  0.000000	
  0.314976	  0.529425	  0.000000	  0.155599	
  0.008358	  0.000000	  0.991642	  0.000000	
  0.000000	  0.000000	  1.000000	  0.000000	
  0.221204	  0.000000	  0.767460	  0.011335	
  0.214907	  0.073506	  0.711587	  0.000000	
  0.208381	  0.489008	  0.204488	  0.098122	

URL http://cisbp.ccbr.utoronto.ca/TFreport.php?searchTF=T053917_1.02

MOTIF M1922_1.02 (ETS1)_(Mus_musculus)_(DBD_0.87)

letter-probability matrix: alength= 4 w= 15 nsites= 1 E= 0
  0.268737	  0.252677	  0.336724	  0.141863	
  0.380621	  0.165418	  0.290150	  0.163812	
  0.324946	  0.233940	  0.362955	  0.078158	
  0.622056	  0.033191	  0.309957	  0.034797	
  0.062634	  0.761242	  0.176124	  0.000000	
  0.916488	  0.083512	  0.000000	  0.000000	
  0.000000	  0.000000	  1.000000	  0.000000	
  0.000000	  0.000000	  1.000000	  0.000000	
  1.000000	  0.000000	  0.000000	  0.000000	
  0.823876	  0.000000	  0.000000	  0.176124	
  0.191113	  0.002141	  0.806745	  0.000000	
  0.064775	  0.241435	  0.062634	  0.631156	
  0.227516	  0.100107	  0.531585	  0.140792	
  0.170771	  0.130621	  0.620985	  0.077623	
  0.186831	  0.224839	  0.357602	  0.230728	

URL http://cisbp.ccbr.utoronto.ca/TFreport.php?searchTF=T078555_1.02

MOTIF M1923_1.02 (MYB)_(Mus_musculus)_(DBD_1.00)

letter-probability matrix: alength= 4 w= 10 nsites= 1 E= 0
  0.251277	  0.000000	  0.008172	  0.740552	
  0.000000	  0.000000	  0.969356	  0.030644	
  0.412666	  0.009193	  0.424923	  0.153218	
  0.000000	  1.000000	  0.000000	  0.000000	
  0.945863	  0.000000	  0.000000	  0.054137	
  0.000000	  0.000000	  1.000000	  0.000000	
  0.000000	  0.070480	  0.000000	  0.929520	
  0.000000	  0.000000	  0.000000	  1.000000	
  0.306435	  0.000000	  0.461696	  0.231869	
  0.332993	  0.194076	  0.382022	  0.090909	

URL http://cisbp.ccbr.utoronto.ca/TFreport.php?searchTF=T118754_1.02

MOTIF M1929_1.02 (TP53)_(Homo_sapiens)_(DBD_0.85)

letter-probability matrix: alength= 4 w= 15 nsites= 1 E= 0
  0.002437	  0.963444	  0.004874	  0.029245	
  0.800162	  0.020309	  0.034931	  0.144598	
  0.146223	  0.009748	  0.021121	  0.822908	
  0.001625	  0.002437	  0.995938	  0.000000	
  0.013810	  0.306255	  0.000000	  0.679935	
  0.047929	  0.641755	  0.036556	  0.273761	
  0.139724	  0.070674	  0.131600	  0.658002	
  0.146223	  0.042242	  0.746548	  0.064988	
  0.155158	  0.038180	  0.664500	  0.142161	
  0.455727	  0.000000	  0.484972	  0.059301	
  0.000000	  1.000000	  0.000000	  0.000000	
  0.745735	  0.026807	  0.008936	  0.218522	
  0.157595	  0.023558	  0.036556	  0.782291	
  0.025995	  0.004062	  0.967506	  0.002437	
  0.021121	  0.380991	  0.000000	  0.597888	

URL http://cisbp.ccbr.utoronto.ca/TFreport.php?searchTF=T135589_1.02

MOTIF M1964_1.02 (MYC)_(Mus_musculus)_(DBD_0.95)

letter-probability matrix: alength= 4 w= 10 nsites= 1 E= 0
  0.221368	  0.684161	  0.094470	  0.000000	
