MEME version 4

ALPHABET= ACGT

strands: + -

Background letter frequencies (from uniform background):
A 0.25000 C 0.25000 G 0.25000 T 0.25000 

MOTIF M0084_1.02 (TFAP2C)_(Mus_musculus)_(DBD_0.90)

letter-probability matrix: alength= 4 w= 10 nsites= 1 E= 0
  0.194725	  0.400049	  0.150143	  0.255083	
  0.089600	  0.325498	  0.526030	  0.058872	
  0.000086	  0.989917	  0.000244	  0.009753	
  0.001248	  0.813717	  0.012325	  0.172710	
  0.070689	  0.449572	  0.225494	  0.254244	
  0.114154	  0.272476	  0.444767	  0.168603	
  0.586691	  0.182089	  0.161499	  0.069721	
  0.199175	  0.001924	  0.791701	  0.007201	
  0.019359	  0.000265	  0.975696	  0.004679	
  0.061747	  0.509308	  0.305837	  0.123107	

URL http://cisbp.ccbr.utoronto.ca/TFreport.php?searchTF=T004962_1.02

MOTIF M0104_1.02 (ARID3B)_(Mus_musculus)_(DBD_0.98)

letter-probability matrix: alength= 4 w= 11 nsites= 1 E= 0
  0.467943	  0.177352	  0.177352	  0.177352	
  0.273411	  0.080067	  0.080067	  0.566454	
  0.609177	  0.119174	  0.033749	  0.237901	
  0.104443	  0.000141	  0.000141	  0.895276	
  0.000141	  0.000141	  0.000141	  0.999578	
  0.999578	  0.000141	  0.000141	  0.000141	
  0.910941	  0.000141	  0.000141	  0.088778	
  0.088778	  0.000141	  0.000141	  0.910941	
  0.261793	  0.167866	  0.072788	  0.497552	
  0.489780	  0.170073	  0.170073	  0.170073	
  0.350824	  0.216392	  0.216392	  0.216392	

URL http://cisbp.ccbr.utoronto.ca/TFreport.php?searchTF=T007702_1.02

MOTIF M0105_1.02 (ARID3C)_(Mus_musculus)_(DBD_0.87)

letter-probability matrix: alength= 4 w= 9 nsites= 1 E= 0
  0.265180	  0.185010	  0.202433	  0.347377	
  0.185396	  0.187259	  0.108039	  0.519306	
  0.151265	  0.141039	  0.100387	  0.607308	
  0.095920	  0.138866	  0.056459	  0.708755	
  0.354424	  0.113351	  0.333784	  0.198441	
  0.739186	  0.094212	  0.057143	  0.109459	
  0.023279	  0.024473	  0.020037	  0.932211	
  0.285933	  0.246105	  0.089636	  0.378326	
  0.254088	  0.232219	  0.267115	  0.246578	

URL http://cisbp.ccbr.utoronto.ca/TFreport.php?searchTF=T007699_1.02

MOTIF M0174_1.02 (TFE3)_(Mus_musculus)_(DBD_0.61)

letter-probability matrix: alength= 4 w= 10 nsites= 1 E= 0
  0.280635	  0.184390	  0.316415	  0.218559	
  0.390544	  0.069237	  0.481806	  0.058413	
  0.073191	  0.091202	  0.083352	  0.752255	
  0.006168	  0.991693	  0.001767	  0.000371	
  0.893698	  0.042750	  0.012371	  0.051181	
  0.006567	  0.707771	  0.068178	  0.217483	
  0.151077	  0.039956	  0.794559	  0.014408	
  0.254645	  0.242226	  0.115569	  0.387560	
  0.035893	  0.036253	  0.863104	  0.064750	
  0.230459	  0.225896	  0.347260	  0.196384	

URL http://cisbp.ccbr.utoronto.ca/TFreport.php?searchTF=T016222_1.02

MOTIF M0177_1.02 (TWIST2)_(Mus_musculus)_(DBD_1.00)

letter-probability matrix: alength= 4 w= 10 nsites= 1 E= 0
  0.301828	  0.199871	  0.298430	  0.199871	
  0.282456	  0.579511	  0.069016	  0.069016	
  0.000139	  0.999582	  0.000139	  0.000139	
  0.999582	  0.000139	  0.000139	  0.000139	
  0.000139	  0.217001	  0.000139	  0.782721	
  0.789108	  0.000139	  0.210614	  0.000139	
  0.000139	  0.000139	  0.000139	  0.999582	
  0.000139	  0.000139	  0.999582	  0.000139	
  0.050268	  0.050268	  0.154736	  0.744728	
  0.181123	  0.181123	  0.272271	  0.365483	

URL http://cisbp.ccbr.utoronto.ca/TFreport.php?searchTF=T016199_1.02

MOTIF M0181_1.02 (MLX)_(Mus_musculus)_(DBD_0.98)

letter-probability matrix: alength= 4 w= 9 nsites= 1 E= 0
  0.213190	  0.185339	  0.327729	  0.273742	
  0.340712	  0.160941	  0.265347	  0.233000	
  0.209405	  0.197210	  0.258338	  0.335047	
  0.000001	  0.999579	  0.000071	  0.000349	
  0.888940	  0.000000	  0.111055	  0.000004	
  0.000027	  0.798969	  0.000000	  0.201004	
  0.000000	  0.076487	  0.922526	  0.000987	
  0.097990	  0.012742	  0.112715	  0.776553	
  0.052222	  0.053812	  0.769317	  0.124649	

URL http://cisbp.ccbr.utoronto.ca/TFreport.php?searchTF=T016197_1.02

MOTIF M0187_1.02 (SREBF1)_(Mus_musculus)_(DBD_0.98)

letter-probability matrix: alength= 4 w= 10 nsites= 1 E= 0
  0.393016	  0.151995	  0.362799	  0.092190	
  0.117172	  0.118350	  0.069661	  0.694816	
  0.128123	  0.479620	  0.327993	  0.064264	
  0.397372	  0.002704	  0.466320	  0.133603	
  0.000288	  0.485023	  0.315512	  0.199177	
  0.212693	  0.139749	  0.578160	  0.069397	
  0.099009	  0.160007	  0.002045	  0.738939	
  0.055450	  0.025674	  0.841747	  0.077129	
  0.578926	  0.073052	  0.141341	  0.206681	
  0.101129	  0.261489	  0.146407	  0.490975	

URL http://cisbp.ccbr.utoronto.ca/TFreport.php?searchTF=T016224_1.02

MOTIF M0189_1.02 (ID2)_(Mus_musculus)_(DBD_0.98)

letter-probability matrix: alength= 4 w= 8 nsites= 1 E= 0
  0.277716	  0.166851	  0.499446	  0.055987	
  0.000370	  0.998891	  0.000370	  0.000370	
  0.999001	  0.000333	  0.000333	  0.000333	
  0.000333	  0.999001	  0.000333	  0.000333	
  0.000333	  0.000333	  0.999001	  0.000333	
  0.000333	  0.000333	  0.000333	  0.999001	
  0.000344	  0.000344	  0.998967	  0.000344	
  0.499546	  0.045826	  0.272686	  0.181942	

URL http://cisbp.ccbr.utoronto.ca/TFreport.php?searchTF=T016187_1.02

MOTIF M0196_1.02 (NPAS2)_(Mus_musculus)_(DBD_0.96)

letter-probability matrix: alength= 4 w= 10 nsites= 1 E= 0
  0.273313	  0.176530	  0.292754	  0.257403	
  0.154185	  0.377249	  0.420347	  0.048219	
  0.000226	  0.999321	  0.000226	  0.000226	
  0.999321	  0.000226	  0.000226	  0.000226	
  0.081100	  0.918447	  0.000226	  0.000226	
  0.081100	  0.000226	  0.918447	  0.000226	
  0.000226	  0.000226	  0.000226	  0.999321	
  0.081100	  0.000226	  0.918447	  0.000226	
  0.073697	  0.172181	  0.187665	  0.566457	
  0.297058	  0.298928	  0.202007	  0.202007	

URL http://cisbp.ccbr.utoronto.ca/TFreport.php?searchTF=T016211_1.02

MOTIF M0211_1.02 (MLXIP)_(Mus_musculus)_(DBD_0.84)

letter-probability matrix: alength= 4 w= 8 nsites= 1 E= 0
  0.053046	  0.263130	  0.420693	  0.263130	
  0.000399	  0.998802	  0.000399	  0.000399	
  0.998802	  0.000399	  0.000399	  0.000399	
  0.000399	  0.998802	  0.000399	  0.000399	
  0.000399	  0.000399	  0.998802	  0.000399	
  0.000399	  0.000399	  0.000399	  0.998802	
  0.000399	  0.000399	  0.998802	  0.000399	
  0.187656	  0.062968	  0.250000	  0.499377	

URL http://cisbp.ccbr.utoronto.ca/TFreport.php?searchTF=T016192_1.02

MOTIF M0214_1.02 (TCF23)_(Mus_musculus)_(DBD_0.60)

letter-probability matrix: alength= 4 w= 9 nsites= 1 E= 0
  0.745050	  0.002475	  0.250000	  0.002475	
  0.747512	  0.250000	  0.001244	  0.001244	
  0.001244	  0.996269	  0.001244	  0.001244	
  0.996269	  0.001244	  0.001244	  0.001244	
  0.001244	  0.001244	  0.374378	  0.623134	
  0.623134	  0.374378	  0.001244	  0.001244	
  0.001244	  0.001244	  0.001244	  0.996269	
  0.001244	  0.001244	  0.996269	  0.001244	
  0.002475	  0.002475	  0.497525	  0.497525	

URL http://cisbp.ccbr.utoronto.ca/TFreport.php?searchTF=T016227_1.02

MOTIF M0298_1.02 (ATF3)_(Mus_musculus)_(DBD_0.97)

letter-probability matrix: alength= 4 w= 9 nsites= 1 E= 0
  0.180173	  0.245653	  0.229045	  0.345129	
  0.180819	  0.146569	  0.458287	  0.214325	
  0.556878	  0.113562	  0.235650	  0.093911	
  0.020212	  0.000716	  0.000325	  0.978747	
  0.084476	  0.056062	  0.643206	  0.216256	
  0.854376	  0.000259	  0.030888	  0.114477	
  0.078044	  0.669994	  0.033357	  0.218605	
  0.230071	  0.132739	  0.463306	  0.173884	
  0.217065	  0.252194	  0.200376	  0.330365	

URL http://cisbp.ccbr.utoronto.ca/TFreport.php?searchTF=T026660_1.02

MOTIF M0300_1.02 (ATF2)_(Mus_musculus)_(DBD_0.72)

letter-probability matrix: alength= 4 w= 10 nsites= 1 E= 0
  0.291870	  0.184253	  0.277636	  0.246241	
  0.530199	  0.133387	  0.274034	  0.062380	
  0.035631	  0.062379	  0.001238	  0.900752	
  0.073796	  0.082377	  0.556301	  0.287525	
  0.757933	  0.025806	  0.125285	  0.090976	
  0.084682	  0.638364	  0.084682	  0.192271	
  0.156906	  0.065082	  0.710273	  0.067738	
  0.117142	  0.166233	  0.068950	  0.647675	
  0.368627	  0.407396	  0.102492	  0.121484	
  0.489340	  0.124345	  0.187365	  0.198951	

URL http://cisbp.ccbr.utoronto.ca/TFreport.php?searchTF=T026676_1.02

MOTIF M0309_1.02 (ATF7)_(Mus_musculus)_(DBD_1.00)

letter-probability matrix: alength= 4 w= 10 nsites= 1 E= 0
  0.260002	  0.181397	  0.311279	  0.247322	
  0.577516	  0.121357	  0.289668	  0.011459	
  0.000019	  0.055723	  0.000006	  0.944252	
  0.074595	  0.061073	  0.579449	  0.284883	
  0.852748	  0.005980	  0.140958	  0.000313	
  0.000066	  0.834717	  0.000028	  0.165189	
  0.169554	  0.075428	  0.694486	  0.060532	
  0.133120	  0.126628	  0.087466	  0.652787	
  0.371994	  0.440927	  0.102399	  0.084680	
  0.527113	  0.119991	  0.170275	  0.182621	

URL http://cisbp.ccbr.utoronto.ca/TFreport.php?searchTF=T026659_1.02

MOTIF M0319_1.02 (CREM)_(Mus_musculus)_(DBD_1.00)

letter-probability matrix: alength= 4 w= 10 nsites= 1 E= 0
  0.183122	  0.183122	  0.270541	  0.363215	
  0.645397	  0.087274	  0.180054	  0.087274	
  0.000184	  0.000184	  0.000184	  0.999448	
  0.000184	  0.000184	  0.724689	  0.274944	
  0.999448	  0.000184	  0.000184	  0.000184	
  0.000184	  0.999448	  0.000184	  0.000184	
  0.000184	  0.000184	  0.999448	  0.000184	
  0.000184	  0.000184	  0.000184	  0.999448	
  0.547966	  0.317911	  0.067062	  0.067062	
  0.511272	  0.162909	  0.162909	  0.162909	

URL http://cisbp.ccbr.utoronto.ca/TFreport.php?searchTF=T026655_1.02

MOTIF M0395_1.02 (ENSSTOG00000008606)_(Mus_musculus)_(DBD_0.90)

letter-probability matrix: alength= 4 w= 8 nsites= 1 E= 0
  0.000093	  0.000093	  0.999721	  0.000093	
  0.185064	  0.000093	  0.259544	  0.555300	
  0.809118	  0.000093	  0.190696	  0.000093	
  0.000093	  0.795572	  0.000093	  0.204242	
  0.198253	  0.107873	  0.081000	  0.612874	
  0.999721	  0.000093	  0.000093	  0.000093	
  0.720654	  0.000093	  0.279160	  0.000093	
  0.000093	  0.000093	  0.279160	  0.720654	

URL http://cisbp.ccbr.utoronto.ca/TFreport.php?searchTF=T054482_1.02

MOTIF M0398_1.02 (ZSCAN10)_(Mus_musculus)_(DBD_0.82)

letter-probability matrix: alength= 4 w= 11 nsites= 1 E= 0
  0.302984	  0.232339	  0.232339	  0.232339	
  0.040148	  0.040148	  0.879557	  0.040148	
  0.232382	  0.017611	  0.503545	  0.246461	
  0.510667	  0.000101	  0.489130	  0.000101	
  0.999696	  0.000101	  0.000101	  0.000101	
  0.000101	  0.000101	  0.999696	  0.000101	
  0.000101	  0.000101	  0.000101	  0.999696	
  0.000101	  0.000101	  0.999696	  0.000101	
  0.017763	  0.877019	  0.017763	  0.087456	
  0.370139	  0.209954	  0.209954	  0.209954	
  0.302529	  0.232490	  0.232490	  0.232490	

URL http://cisbp.ccbr.utoronto.ca/TFreport.php?searchTF=T054381_1.02

MOTIF M0408_1.02 (ZKSCAN1)_(Mus_musculus)_(DBD_0.99)

letter-probability matrix: alength= 4 w= 10 nsites= 1 E= 0
  0.368659	  0.127974	  0.237717	  0.265650	
  0.253090	  0.257619	  0.185858	  0.303434	
  0.201345	  0.206571	  0.334720	  0.257364	
  0.145520	  0.301411	  0.103189	  0.449879	
  0.311749	  0.108333	  0.429663	  0.150255	
  0.150255	  0.429663	  0.108333	  0.311749	
  0.449879	  0.103189	  0.301411	  0.145520	
  0.257364	  0.334720	  0.206571	  0.201345	
  0.303434	  0.185858	  0.257619	  0.253090	
  0.265650	  0.237717	  0.127974	  0.368659	

URL http://cisbp.ccbr.utoronto.ca/TFreport.php?searchTF=T054513_1.02

MOTIF M0424_1.02 (SNAI1)_(Mus_musculus)_(DBD_0.90)

letter-probability matrix: alength= 4 w= 10 nsites= 1 E= 0
  0.277274	  0.205410	  0.231599	  0.285718	
  0.260772	  0.211378	  0.215648	  0.312201	
  0.119201	  0.079108	  0.058605	  0.743086	
  0.006837	  0.028857	  0.918136	  0.046171	
  0.862086	  0.000771	  0.084720	  0.052423	
  0.039362	  0.891405	  0.009326	  0.059907	
  0.762638	  0.017936	  0.180690	  0.038737	
  0.164638	  0.133453	  0.461162	  0.240748	
  0.190999	  0.293614	  0.282101	  0.233286	
  0.218148	  0.236317	  0.178604	  0.366931	

URL http://cisbp.ccbr.utoronto.ca/TFreport.php?searchTF=T054430_1.02

MOTIF M0428_1.02 (ZNF691)_(Mus_musculus)_(DBD_0.87)

letter-probability matrix: alength= 4 w= 8 nsites= 1 E= 0
  0.516489	  0.100100	  0.283311	  0.100100	
  0.081474	  0.127964	  0.523129	  0.267434	
  0.018955	  0.000094	  0.980856	  0.000094	
  0.971426	  0.009525	  0.018955	  0.000094	
  0.009525	  0.000094	  0.971426	  0.018955	
  0.000095	  0.647468	  0.009615	  0.342822	
  0.791865	  0.188143	  0.000099	  0.019893	
  0.054901	  0.890060	  0.013828	  0.041210	

URL http://cisbp.ccbr.utoronto.ca/TFreport.php?searchTF=T054308_1.02

MOTIF M0431_1.02 (OSR1)_(Mus_musculus)_(DBD_1.00)

letter-probability matrix: alength= 4 w= 9 nsites= 1 E= 0
  0.403971	  0.240169	  0.179710	  0.176151	
  0.198142	  0.544020	  0.131497	  0.126341	
  0.492328	  0.000000	  0.507322	  0.000350	
  0.083075	  0.002363	  0.906640	  0.007923	
  0.250624	  0.044432	  0.158215	  0.546729	
  0.796265	  0.000247	  0.170704	  0.032784	
  0.140921	  0.002359	  0.835642	  0.021077	
  0.097198	  0.532058	  0.178887	  0.191857	
  0.295275	  0.246634	  0.218745	  0.239345	

URL http://cisbp.ccbr.utoronto.ca/TFreport.php?searchTF=T054627_1.02

MOTIF M0436_1.02 (ZNF35)_(Mus_musculus)_(DBD_0.96)

letter-probability matrix: alength= 4 w= 10 nsites= 1 E= 0
  0.108008	  0.054174	  0.023623	  0.814196	
  0.040151	  0.120620	  0.016488	  0.822741	
  0.317341	  0.134287	  0.387601	  0.160770	
  0.124227	  0.077642	  0.111287	  0.686845	
  0.050023	  0.092064	  0.043488	  0.814425	
  0.133657	  0.086945	  0.303467	  0.475931	
  0.339638	  0.088933	  0.267169	  0.304260	
  0.204153	  0.251859	  0.141015	  0.402973	
  0.173772	  0.220908	  0.186372	  0.418948	
  0.251866	  0.246878	  0.320184	  0.181072	

URL http://cisbp.ccbr.utoronto.ca/TFreport.php?searchTF=T054619_1.02

MOTIF M0442_1.02 (ZBTB3)_(Mus_musculus)_(DBD_1.00)

letter-probability matrix: alength= 4 w= 9 nsites= 1 E= 0
  0.270078	  0.259488	  0.249313	  0.221121	
  0.278329	  0.234817	  0.254374	  0.232480	
  0.155698	  0.118856	  0.218747	  0.506699	
  0.151076	  0.236935	  0.571226	  0.040763	
  0.061428	  0.904932	  0.012780	  0.020861	
  0.988678	  0.000117	  0.000000	  0.011205	
  0.012623	  0.105162	  0.850223	  0.031992	
  0.038334	  0.329088	  0.008468	  0.624110	
  0.150689	  0.044935	  0.604994	  0.199381	

URL http://cisbp.ccbr.utoronto.ca/TFreport.php?searchTF=T054396_1.02

MOTIF M0447_1.02 (BCL11B)_(Caenorhabditis_elegans)_(DBD_0.73)

letter-probability matrix: alength= 4 w= 10 nsites= 1 E= 0
  0.391273	  0.146849	  0.267577	  0.194301	
  0.236558	  0.241337	  0.322529	  0.199576	
  0.063325	  0.269963	  0.106515	  0.560196	
  0.004417	  0.002260	  0.968160	  0.025164	
  0.019015	  0.007208	  0.958364	  0.015413	
  0.150280	  0.035251	  0.000029	  0.814440	
  0.000025	  0.973874	  0.003426	  0.022675	
  0.905030	  0.032719	  0.031436	  0.030814	
  0.261983	  0.246726	  0.254240	  0.237052	
  0.139579	  0.281078	  0.155809	  0.423533	

URL http://cisbp.ccbr.utoronto.ca/TFreport.php?searchTF=T054451_1.02

MOTIF M0608_1.02 (MLL)_(Homo_sapiens)_(DBD_1.00)

letter-probability matrix: alength= 4 w= 10 nsites= 1 E= 0
  0.255050	  0.190845	  0.321006	  0.233098	
  0.295043	  0.239157	  0.307084	  0.158717	
  0.232323	  0.272634	  0.329682	  0.165361	
  0.275506	  0.167103	  0.440808	  0.116584	
  0.166251	  0.276857	  0.388969	  0.167922	
  0.008509	  0.907839	  0.064140	  0.019513	
  0.056470	  0.014207	  0.928630	  0.000693	
  0.265416	  0.194669	  0.228446	  0.311469	
  0.411622	  0.114446	  0.254705	  0.219227	
  0.348511	  0.224454	  0.211383	  0.215653	

URL http://cisbp.ccbr.utoronto.ca/TFreport.php?searchTF=T074716_1.02

MOTIF M0630_1.02 (DMRT1)_(Homo_sapiens)_(DBD_0.91)

letter-probability matrix: alength= 4 w= 10 nsites= 1 E= 0
  0.471737	  0.142084	  0.127284	  0.258895	
  0.433336	  0.119285	  0.135845	  0.311535	
  0.263167	  0.062978	  0.058136	  0.615718	
  0.118099	  0.043014	  0.736217	  0.102670	
  0.050738	  0.040718	  0.031396	  0.877148	
  0.522994	  0.042080	  0.101450	  0.333476	
  0.302427	  0.047553	  0.265560	  0.384460	
  0.105681	  0.672112	  0.073731	  0.148476	
  0.322263	  0.195462	  0.241137	  0.241137	
  0.458630	  0.126247	  0.182773	  0.232350	

URL http://cisbp.ccbr.utoronto.ca/TFreport.php?searchTF=T075241_1.02

MOTIF M0635_1.02 (DMRTC2)_(Mus_musculus)_(DBD_1.00)

letter-probability matrix: alength= 4 w= 13 nsites= 1 E= 0
  0.341381	  0.219540	  0.219540	  0.219540	
  0.474682	  0.175106	  0.175106	  0.175106	
  0.263748	  0.386040	  0.175106	  0.175106	
  0.680243	  0.106586	  0.106586	  0.106586	
  0.022531	  0.022531	  0.022531	  0.932406	
  0.187692	  0.000165	  0.811978	  0.000165	
  0.000165	  0.000165	  0.000165	  0.999505	
  0.877664	  0.000165	  0.000165	  0.122006	
  0.119267	  0.030625	  0.030625	  0.819483	
  0.401418	  0.260937	  0.075059	  0.262586	
  0.537929	  0.311953	  0.075059	  0.075059	
  0.383101	  0.143579	  0.143579	  0.329740	
  0.317099	  0.227634	  0.227634	  0.227634	

URL http://cisbp.ccbr.utoronto.ca/TFreport.php?searchTF=T075238_1.02

MOTIF M0689_1.02 (ETV3L)_(Mus_musculus)_(DBD_0.99)

letter-probability matrix: alength= 4 w= 10 nsites= 1 E= 0
  0.313334	  0.205875	  0.241597	  0.239193	
  0.387641	  0.160787	  0.247171	  0.204400	
  0.197818	  0.349795	  0.246496	  0.205891	
  0.265919	  0.499293	  0.148888	  0.085901	
  0.048518	  0.002724	  0.908635	  0.040123	
  0.060566	  0.022505	  0.883356	  0.033573	
  0.952353	  0.001933	  0.000612	  0.045102	
  0.571191	  0.089812	  0.022370	  0.316627	
  0.381171	  0.136081	  0.408809	  0.073940	
  0.173410	  0.277455	  0.131061	  0.418074	

URL http://cisbp.ccbr.utoronto.ca/TFreport.php?searchTF=T078600_1.02

MOTIF M0703_1.02 (ELK4)_(Mus_musculus)_(DBD_1.00)

letter-probability matrix: alength= 4 w= 10 nsites= 1 E= 0
  0.292662	  0.237228	  0.244452	  0.225658	
  0.396424	  0.156410	  0.290756	  0.156410	
  0.143761	  0.549031	  0.188322	  0.118885	
  0.120828	  0.832447	  0.032930	  0.013796	
  0.000258	  0.000099	  0.996966	  0.002677	
  0.006486	  0.006108	  0.981989	  0.005417	
  0.929250	  0.010220	  0.029206	  0.031324	
  0.638426	  0.070740	  0.020677	  0.270158	
  0.353350	  0.140817	  0.431582	  0.074252	
  0.136540	  0.294896	  0.110678	  0.457886	

URL http://cisbp.ccbr.utoronto.ca/TFreport.php?searchTF=T078607_1.02

MOTIF M0705_1.02 (ETV6)_(Mus_musculus)_(DBD_0.52)

letter-probability matrix: alength= 4 w= 10 nsites= 1 E= 0
  0.334466	  0.166091	  0.231027	  0.268415	
  0.310818	  0.221231	  0.244498	  0.223454	
  0.180155	  0.373837	  0.297026	  0.148981	
  0.268613	  0.504350	  0.144499	  0.082539	
  0.017253	  0.001160	  0.970695	  0.010892	
  0.032848	  0.025582	  0.917718	  0.023853	
  0.926227	  0.024560	  0.019514	  0.029699	
  0.879574	  0.038453	  0.015324	  0.066649	
  0.369584	  0.085831	  0.519246	  0.025340	
  0.142210	  0.259123	  0.082048	  0.516619	

URL http://cisbp.ccbr.utoronto.ca/TFreport.php?searchTF=T078608_1.02

MOTIF M0706_1.02 (ELF4)_(Mus_musculus)_(DBD_1.00)

letter-probability matrix: alength= 4 w= 10 nsites= 1 E= 0
  0.352704	  0.187847	  0.218248	  0.241201	
  0.295417	  0.283834	  0.188366	  0.232383	
  0.200864	  0.429503	  0.247802	  0.121830	
  0.289523	  0.522297	  0.118894	  0.069286	
  0.138981	  0.013254	  0.791822	  0.055943	
  0.109863	  0.063386	  0.772195	  0.054556	
  0.902087	  0.004458	  0.007424	  0.086031	
  0.789723	  0.012203	  0.005268	  0.192806	
  0.278298	  0.168796	  0.445276	  0.107629	
  0.208426	  0.254572	  0.121460	  0.415542	

URL http://cisbp.ccbr.utoronto.ca/TFreport.php?searchTF=T078595_1.02

MOTIF M0733_1.02 (FOXO3)_(Mus_musculus)_(DBD_0.91)

letter-probability matrix: alength= 4 w= 8 nsites= 1 E= 0
  0.346154	  0.076923	  0.557692	  0.019231	
  0.181818	  0.038961	  0.012987	  0.766234	
  0.650602	  0.277108	  0.024096	  0.048193	
  0.916667	  0.035714	  0.011905	  0.035714	
  0.952381	  0.011905	  0.011905	  0.023810	
  0.011905	  0.845238	  0.011905	  0.130952	
  0.964286	  0.011905	  0.011905	  0.011905	
  0.571429	  0.142857	  0.126984	  0.158730	

URL http://cisbp.ccbr.utoronto.ca/TFreport.php?searchTF=T082386_1.02

MOTIF M0736_1.02 (FOXK1)_(Mus_musculus)_(DBD_1.00)

letter-probability matrix: alength= 4 w= 8 nsites= 1 E= 0
  0.309467	  0.142959	  0.547336	  0.000238	
  0.295052	  0.000164	  0.000164	  0.704620	
  0.619510	  0.295749	  0.000141	  0.084600	
  0.888534	  0.069545	  0.000139	  0.041782	
  0.999584	  0.000139	  0.000139	  0.000139	
  0.000139	  0.957940	  0.000139	  0.041782	
  0.999572	  0.000143	  0.000143	  0.000143	
  0.660068	  0.132164	  0.056750	  0.151018	

URL http://cisbp.ccbr.utoronto.ca/TFreport.php?searchTF=T082383_1.02

MOTIF M0737_1.02 (FOXB2)_(Mus_musculus)_(DBD_0.94)

letter-probability matrix: alength= 4 w= 10 nsites= 1 E= 0
  0.329842	  0.082156	  0.060257	  0.527746	
  0.520070	  0.108198	  0.255689	  0.116043	
  0.283345	  0.081996	  0.128595	  0.506065	
  0.209230	  0.033229	  0.701648	  0.055893	
  0.071321	  0.155585	  0.032694	  0.740400	
  0.638753	  0.232646	  0.070072	  0.058529	
  0.729556	  0.133278	  0.066184	  0.070983	
  0.865457	  0.036352	  0.043959	  0.054231	
  0.059316	  0.519509	  0.058726	  0.362449	
  0.777489	  0.053307	  0.067092	  0.102112	

URL http://cisbp.ccbr.utoronto.ca/TFreport.php?searchTF=T082396_1.02

MOTIF M0887_1.02 (HOXA2)_(Homo_sapiens)_(DBD_1.00)

letter-probability matrix: alength= 4 w= 9 nsites= 1 E= 0
  0.230829	  0.276353	  0.240250	  0.252568	
  0.231609	  0.269091	  0.248402	  0.250899	
  0.162001	  0.234535	  0.145126	  0.458337	
  0.508116	  0.051455	  0.262620	  0.177809	
  0.517403	  0.208267	  0.105512	  0.168818	
  0.196825	  0.250213	  0.078438	  0.474524	
  0.161490	  0.169769	  0.359402	  0.309340	
  0.400484	  0.161204	  0.204931	  0.233381	
  0.224564	  0.277040	  0.282637	  0.215759	

URL http://cisbp.ccbr.utoronto.ca/TFreport.php?searchTF=T097256_1.02

MOTIF M0888_1.02 (NOBOX)_(Homo_sapiens)_(DBD_0.95)

letter-probability matrix: alength= 4 w= 10 nsites= 1 E= 0
  0.210009	  0.307093	  0.264318	  0.218580	
  0.229725	  0.241503	  0.168491	  0.360281	
  0.219200	  0.167332	  0.063433	  0.550035	
  0.490926	  0.121061	  0.216219	  0.171794	
  0.861810	  0.024024	  0.048864	  0.065303	
  0.070986	  0.119401	  0.129345	  0.680268	
  0.138026	  0.117618	  0.179010	  0.565347	
  0.336039	  0.093431	  0.481655	  0.088875	
  0.244137	  0.214375	  0.364209	  0.177279	
  0.224703	  0.291424	  0.195348	  0.288525	

URL http://cisbp.ccbr.utoronto.ca/TFreport.php?searchTF=T097166_1.02

MOTIF M0894_1.02 (LBX1)_(Homo_sapiens)_(DBD_1.00)

letter-probability matrix: alength= 4 w= 8 nsites= 1 E= 0
  0.217448	  0.130642	  0.174045	  0.477865	
  0.000244	  0.048977	  0.000244	  0.950536	
  0.999286	  0.000238	  0.000238	  0.000238	
  0.999286	  0.000238	  0.000238	  0.000238	
  0.000238	  0.261893	  0.000238	  0.737631	
  0.142959	  0.000238	  0.119172	  0.737631	
  0.731238	  0.000244	  0.268275	  0.000244	
  0.028824	  0.114441	  0.799372	  0.057363	

URL http://cisbp.ccbr.utoronto.ca/TFreport.php?searchTF=T097195_1.02

MOTIF M0897_1.02 (HOXB13)_(Homo_sapiens)_(DBD_1.00)

letter-probability matrix: alength= 4 w= 10 nsites= 1 E= 0
  0.244335	  0.167091	  0.216706	  0.371868	
  0.119073	  0.076687	  0.112138	  0.692102	
  0.126395	  0.084725	  0.061523	  0.727356	
  0.288240	  0.085097	  0.068978	  0.557684	
  0.841220	  0.000409	  0.107217	  0.051155	
  0.061093	  0.341176	  0.023865	  0.573867	
  0.273557	  0.064813	  0.334123	  0.327507	
  0.376565	  0.079925	  0.391933	  0.151577	
  0.146350	  0.246164	  0.409935	  0.197551	
  0.219274	  0.273233	  0.265157	  0.242336	

URL http://cisbp.ccbr.utoronto.ca/TFreport.php?searchTF=T097246_1.02

MOTIF M0911_1.02 (MNX1)_(Mus_musculus)_(DBD_1.00)

letter-probability matrix: alength= 4 w= 10 nsites= 1 E= 0
  0.247073	  0.284202	  0.206373	  0.262352	
  0.149870	  0.075171	  0.040036	  0.734924	
  0.706549	  0.090958	  0.126519	  0.075974	
  0.851645	  0.008910	  0.044131	  0.095313	
  0.070692	  0.091682	  0.096383	  0.741243	
  0.120799	  0.217919	  0.226813	  0.434469	
  0.367812	  0.088905	  0.402450	  0.140833	
  0.215590	  0.296895	  0.274069	  0.213445	
  0.220651	  0.269503	  0.211999	  0.297847	
  0.238452	  0.238452	  0.243269	  0.279826	

URL http://cisbp.ccbr.utoronto.ca/TFreport.php?searchTF=T097183_1.02

MOTIF M0912_1.02 (HOXC13)_(Mus_musculus)_(DBD_1.00)

letter-probability matrix: alength= 4 w= 10 nsites= 1 E= 0
  0.228970	  0.253051	  0.279665	  0.238314	
  0.191994	  0.418829	  0.244072	  0.145106	
  0.132557	  0.356741	  0.070599	  0.440104	
  0.324192	  0.369199	  0.054127	  0.252481	
  0.552686	  0.023684	  0.355950	  0.067680	
  0.046339	  0.058908	  0.000505	  0.894248	
  0.622496	  0.039795	  0.066270	  0.271439	
  0.822278	  0.010827	  0.043907	  0.122987	
  0.758821	  0.086640	  0.042172	  0.112366	
  0.402869	  0.200059	  0.152721	  0.244352	

URL http://cisbp.ccbr.utoronto.ca/TFreport.php?searchTF=T097229_1.02

MOTIF M0916_1.02 (EVX1)_(Mus_musculus)_(DBD_1.00)

letter-probability matrix: alength= 4 w= 8 nsites= 1 E= 0
  0.235698	  0.265748	  0.314993	  0.183561	
  0.194613	  0.361771	  0.230676	  0.212940	
  0.142042	  0.092400	  0.025949	  0.739610	
  0.699379	  0.079059	  0.175949	  0.045613	
  0.870945	  0.043362	  0.006683	  0.079010	
  0.058490	  0.192260	  0.064641	  0.684609	
  0.137513	  0.209290	  0.328232	  0.324966	
  0.380775	  0.133247	  0.314885	  0.171093	

URL http://cisbp.ccbr.utoronto.ca/TFreport.php?searchTF=T097223_1.02

MOTIF M0921_1.02 (VAX2)_(Mus_musculus)_(DBD_0.93)

letter-probability matrix: alength= 4 w= 9 nsites= 1 E= 0
  0.200803	  0.302573	  0.191010	  0.305614	
  0.177817	  0.085691	  0.029688	  0.706804	
  0.715401	  0.087605	  0.110260	  0.086734	
  0.840802	  0.036758	  0.032929	  0.089511	
  0.121787	  0.065514	  0.104823	  0.707876	
  0.181849	  0.125609	  0.315190	  0.377351	
  0.418678	  0.099197	  0.332654	  0.149471	
  0.227606	  0.295189	  0.267098	  0.210107	
  0.191129	  0.318285	  0.222060	  0.268526	

URL http://cisbp.ccbr.utoronto.ca/TFreport.php?searchTF=T097202_1.02

MOTIF M0923_1.02 (PHOX2A)_(Mus_musculus)_(DBD_1.00)

letter-probability matrix: alength= 4 w= 8 nsites= 1 E= 0
  0.243151	  0.255618	  0.294031	  0.207200	
  0.204295	  0.330156	  0.208422	  0.257126	
  0.207505	  0.171598	  0.110516	  0.510381	
  0.662568	  0.072684	  0.144912	  0.119836	
  0.981458	  0.006747	  0.008577	  0.003219	
  0.124820	  0.161883	  0.088843	  0.624453	
  0.193139	  0.203041	  0.203041	  0.400779	
  0.311134	  0.192525	  0.295960	  0.200382	

URL http://cisbp.ccbr.utoronto.ca/TFreport.php?searchTF=T097218_1.02

MOTIF M0926_1.02 (ENSSTOG00000005483)_(Mus_musculus)_(DBD_0.91)

letter-probability matrix: alength= 4 w= 9 nsites= 1 E= 0
  0.199862	  0.244112	  0.184496	  0.371529	
  0.169704	  0.189437	  0.094072	  0.546786	
  0.525652	  0.067670	  0.238564	  0.168114	
  0.783953	  0.088619	  0.063077	  0.064351	
  0.112432	  0.147283	  0.099719	  0.640566	
  0.162190	  0.283941	  0.275550	  0.278319	
  0.259012	  0.078797	  0.481485	  0.180707	
  0.184005	  0.285706	  0.271772	  0.258517	
  0.186869	  0.284408	  0.181346	  0.347376	

URL http://cisbp.ccbr.utoronto.ca/TFreport.php?searchTF=T097190_1.02

MOTIF M0927_1.02 (PHOX2B)_(Mus_musculus)_(DBD_0.75)

letter-probability matrix: alength= 4 w= 8 nsites= 1 E= 0
  0.239075	  0.258987	  0.292007	  0.209931	
  0.193409	  0.338596	  0.209518	  0.258477	
  0.196306	  0.190504	  0.105601	  0.507589	
  0.649964	  0.079592	  0.135222	  0.135222	
  0.927406	  0.055834	  0.000602	  0.016158	
  0.131551	  0.181162	  0.073655	  0.613631	
  0.187274	  0.215416	  0.200852	  0.396458	
  0.315394	  0.201104	  0.274190	  0.209311	

URL http://cisbp.ccbr.utoronto.ca/TFreport.php?searchTF=T097191_1.02

MOTIF M0928_1.02 (ALX3)_(Mus_musculus)_(DBD_0.95)

letter-probability matrix: alength= 4 w= 7 nsites= 1 E= 0
  0.144397	  0.120611	  0.119411	  0.615582	
  0.644210	  0.107557	  0.134025	  0.114208	
  0.733858	  0.022383	  0.092602	  0.151156	
  0.080543	  0.104458	  0.116604	  0.698395	
  0.170686	  0.157563	  0.174135	  0.497616	
  0.375164	  0.124881	  0.304102	  0.195853	
  0.313095	  0.175301	  0.329148	  0.182456	

URL http://cisbp.ccbr.utoronto.ca/TFreport.php?searchTF=T097209_1.02

MOTIF M0939_1.02 (BARX1)_(Mus_musculus)_(DBD_1.00)

letter-probability matrix: alength= 4 w= 10 nsites= 1 E= 0
  0.226902	  0.245800	  0.321989	  0.205309	
  0.242216	  0.287100	  0.200303	  0.270381	
  0.160115	  0.052242	  0.025685	  0.761958	
  0.833901	  0.014384	  0.087892	  0.063823	
  0.916212	  0.019111	  0.030884	  0.033793	
  0.098357	  0.140978	  0.128844	  0.631820	
  0.120820	  0.238483	  0.315544	  0.325154	
  0.252984	  0.097839	  0.489472	  0.159705	
  0.192219	  0.295490	  0.272772	  0.239520	
  0.187034	  0.293327	  0.188913	  0.330726	

URL http://cisbp.ccbr.utoronto.ca/TFreport.php?searchTF=T097204_1.02

MOTIF M0948_1.02 (HOXC10)_(Mus_musculus)_(DBD_1.00)

letter-probability matrix: alength= 4 w= 8 nsites= 1 E= 0
  0.063386	  0.000127	  0.025430	  0.911058	
  0.020295	  0.000101	  0.000101	  0.979503	
  0.666503	  0.000098	  0.000098	  0.333301	
  0.901705	  0.000098	  0.000098	  0.098099	
  0.000098	  0.147099	  0.019698	  0.833105	
  0.050586	  0.000101	  0.575626	  0.373687	
  0.740945	  0.035395	  0.211783	  0.011877	
  0.069090	  0.551516	  0.172467	  0.206926	

URL http://cisbp.ccbr.utoronto.ca/TFreport.php?searchTF=T097230_1.02

MOTIF M0951_1.02 (ENSSTOG00000016144)_(Mus_musculus)_(DBD_0.79)

letter-probability matrix: alength= 4 w= 8 nsites= 1 E= 0
  0.304614	  0.223418	  0.292670	  0.179297	
  0.117074	  0.396553	  0.109159	  0.377213	
  0.077200	  0.160196	  0.022792	  0.739813	
  0.820659	  0.043821	  0.081460	  0.054061	
  0.990441	  0.001375	  0.006877	  0.001308	
  0.026666	  0.029767	  0.015232	  0.928335	
  0.152387	  0.122294	  0.075673	  0.649645	
  0.599625	  0.071258	  0.189863	  0.139255	

URL http://cisbp.ccbr.utoronto.ca/TFreport.php?searchTF=T097254_1.02

MOTIF M0954_1.02 (RAX)_(Mus_musculus)_(DBD_1.00)

letter-probability matrix: alength= 4 w= 9 nsites= 1 E= 0
  0.269860	  0.244180	  0.310413	  0.175547	
  0.222956	  0.322782	  0.189991	  0.264271	
  0.095770	  0.046616	  0.010402	  0.847212	
  0.799391	  0.056478	  0.097891	  0.046240	
  0.967307	  0.000597	  0.022077	  0.010019	
  0.039713	  0.048993	  0.055795	  0.855498	
  0.112128	  0.104548	  0.131584	  0.651740	
  0.377268	  0.097803	  0.400597	  0.124332	
  0.274391	  0.207380	  0.363054	  0.155175	

URL http://cisbp.ccbr.utoronto.ca/TFreport.php?searchTF=T097237_1.02

MOTIF M0967_1.02 (SHOX2)_(Mus_musculus)_(DBD_0.89)

letter-probability matrix: alength= 4 w= 8 nsites= 1 E= 0
  0.222888	  0.280526	  0.201677	  0.294909	
  0.135819	  0.056902	  0.017838	  0.789441	
  0.749166	  0.066617	  0.112052	  0.072165	
  0.950512	  0.000309	  0.023975	  0.025204	
  0.033254	  0.061201	  0.073271	  0.832275	
  0.170087	  0.110643	  0.160182	  0.559089	
  0.345558	  0.104080	  0.393532	  0.156830	
  0.274902	  0.209855	  0.329118	  0.186125	

URL http://cisbp.ccbr.utoronto.ca/TFreport.php?searchTF=T097215_1.02

MOTIF M0970_1.02 (DMBX1)_(Mus_musculus)_(DBD_0.87)

letter-probability matrix: alength= 4 w= 9 nsites= 1 E= 0
  0.212858	  0.299055	  0.164125	  0.323962	
  0.153798	  0.038307	  0.030742	  0.777153	
  0.777780	  0.031389	  0.089698	  0.101134	
  0.945835	  0.014470	  0.014615	  0.025080	
  0.045414	  0.028101	  0.156932	  0.769554	
  0.119773	  0.689246	  0.071208	  0.119773	
  0.076693	  0.566686	  0.114412	  0.242210	
  0.157784	  0.314576	  0.287500	  0.240141	
  0.219437	  0.296208	  0.221642	  0.262713	

URL http://cisbp.ccbr.utoronto.ca/TFreport.php?searchTF=T097225_1.02

MOTIF M0971_1.02 (PAX3)_(Mus_musculus)_(DBD_0.96)

letter-probability matrix: alength= 4 w= 8 nsites= 1 E= 0
  0.279458	  0.257972	  0.222039	  0.240532	
  0.219119	  0.081420	  0.091800	  0.607661	
  0.710086	  0.064418	  0.097066	  0.128430	
  0.831775	  0.061779	  0.040188	  0.066258	
  0.119257	  0.118071	  0.069497	  0.693175	
  0.114974	  0.318845	  0.176744	  0.389438	
  0.254916	  0.185107	  0.365379	  0.194598	
  0.290358	  0.210843	  0.296223	  0.202576	

URL http://cisbp.ccbr.utoronto.ca/TFreport.php?searchTF=T097208_1.02

MOTIF M0981_1.02 (DLX5)_(Mus_musculus)_(DBD_1.00)

letter-probability matrix: alength= 4 w= 7 nsites= 1 E= 0
  0.204525	  0.110023	  0.089183	  0.596269	
  0.636768	  0.083630	  0.182437	  0.097165	
  0.800513	  0.006654	  0.071898	  0.120935	
  0.095734	  0.118105	  0.133163	  0.652998	
  0.161720	  0.173446	  0.211847	  0.452988	
  0.313028	  0.103161	  0.448673	  0.135138	
  0.200270	  0.304803	  0.275797	  0.219130	

URL http://cisbp.ccbr.utoronto.ca/TFreport.php?searchTF=T097186_1.02

MOTIF M0987_1.02 (IRX2)_(Mus_musculus)_(DBD_1.00)

letter-probability matrix: alength= 4 w= 9 nsites= 1 E= 0
  0.188172	  0.360451	  0.212163	  0.239213	
  0.346630	  0.111973	  0.227752	  0.313644	
  0.159457	  0.072369	  0.088391	  0.679783	
  0.131703	  0.075986	  0.678953	  0.113358	
  0.123253	  0.093153	  0.059994	  0.723601	
  0.333773	  0.252260	  0.090059	  0.323908	
  0.288317	  0.268825	  0.245688	  0.197169	
  0.239781	  0.244625	  0.239781	  0.275814	
  0.252316	  0.240010	  0.242422	  0.265252	

URL http://cisbp.ccbr.utoronto.ca/TFreport.php?searchTF=T097172_1.02

MOTIF M0996_1.02 (HDX)_(Mus_musculus)_(DBD_0.79)

letter-probability matrix: alength= 4 w= 7 nsites= 1 E= 0
  0.320788	  0.159299	  0.365323	  0.154591	
  0.311699	  0.299477	  0.230912	  0.157912	
  0.420322	  0.041307	  0.314512	  0.223860	
  0.661513	  0.000236	  0.199244	  0.139008	
  0.216437	  0.004794	  0.154053	  0.624716	
  0.190401	  0.463651	  0.210426	  0.135522	
  0.502760	  0.091846	  0.179489	  0.225905	

URL http://cisbp.ccbr.utoronto.ca/TFreport.php?searchTF=T097248_1.02

MOTIF M0999_1.02 (NKX6-2)_(Mus_musculus)_(DBD_0.96)

letter-probability matrix: alength= 4 w= 9 nsites= 1 E= 0
  0.319806	  0.179059	  0.239299	  0.261835	
  0.326964	  0.089108	  0.142572	  0.441355	
  0.104999	  0.140324	  0.052665	  0.702012	
  0.632389	  0.042927	  0.165588	  0.159096	
  0.902412	  0.000373	  0.035342	  0.061872	
  0.062494	  0.001133	  0.033956	  0.902416	
  0.174093	  0.139713	  0.298744	  0.387450	
  0.522018	  0.055573	  0.301178	  0.121231	
  0.164852	  0.331971	  0.291502	  0.211674	

URL http://cisbp.ccbr.utoronto.ca/TFreport.php?searchTF=T097196_1.02

MOTIF M1001_1.02 (PKNOX2)_(Mus_musculus)_(DBD_1.00)

letter-probability matrix: alength= 4 w= 10 nsites= 1 E= 0
  0.322331	  0.197469	  0.274673	  0.205527	
  0.194389	  0.314147	  0.287109	  0.204355	
  0.241423	  0.414283	  0.182463	  0.161831	
  0.070501	  0.283051	  0.022774	  0.623674	
  0.068469	  0.000243	  0.876887	  0.054401	
  0.095932	  0.187473	  0.000627	  0.715968	
  0.063044	  0.815526	  0.046704	  0.074726	
  0.494531	  0.137498	  0.193177	  0.174794	
  0.280233	  0.246071	  0.222654	  0.251042	
  0.271003	  0.235599	  0.219671	  0.273727	

URL http://cisbp.ccbr.utoronto.ca/TFreport.php?searchTF=T097177_1.02

MOTIF M1007_1.02 (HOXA11)_(Mus_musculus)_(DBD_1.00)

letter-probability matrix: alength= 4 w= 9 nsites= 1 E= 0
  0.202833	  0.130632	  0.147287	  0.519248	
  0.159348	  0.134436	  0.133099	  0.573117	
  0.294125	  0.130844	  0.113750	  0.461280	
  0.520505	  0.125813	  0.171537	  0.182144	
  0.127007	  0.331704	  0.119611	  0.421678	
  0.179782	  0.144279	  0.388288	  0.287651	
  0.381823	  0.156798	  0.271771	  0.189608	
  0.151875	  0.334641	  0.258026	  0.255458	
  0.245353	  0.285059	  0.224235	  0.245353	

URL http://cisbp.ccbr.utoronto.ca/TFreport.php?searchTF=T097222_1.02

MOTIF M1012_1.02 (HOXB4)_(Mus_musculus)_(DBD_1.00)

letter-probability matrix: alength= 4 w= 9 nsites= 1 E= 0
  0.215070	  0.276155	  0.181447	  0.327328	
  0.172619	  0.092859	  0.055207	  0.679315	
  0.727186	  0.051893	  0.126366	  0.094555	
  0.872145	  0.025815	  0.020511	  0.081529	
  0.049444	  0.150030	  0.086560	  0.713966	
  0.136238	  0.143223	  0.385447	  0.335092	
  0.420940	  0.087575	  0.341207	  0.150278	
  0.234385	  0.280610	  0.220736	  0.264269	
  0.230172	  0.281132	  0.210361	  0.278335	

URL http://cisbp.ccbr.utoronto.ca/TFreport.php?searchTF=T097211_1.02

MOTIF M1018_1.02 (HLX)_(Mus_musculus)_(DBD_1.00)

letter-probability matrix: alength= 4 w= 7 nsites= 1 E= 0
  0.166165	  0.321495	  0.042224	  0.470117	
  0.399981	  0.230769	  0.126649	  0.242601	
  0.594697	  0.152635	  0.003519	  0.249149	
  0.073485	  0.207904	  0.000173	  0.718437	
  0.290140	  0.244781	  0.169078	  0.296001	
  0.318793	  0.229188	  0.201249	  0.250771	
  0.293737	  0.247815	  0.271153	  0.187295	

URL http://cisbp.ccbr.utoronto.ca/TFreport.php?searchTF=T097194_1.02

MOTIF M1024_1.02 (DLX1)_(Mus_musculus)_(DBD_1.00)

letter-probability matrix: alength= 4 w= 9 nsites= 1 E= 0
  0.308862	  0.217651	  0.204976	  0.268511	
  0.162560	  0.093789	  0.036637	  0.707014	
  0.804281	  0.032784	  0.144020	  0.018915	
  0.924954	  0.003353	  0.032451	  0.039242	
  0.084100	  0.081615	  0.097711	  0.736574	
  0.173718	  0.152541	  0.191988	  0.481753	
  0.336856	  0.096511	  0.419748	  0.146886	
  0.197434	  0.312750	  0.280172	  0.209643	
  0.224674	  0.282775	  0.231517	  0.261034	

URL http://cisbp.ccbr.utoronto.ca/TFreport.php?searchTF=T097236_1.02

MOTIF M1025_1.02 (HOXD1)_(Mus_musculus)_(DBD_0.96)

letter-probability matrix: alength= 4 w= 8 nsites= 1 E= 0
  0.277551	  0.229523	  0.283158	  0.209768	
  0.157505	  0.320364	  0.267591	  0.254540	
  0.165043	  0.378497	  0.074159	  0.382301	
  0.362269	  0.265705	  0.233315	  0.138710	
  0.731054	  0.107178	  0.061836	  0.099932	
  0.127335	  0.085355	  0.001415	  0.785895	
  0.105896	  0.265723	  0.082472	  0.545910	
  0.514762	  0.141699	  0.159765	  0.183774	

URL http://cisbp.ccbr.utoronto.ca/TFreport.php?searchTF=T097226_1.02

MOTIF M1030_1.02 (NKX2-3)_(Mus_musculus)_(DBD_1.00)

letter-probability matrix: alength= 4 w= 9 nsites= 1 E= 0
  0.280170	  0.222604	  0.274622	  0.222604	
  0.240127	  0.324138	  0.305262	  0.130473	
  0.104035	  0.558205	  0.022081	  0.315679	
  0.565289	  0.175447	  0.053375	  0.205889	
  0.192749	  0.728793	  0.007549	  0.070908	
  0.064783	  0.023360	  0.013079	  0.898778	
  0.114462	  0.267800	  0.027667	  0.590071	
  0.375247	  0.182652	  0.286456	  0.155646	
  0.381415	  0.155072	  0.217868	  0.245645	

URL http://cisbp.ccbr.utoronto.ca/TFreport.php?searchTF=T097216_1.02

MOTIF M1034_1.02 (DBX2)_(Mus_musculus)_(DBD_0.93)

letter-probability matrix: alength= 4 w= 7 nsites= 1 E= 0
  0.180902	  0.254159	  0.292352	  0.272587	
  0.175178	  0.363509	  0.132397	  0.328916	
  0.388597	  0.204904	  0.245315	  0.161183	
  0.667958	  0.130873	  0.059396	  0.141773	
  0.213722	  0.147625	  0.086028	  0.552624	
  0.300299	  0.168137	  0.189574	  0.341989	
  0.486211	  0.149402	  0.158641	  0.205746	

URL http://cisbp.ccbr.utoronto.ca/TFreport.php?searchTF=T097159_1.02

MOTIF M1036_1.02 (MSX1)_(Mus_musculus)_(DBD_1.00)

letter-probability matrix: alength= 4 w= 7 nsites= 1 E= 0
  0.226066	  0.281695	  0.221589	  0.270650	
  0.146677	  0.148151	  0.067238	  0.637934	
  0.618779	  0.056134	  0.149568	  0.175519	
  0.877477	  0.000256	  0.058385	  0.063883	
  0.113953	  0.010652	  0.066406	  0.808989	
  0.155387	  0.136445	  0.149295	  0.558873	
  0.312201	  0.086803	  0.417233	  0.183763	

URL http://cisbp.ccbr.utoronto.ca/TFreport.php?searchTF=T097179_1.02

MOTIF M1043_1.02 (HMX2)_(Mus_musculus)_(DBD_1.00)

letter-probability matrix: alength= 4 w= 10 nsites= 1 E= 0
  0.229800	  0.175424	  0.136621	  0.458155	
  0.205362	  0.156769	  0.068359	  0.569509	
  0.650276	  0.021486	  0.177221	  0.151018	
  0.943954	  0.016446	  0.019107	  0.020493	
  0.190493	  0.134238	  0.247057	  0.428212	
  0.082157	  0.336511	  0.015312	  0.566020	
  0.121541	  0.069425	  0.671996	  0.137037	
  0.195044	  0.268600	  0.302846	  0.233510	
  0.172739	  0.290552	  0.171020	  0.365689	
  0.204629	  0.254983	  0.219466	  0.320922	

URL http://cisbp.ccbr.utoronto.ca/TFreport.php?searchTF=T097164_1.02

MOTIF M1061_1.02 (TGIF2)_(Mus_musculus)_(DBD_1.00)

letter-probability matrix: alength= 4 w= 10 nsites= 1 E= 0
  0.376831	  0.187129	  0.245132	  0.190909	
  0.189585	  0.309462	  0.309462	  0.191490	
