MEME version 4

ALPHABET= ACGT

strands: + -

Background letter frequencies (from uniform background):
A 0.25000 C 0.25000 G 0.25000 T 0.25000 

MOTIF M0105_1.02 (NP_999799.1)_(Mus_musculus)_(DBD_0.88)

letter-probability matrix: alength= 4 w= 9 nsites= 1 E= 0
  0.265180	  0.185010	  0.202433	  0.347377	
  0.185396	  0.187259	  0.108039	  0.519306	
  0.151265	  0.141039	  0.100387	  0.607308	
  0.095920	  0.138866	  0.056459	  0.708755	
  0.354424	  0.113351	  0.333784	  0.198441	
  0.739186	  0.094212	  0.057143	  0.109459	
  0.023279	  0.024473	  0.020037	  0.932211	
  0.285933	  0.246105	  0.089636	  0.378326	
  0.254088	  0.232219	  0.267115	  0.246578	

URL http://cisbp.ccbr.utoronto.ca/TFreport.php?searchTF=T008314_1.02

MOTIF M0139_1.02 (XP_001188354.1)_(Neurospora_crassa)_(DBD_0.51)

letter-probability matrix: alength= 4 w= 10 nsites= 1 E= 0
  0.201025	  0.307957	  0.244501	  0.246517	
  0.321984	  0.166011	  0.320153	  0.191852	
  0.414247	  0.188211	  0.192640	  0.204903	
  0.431510	  0.064433	  0.100297	  0.403760	
  0.423723	  0.047936	  0.000049	  0.528292	
  0.528292	  0.000049	  0.047936	  0.423723	
  0.403760	  0.100297	  0.064433	  0.431510	
  0.204903	  0.192640	  0.188211	  0.414247	
  0.191852	  0.320153	  0.166011	  0.321984	
  0.246517	  0.244501	  0.307957	  0.201025	

URL http://cisbp.ccbr.utoronto.ca/TFreport.php?searchTF=T008926_1.02

MOTIF M0178_1.02 (XP_001185512.1)_(Mus_musculus)_(DBD_0.78)

letter-probability matrix: alength= 4 w= 10 nsites= 1 E= 0
  0.315548	  0.181281	  0.304970	  0.198202	
  0.342567	  0.215650	  0.329097	  0.112687	
  0.036295	  0.956859	  0.000000	  0.006845	
  0.887444	  0.026036	  0.052040	  0.034479	
  0.022313	  0.233167	  0.582932	  0.161589	
  0.161589	  0.582932	  0.233167	  0.022313	
  0.034479	  0.052040	  0.026036	  0.887444	
  0.006845	  0.000000	  0.956859	  0.036295	
  0.112687	  0.329097	  0.215650	  0.342567	
  0.198202	  0.304970	  0.181281	  0.315548	

URL http://cisbp.ccbr.utoronto.ca/TFreport.php?searchTF=T021725_1.02

MOTIF M0181_1.02 (XP_001176554.1)_(Mus_musculus)_(DBD_0.73)

letter-probability matrix: alength= 4 w= 9 nsites= 1 E= 0
  0.213190	  0.185339	  0.327729	  0.273742	
  0.340712	  0.160941	  0.265347	  0.233000	
  0.209405	  0.197210	  0.258338	  0.335047	
  0.000001	  0.999579	  0.000071	  0.000349	
  0.888940	  0.000000	  0.111055	  0.000004	
  0.000027	  0.798969	  0.000000	  0.201004	
  0.000000	  0.076487	  0.922526	  0.000987	
  0.097990	  0.012742	  0.112715	  0.776553	
  0.052222	  0.053812	  0.769317	  0.124649	

URL http://cisbp.ccbr.utoronto.ca/TFreport.php?searchTF=T021711_1.02

MOTIF M0189_1.02 (XP_001176995.1)_(Mus_musculus)_(DBD_0.69)

letter-probability matrix: alength= 4 w= 8 nsites= 1 E= 0
  0.277716	  0.166851	  0.499446	  0.055987	
  0.000370	  0.998891	  0.000370	  0.000370	
  0.999001	  0.000333	  0.000333	  0.000333	
  0.000333	  0.999001	  0.000333	  0.000333	
  0.000333	  0.000333	  0.999001	  0.000333	
  0.000333	  0.000333	  0.000333	  0.999001	
  0.000344	  0.000344	  0.998967	  0.000344	
  0.499546	  0.045826	  0.272686	  0.181942	

URL http://cisbp.ccbr.utoronto.ca/TFreport.php?searchTF=T021712_1.02

MOTIF M0194_1.02 (XP_001185102.1)_(Mus_musculus)_(DBD_0.95)

letter-probability matrix: alength= 4 w= 10 nsites= 1 E= 0
  0.361199	  0.183013	  0.272775	  0.183013	
  0.138914	  0.651658	  0.134874	  0.074555	
  0.000046	  0.999862	  0.000046	  0.000046	
  0.999862	  0.000046	  0.000046	  0.000046	
  0.000046	  0.000046	  0.000046	  0.999862	
  0.999862	  0.000046	  0.000046	  0.000046	
  0.000046	  0.000046	  0.000046	  0.999862	
  0.000046	  0.000046	  0.999862	  0.000046	
  0.067033	  0.298563	  0.220536	  0.413869	
  0.175491	  0.236272	  0.175491	  0.412746	

URL http://cisbp.ccbr.utoronto.ca/TFreport.php?searchTF=T021724_1.02

MOTIF M0217_1.02 (XP_001186884.1)_(Mus_musculus)_(DBD_0.87)

letter-probability matrix: alength= 4 w= 10 nsites= 1 E= 0
  0.424799	  0.113479	  0.235478	  0.226244	
  0.169637	  0.592091	  0.171342	  0.066931	
  0.271365	  0.687777	  0.026936	  0.013922	
  0.665113	  0.034812	  0.186785	  0.113291	
  0.001368	  0.064301	  0.143105	  0.791225	
  0.793894	  0.140745	  0.056090	  0.009272	
  0.075714	  0.150952	  0.010559	  0.762775	
  0.011683	  0.000903	  0.869711	  0.117703	
  0.038634	  0.150525	  0.421629	  0.389213	
  0.091763	  0.270213	  0.234912	  0.403111	

URL http://cisbp.ccbr.utoronto.ca/TFreport.php?searchTF=T021728_1.02

MOTIF M0221_1.02 (XP_001196275.1)_(Mus_musculus)_(DBD_0.88)

letter-probability matrix: alength= 4 w= 9 nsites= 1 E= 0
  0.188660	  0.365019	  0.265058	  0.181263	
  0.161107	  0.707733	  0.075344	  0.055816	
  0.553702	  0.064497	  0.272224	  0.109577	
  0.016383	  0.817513	  0.076422	  0.089682	
  0.280383	  0.069142	  0.649469	  0.001006	
  0.058979	  0.006216	  0.030483	  0.904321	
  0.000165	  0.000010	  0.999805	  0.000020	
  0.194467	  0.254745	  0.333707	  0.217080	
  0.178079	  0.273753	  0.233277	  0.314891	

URL http://cisbp.ccbr.utoronto.ca/TFreport.php?searchTF=T021741_1.02

MOTIF M0300_1.02 (XP_001183180.1)_(Mus_musculus)_(DBD_0.66)

letter-probability matrix: alength= 4 w= 10 nsites= 1 E= 0
  0.291870	  0.184253	  0.277636	  0.246241	
  0.530199	  0.133387	  0.274034	  0.062380	
  0.035631	  0.062379	  0.001238	  0.900752	
  0.073796	  0.082377	  0.556301	  0.287525	
  0.757933	  0.025806	  0.125285	  0.090976	
  0.084682	  0.638364	  0.084682	  0.192271	
  0.156906	  0.065082	  0.710273	  0.067738	
  0.117142	  0.166233	  0.068950	  0.647675	
  0.368627	  0.407396	  0.102492	  0.121484	
  0.489340	  0.124345	  0.187365	  0.198951	

URL http://cisbp.ccbr.utoronto.ca/TFreport.php?searchTF=T031473_1.02

MOTIF M0313_1.02 (XP_001200113.1)_(Mus_musculus)_(DBD_0.62)

letter-probability matrix: alength= 4 w= 10 nsites= 1 E= 0
  0.231876	  0.201583	  0.288935	  0.277606	
  0.445882	  0.170725	  0.317366	  0.066026	
  0.064153	  0.042152	  0.047053	  0.846642	
  0.027177	  0.055277	  0.142931	  0.774614	
  0.304859	  0.000145	  0.492675	  0.202320	
  0.087581	  0.673554	  0.077678	  0.161187	
  0.302455	  0.164339	  0.376882	  0.156324	
  0.234880	  0.313900	  0.134166	  0.317055	
  0.391736	  0.281628	  0.160869	  0.165768	
  0.466130	  0.183913	  0.171480	  0.178478	

URL http://cisbp.ccbr.utoronto.ca/TFreport.php?searchTF=T031490_1.02

MOTIF M0358_1.02 (XP_001185862.1)_(Caenorhabditis_elegans)_(DBD_0.65)

letter-probability matrix: alength= 4 w= 9 nsites= 1 E= 0
  0.990132	  0.003289	  0.003289	  0.003289	
  0.001656	  0.001656	  0.001656	  0.995033	
  0.167219	  0.001656	  0.001656	  0.829470	
  0.995033	  0.001656	  0.001656	  0.001656	
  0.001656	  0.663907	  0.001656	  0.332781	
  0.498344	  0.001656	  0.498344	  0.001656	
  0.001656	  0.167219	  0.001656	  0.829470	
  0.995033	  0.001656	  0.001656	  0.001656	
  0.990132	  0.003289	  0.003289	  0.003289	

URL http://cisbp.ccbr.utoronto.ca/TFreport.php?searchTF=T031479_1.02

MOTIF M0405_1.02 (XP_001178384.1)_(Mus_musculus)_(DBD_0.95)

letter-probability matrix: alength= 4 w= 10 nsites= 1 E= 0
  0.322200	  0.077105	  0.258571	  0.342124	
  0.174850	  0.000229	  0.823801	  0.001121	
  0.000272	  0.000173	  0.999363	  0.000191	
  0.000074	  0.000241	  0.999596	  0.000089	
  0.100743	  0.660217	  0.010304	  0.228736	
  0.015211	  0.000320	  0.974574	  0.009895	
  0.042318	  0.089587	  0.352557	  0.515538	
  0.208085	  0.076550	  0.538047	  0.177318	
  0.167365	  0.115605	  0.497789	  0.219242	
  0.170239	  0.414554	  0.180766	  0.234441	

URL http://cisbp.ccbr.utoronto.ca/TFreport.php?searchTF=T069087_1.02

MOTIF M0602_1.02 XP_001196208.1

letter-probability matrix: alength= 4 w= 10 nsites= 1 E= 0
  0.334306	  0.105854	  0.260358	  0.299483	
  0.098465	  0.109915	  0.064053	  0.727567	
  0.111151	  0.079114	  0.036266	  0.773469	
  0.056820	  0.257210	  0.007463	  0.678507	
  0.365262	  0.099546	  0.464339	  0.070854	
  0.583532	  0.125098	  0.106602	  0.184768	
  0.536686	  0.140529	  0.140529	  0.182256	
  0.252363	  0.226075	  0.141297	  0.380265	
  0.252666	  0.215308	  0.190961	  0.341064	
  0.251219	  0.207748	  0.211945	  0.329088	

URL http://cisbp.ccbr.utoronto.ca/TFreport.php?searchTF=T074310_1.02

MOTIF M0641_1.02 (XP_001183749.1)_(Drosophila_melanogaster)_(DBD_0.98)

letter-probability matrix: alength= 4 w= 10 nsites= 1 E= 0
  0.264213	  0.114063	  0.073461	  0.548263	
  0.146979	  0.076730	  0.639248	  0.137043	
  0.091624	  0.122448	  0.030195	  0.755733	
  0.530776	  0.071833	  0.106096	  0.291296	
  0.340580	  0.064758	  0.186914	  0.407748	
  0.130860	  0.648156	  0.077799	  0.143184	
  0.378005	  0.205389	  0.180351	  0.236254	
  0.412383	  0.112387	  0.172768	  0.302461	
  0.281282	  0.131546	  0.159072	  0.428100	
  0.236410	  0.182284	  0.128453	  0.452853	

URL http://cisbp.ccbr.utoronto.ca/TFreport.php?searchTF=T075439_1.02

MOTIF M0714_1.02 (XP_001185711.1)_(Mus_musculus)_(DBD_0.92)

letter-probability matrix: alength= 4 w= 10 nsites= 1 E= 0
  0.317910	  0.196718	  0.242686	  0.242686	
  0.410724	  0.145172	  0.244184	  0.199921	
  0.176615	  0.381448	  0.240802	  0.201135	
  0.268249	  0.562233	  0.109062	  0.060456	
  0.055322	  0.002040	  0.909748	  0.032890	
  0.057867	  0.000001	  0.942131	  0.000001	
  0.950314	  0.000003	  0.014981	  0.034702	
  0.635026	  0.051607	  0.007342	  0.306025	
  0.406386	  0.099216	  0.427222	  0.067175	
  0.152880	  0.289934	  0.102479	  0.454707	

URL http://cisbp.ccbr.utoronto.ca/TFreport.php?searchTF=T079129_1.02

MOTIF M0716_1.02 (FoxM)_(Ciona_intestinalis)_(DBD_0.55)

letter-probability matrix: alength= 4 w= 9 nsites= 1 E= 0
  0.368242	  0.114290	  0.468127	  0.049340	
  0.308395	  0.076049	  0.024813	  0.590743	
  0.646708	  0.181616	  0.004022	  0.167653	
  0.772964	  0.084795	  0.023109	  0.119132	
  0.851766	  0.032050	  0.072046	  0.044138	
  0.047651	  0.799427	  0.020778	  0.132144	
  0.913005	  0.021906	  0.025965	  0.039124	
  0.603968	  0.130781	  0.103910	  0.161341	
  0.205251	  0.355752	  0.205251	  0.233746	

URL http://cisbp.ccbr.utoronto.ca/TFreport.php?searchTF=T083528_1.02

MOTIF M0719_1.02 (XP_001177510.1)_(Homo_sapiens)_(DBD_0.97)

letter-probability matrix: alength= 4 w= 8 nsites= 1 E= 0
  0.374378	  0.001244	  0.623134	  0.001244	
  0.001106	  0.001106	  0.001106	  0.996681	
  0.996681	  0.001106	  0.001106	  0.001106	
  0.996681	  0.001106	  0.001106	  0.001106	
  0.996681	  0.001106	  0.001106	  0.001106	
  0.001106	  0.996681	  0.001106	  0.001106	
  0.996681	  0.001106	  0.001106	  0.001106	
  0.498344	  0.167219	  0.001656	  0.332781	

URL http://cisbp.ccbr.utoronto.ca/TFreport.php?searchTF=T083556_1.02

MOTIF M0728_1.02 (XP_001178653.1)_(Mus_musculus)_(DBD_0.75)

letter-probability matrix: alength= 4 w= 12 nsites= 1 E= 0
  0.394926	  0.201691	  0.201691	  0.201691	
  0.357836	  0.147163	  0.347838	  0.147163	
  0.159006	  0.172368	  0.068783	  0.599842	
  0.841382	  0.113021	  0.022798	  0.022798	
  0.999531	  0.000156	  0.000156	  0.000156	
  0.999531	  0.000156	  0.000156	  0.000156	
  0.000156	  0.999531	  0.000156	  0.000156	
  0.999531	  0.000156	  0.000156	  0.000156	
  0.854605	  0.048465	  0.048465	  0.048465	
  0.691020	  0.102993	  0.102993	  0.102993	
  0.181373	  0.360053	  0.181373	  0.277201	
  0.317926	  0.227358	  0.227358	  0.227358	

URL http://cisbp.ccbr.utoronto.ca/TFreport.php?searchTF=T083560_1.02

MOTIF M0733_1.02 (XP_001183650.1)_(Mus_musculus)_(DBD_0.64)

letter-probability matrix: alength= 4 w= 8 nsites= 1 E= 0
  0.346154	  0.076923	  0.557692	  0.019231	
  0.181818	  0.038961	  0.012987	  0.766234	
  0.650602	  0.277108	  0.024096	  0.048193	
  0.916667	  0.035714	  0.011905	  0.035714	
  0.952381	  0.011905	  0.011905	  0.023810	
  0.011905	  0.845238	  0.011905	  0.130952	
  0.964286	  0.011905	  0.011905	  0.011905	
  0.571429	  0.142857	  0.126984	  0.158730	

URL http://cisbp.ccbr.utoronto.ca/TFreport.php?searchTF=T083567_1.02

MOTIF M0737_1.02 (NP_999797.1)_(Mus_musculus)_(DBD_0.91)

letter-probability matrix: alength= 4 w= 10 nsites= 1 E= 0
  0.329842	  0.082156	  0.060257	  0.527746	
  0.520070	  0.108198	  0.255689	  0.116043	
  0.283345	  0.081996	  0.128595	  0.506065	
  0.209230	  0.033229	  0.701648	  0.055893	
  0.071321	  0.155585	  0.032694	  0.740400	
  0.638753	  0.232646	  0.070072	  0.058529	
  0.729556	  0.133278	  0.066184	  0.070983	
  0.865457	  0.036352	  0.043959	  0.054231	
  0.059316	  0.519509	  0.058726	  0.362449	
  0.777489	  0.053307	  0.067092	  0.102112	

URL http://cisbp.ccbr.utoronto.ca/TFreport.php?searchTF=T083515_1.02

MOTIF M0746_1.02 (XP_001191424.1)_(Mus_musculus)_(DBD_0.55)

letter-probability matrix: alength= 4 w= 12 nsites= 1 E= 0
  0.324414	  0.225195	  0.225195	  0.225195	
  0.394452	  0.201849	  0.201849	  0.201849	
  0.122778	  0.122778	  0.225799	  0.528646	
  0.432796	  0.048048	  0.471109	  0.048048	
  0.093391	  0.090381	  0.000221	  0.816007	
  0.897353	  0.102206	  0.000221	  0.000221	
  0.999338	  0.000221	  0.000221	  0.000221	
  0.999338	  0.000221	  0.000221	  0.000221	
  0.025025	  0.831754	  0.025025	  0.118195	
  0.854887	  0.048371	  0.048371	  0.048371	
  0.318752	  0.233808	  0.127443	  0.319997	
  0.393482	  0.202173	  0.202173	  0.202173	

URL http://cisbp.ccbr.utoronto.ca/TFreport.php?searchTF=T083572_1.02

MOTIF M0756_1.02 FoxJ2

letter-probability matrix: alength= 4 w= 9 nsites= 1 E= 0
  0.233668	  0.224506	  0.348592	  0.193234	
  0.280037	  0.209542	  0.191507	  0.318914	
  0.404308	  0.290666	  0.110187	  0.194839	
  0.447462	  0.238314	  0.104961	  0.209263	
  0.768976	  0.018266	  0.173306	  0.039451	
  0.016176	  0.708777	  0.031930	  0.243117	
  0.578790	  0.107871	  0.169176	  0.144162	
  0.340778	  0.228430	  0.226157	  0.204635	
  0.301280	  0.239377	  0.210196	  0.249146	

URL http://cisbp.ccbr.utoronto.ca/TFreport.php?searchTF=T083529_1.02

MOTIF M0757_1.02 FoxK

letter-probability matrix: alength= 4 w= 10 nsites= 1 E= 0
  0.321884	  0.201178	  0.236085	  0.240854	
  0.216367	  0.234387	  0.239122	  0.310124	
  0.297171	  0.182055	  0.409243	  0.111532	
  0.279854	  0.144643	  0.132194	  0.443309	
  0.472247	  0.313407	  0.069235	  0.145111	
  0.572460	  0.196359	  0.062174	  0.169007	
  0.751021	  0.048981	  0.135834	  0.064163	
  0.037542	  0.655546	  0.026722	  0.280190	
  0.680835	  0.057015	  0.121915	  0.140235	
  0.359328	  0.213628	  0.193298	  0.233746	

URL http://cisbp.ccbr.utoronto.ca/TFreport.php?searchTF=T083557_1.02

MOTIF M0816_1.02 (NP_999826.1)_(Takifugu_rubripes)_(DBD_0.52)

letter-probability matrix: alength= 4 w= 10 nsites= 1 E= 0
  0.218343	  0.248147	  0.255000	  0.278510	
  0.659121	  0.095692	  0.220661	  0.024525	
  0.062209	  0.066359	  0.032277	  0.839156	
  0.313966	  0.108329	  0.566042	  0.011663	
  0.131187	  0.606244	  0.135603	  0.126966	
  0.105994	  0.041154	  0.704849	  0.148003	
  0.021773	  0.003604	  0.959306	  0.015317	
  0.016818	  0.000781	  0.962310	  0.020090	
  0.089187	  0.278864	  0.053996	  0.577953	
  0.364151	  0.187030	  0.224027	  0.224792	

URL http://cisbp.ccbr.utoronto.ca/TFreport.php?searchTF=T086854_1.02

MOTIF M0882_1.02 (XP_001194215.1)_(Ciona_intestinalis)_(DBD_0.70)

letter-probability matrix: alength= 4 w= 11 nsites= 1 E= 0
  0.317984	  0.227339	  0.227339	  0.227339	
  0.296310	  0.292359	  0.205665	  0.205665	
  0.071800	  0.302020	  0.071800	  0.554379	
  0.000143	  0.000143	  0.000143	  0.999572	
  0.999572	  0.000143	  0.000143	  0.000143	
  0.999572	  0.000143	  0.000143	  0.000143	
  0.000143	  0.000143	  0.000143	  0.999572	
  0.000143	  0.000143	  0.000143	  0.999572	
  0.572984	  0.022804	  0.381408	  0.022804	
  0.165831	  0.044477	  0.745214	  0.044477	
  0.178342	  0.267148	  0.178342	  0.376167	

URL http://cisbp.ccbr.utoronto.ca/TFreport.php?searchTF=T103695_1.02

MOTIF M0892_1.02 (XP_001185709.1)_(Homo_sapiens)_(DBD_0.93)

letter-probability matrix: alength= 4 w= 10 nsites= 1 E= 0
  0.278360	  0.307636	  0.270133	  0.143871	
  0.130958	  0.409474	  0.130958	  0.328611	
  0.077310	  0.078087	  0.009280	  0.835324	
  0.925286	  0.017995	  0.039256	  0.017463	
  0.972774	  0.002586	  0.004350	  0.020290	
  0.033715	  0.021284	  0.021714	  0.923288	
  0.073569	  0.045070	  0.298338	  0.583023	
  0.719299	  0.017607	  0.216649	  0.046445	
  0.170597	  0.357560	  0.323534	  0.148310	
  0.162911	  0.348349	  0.209182	  0.279557	

URL http://cisbp.ccbr.utoronto.ca/TFreport.php?searchTF=T103677_1.02

MOTIF M0894_1.02 (XP_791858.1)_(Homo_sapiens)_(DBD_0.84)

letter-probability matrix: alength= 4 w= 8 nsites= 1 E= 0
  0.217448	  0.130642	  0.174045	  0.477865	
  0.000244	  0.048977	  0.000244	  0.950536	
  0.999286	  0.000238	  0.000238	  0.000238	
  0.999286	  0.000238	  0.000238	  0.000238	
  0.000238	  0.261893	  0.000238	  0.737631	
  0.142959	  0.000238	  0.119172	  0.737631	
  0.731238	  0.000244	  0.268275	  0.000244	
  0.028824	  0.114441	  0.799372	  0.057363	

URL http://cisbp.ccbr.utoronto.ca/TFreport.php?searchTF=T103815_1.02

MOTIF M0911_1.02 (XP_001183986.1)_(Mus_musculus)_(DBD_0.95)

letter-probability matrix: alength= 4 w= 10 nsites= 1 E= 0
  0.247073	  0.284202	  0.206373	  0.262352	
  0.149870	  0.075171	  0.040036	  0.734924	
  0.706549	  0.090958	  0.126519	  0.075974	
  0.851645	  0.008910	  0.044131	  0.095313	
  0.070692	  0.091682	  0.096383	  0.741243	
  0.120799	  0.217919	  0.226813	  0.434469	
  0.367812	  0.088905	  0.402450	  0.140833	
  0.215590	  0.296895	  0.274069	  0.213445	
  0.220651	  0.269503	  0.211999	  0.297847	
  0.238452	  0.238452	  0.243269	  0.279826	

URL http://cisbp.ccbr.utoronto.ca/TFreport.php?searchTF=T103673_1.02

MOTIF M0916_1.02 (NP_999816.1)_(Mus_musculus)_(DBD_0.93)

letter-probability matrix: alength= 4 w= 8 nsites= 1 E= 0
  0.235698	  0.265748	  0.314993	  0.183561	
  0.194613	  0.361771	  0.230676	  0.212940	
  0.142042	  0.092400	  0.025949	  0.739610	
  0.699379	  0.079059	  0.175949	  0.045613	
  0.870945	  0.043362	  0.006683	  0.079010	
  0.058490	  0.192260	  0.064641	  0.684609	
  0.137513	  0.209290	  0.328232	  0.324966	
  0.380775	  0.133247	  0.314885	  0.171093	

URL http://cisbp.ccbr.utoronto.ca/TFreport.php?searchTF=T103409_1.02

MOTIF M0923_1.02 (XP_001189037.1)_(Mus_musculus)_(DBD_0.70)

letter-probability matrix: alength= 4 w= 8 nsites= 1 E= 0
  0.243151	  0.255618	  0.294031	  0.207200	
  0.204295	  0.330156	  0.208422	  0.257126	
  0.207505	  0.171598	  0.110516	  0.510381	
  0.662568	  0.072684	  0.144912	  0.119836	
  0.981458	  0.006747	  0.008577	  0.003219	
  0.124820	  0.161883	  0.088843	  0.624453	
  0.193139	  0.203041	  0.203041	  0.400779	
  0.311134	  0.192525	  0.295960	  0.200382	

URL http://cisbp.ccbr.utoronto.ca/TFreport.php?searchTF=T103683_1.02

MOTIF M0928_1.02 (XP_001175973.1)_(Mus_musculus)_(DBD_0.91)

letter-probability matrix: alength= 4 w= 7 nsites= 1 E= 0
  0.144397	  0.120611	  0.119411	  0.615582	
  0.644210	  0.107557	  0.134025	  0.114208	
  0.733858	  0.022383	  0.092602	  0.151156	
  0.080543	  0.104458	  0.116604	  0.698395	
  0.170686	  0.157563	  0.174135	  0.497616	
  0.375164	  0.124881	  0.304102	  0.195853	
  0.313095	  0.175301	  0.329148	  0.182456	

URL http://cisbp.ccbr.utoronto.ca/TFreport.php?searchTF=T103630_1.02

MOTIF M0939_1.02 (XP_001181979.1)_(Mus_musculus)_(DBD_0.95)

letter-probability matrix: alength= 4 w= 10 nsites= 1 E= 0
  0.226902	  0.245800	  0.321989	  0.205309	
  0.242216	  0.287100	  0.200303	  0.270381	
  0.160115	  0.052242	  0.025685	  0.761958	
  0.833901	  0.014384	  0.087892	  0.063823	
  0.916212	  0.019111	  0.030884	  0.033793	
  0.098357	  0.140978	  0.128844	  0.631820	
  0.120820	  0.238483	  0.315544	  0.325154	
  0.252984	  0.097839	  0.489472	  0.159705	
  0.192219	  0.295490	  0.272772	  0.239520	
  0.187034	  0.293327	  0.188913	  0.330726	

URL http://cisbp.ccbr.utoronto.ca/TFreport.php?searchTF=T103664_1.02

MOTIF M0942_1.02 (XP_001178180.1)_(Mus_musculus)_(DBD_0.97)

letter-probability matrix: alength= 4 w= 8 nsites= 1 E= 0
  0.320789	  0.120396	  0.221580	  0.337236	
  0.142028	  0.088768	  0.093319	  0.675885	
  0.117073	  0.115908	  0.597527	  0.169491	
  0.123128	  0.124365	  0.043957	  0.708550	
  0.334290	  0.242744	  0.111276	  0.311690	
  0.297216	  0.266256	  0.229168	  0.207360	
  0.227950	  0.251924	  0.244478	  0.275648	
  0.232873	  0.249759	  0.254804	  0.262564	

URL http://cisbp.ccbr.utoronto.ca/TFreport.php?searchTF=T103652_1.02

MOTIF M0952_1.02 (XP_001181583.1)_(Mus_musculus)_(DBD_0.96)

letter-probability matrix: alength= 4 w= 8 nsites= 1 E= 0
  0.177918	  0.245015	  0.196630	  0.380437	
  0.185511	  0.128139	  0.489368	  0.196982	
  0.844182	  0.107594	  0.012408	  0.035815	
  0.079962	  0.206759	  0.066790	  0.646488	
  0.600471	  0.307266	  0.010998	  0.081265	
  0.102580	  0.523557	  0.126551	  0.247311	
  0.201123	  0.352101	  0.245653	  0.201123	
  0.225861	  0.295869	  0.223613	  0.254657	

URL http://cisbp.ccbr.utoronto.ca/TFreport.php?searchTF=T103662_1.02

MOTIF M0954_1.02 (XP_001177341.1)_(Mus_musculus)_(DBD_0.98)

letter-probability matrix: alength= 4 w= 9 nsites= 1 E= 0
  0.269860	  0.244180	  0.310413	  0.175547	
  0.222956	  0.322782	  0.189991	  0.264271	
  0.095770	  0.046616	  0.010402	  0.847212	
  0.799391	  0.056478	  0.097891	  0.046240	
  0.967307	  0.000597	  0.022077	  0.010019	
  0.039713	  0.048993	  0.055795	  0.855498	
  0.112128	  0.104548	  0.131584	  0.651740	
  0.377268	  0.097803	  0.400597	  0.124332	
  0.274391	  0.207380	  0.363054	  0.155175	

URL http://cisbp.ccbr.utoronto.ca/TFreport.php?searchTF=T103641_1.02

MOTIF M0960_1.02 (XP_790548.2)_(Mus_musculus)_(DBD_0.93)

letter-probability matrix: alength= 4 w= 8 nsites= 1 E= 0
  0.179449	  0.275859	  0.239820	  0.304872	
  0.098405	  0.330001	  0.069345	  0.502249	
  0.556556	  0.215243	  0.116952	  0.111249	
  0.735866	  0.107883	  0.030909	  0.125342	
  0.077738	  0.120704	  0.010521	  0.791037	
  0.332583	  0.184360	  0.088845	  0.394212	
  0.425109	  0.147281	  0.128040	  0.299569	
  0.296228	  0.237729	  0.233021	  0.233021	

URL http://cisbp.ccbr.utoronto.ca/TFreport.php?searchTF=T103809_1.02

MOTIF M0961_1.02 (XP_001186022.1)_(Mus_musculus)_(DBD_0.95)

letter-probability matrix: alength= 4 w= 9 nsites= 1 E= 0
  0.239869	  0.317378	  0.190584	  0.252168	
  0.133763	  0.050707	  0.022333	  0.793196	
  0.850989	  0.020830	  0.051749	  0.076432	
  0.959274	  0.011777	  0.004509	  0.024439	
  0.324957	  0.077765	  0.136141	  0.461136	
  0.139125	  0.306548	  0.136371	  0.417956	
  0.193728	  0.061958	  0.611831	  0.132483	
  0.201560	  0.269370	  0.319285	  0.209785	
  0.174474	  0.290550	  0.187125	  0.347851	

URL http://cisbp.ccbr.utoronto.ca/TFreport.php?searchTF=T103679_1.02

MOTIF M0970_1.02 (XP_001190819.1)_(Mus_musculus)_(DBD_0.93)

letter-probability matrix: alength= 4 w= 9 nsites= 1 E= 0
  0.212858	  0.299055	  0.164125	  0.323962	
  0.153798	  0.038307	  0.030742	  0.777153	
  0.777780	  0.031389	  0.089698	  0.101134	
  0.945835	  0.014470	  0.014615	  0.025080	
  0.045414	  0.028101	  0.156932	  0.769554	
  0.119773	  0.689246	  0.071208	  0.119773	
  0.076693	  0.566686	  0.114412	  0.242210	
  0.157784	  0.314576	  0.287500	  0.240141	
  0.219437	  0.296208	  0.221642	  0.262713	

URL http://cisbp.ccbr.utoronto.ca/TFreport.php?searchTF=T103689_1.02

MOTIF M0972_1.02 (XP_001203119.1)_(Mus_musculus)_(DBD_0.91)

letter-probability matrix: alength= 4 w= 8 nsites= 1 E= 0
  0.205661	  0.300734	  0.189849	  0.303757	
  0.125034	  0.075837	  0.035114	  0.764015	
  0.752473	  0.068263	  0.113678	  0.065586	
  0.947059	  0.000567	  0.020767	  0.031606	
  0.052681	  0.078591	  0.069010	  0.799717	
  0.162578	  0.134445	  0.157773	  0.545203	
  0.352715	  0.124669	  0.349206	  0.173410	
  0.314813	  0.200734	  0.311680	  0.172773	

URL http://cisbp.ccbr.utoronto.ca/TFreport.php?searchTF=T103719_1.02

MOTIF M0975_1.02 (NP_999810.1)_(Mus_musculus)_(DBD_1.00)

letter-probability matrix: alength= 4 w= 9 nsites= 1 E= 0
  0.152081	  0.091324	  0.047201	  0.709395	
  0.690458	  0.086259	  0.135281	  0.088002	
  0.886062	  0.013024	  0.035758	  0.065156	
  0.031077	  0.036836	  0.028403	  0.903684	
  0.110911	  0.101365	  0.155824	  0.631899	
  0.491062	  0.048743	  0.349523	  0.110672	
  0.367221	  0.191706	  0.269337	  0.171737	
  0.287641	  0.235500	  0.183408	  0.293451	
  0.278534	  0.200244	  0.177601	  0.343621	

URL http://cisbp.ccbr.utoronto.ca/TFreport.php?searchTF=T103407_1.02

MOTIF M0994_1.02 (XP_001181543.1)_(Mus_musculus)_(DBD_0.78)

letter-probability matrix: alength= 4 w= 9 nsites= 1 E= 0
  0.294249	  0.222388	  0.222388	  0.260975	
  0.183480	  0.221873	  0.178057	  0.416591	
  0.075940	  0.132946	  0.517984	  0.273129	
  0.948766	  0.047711	  0.002423	  0.001100	
  0.114207	  0.261913	  0.146644	  0.477236	
  0.526111	  0.349154	  0.000085	  0.124650	
  0.145740	  0.556586	  0.082419	  0.215255	
  0.169751	  0.417520	  0.211523	  0.201207	
  0.257435	  0.267941	  0.217189	  0.257435	

URL http://cisbp.ccbr.utoronto.ca/TFreport.php?searchTF=T103661_1.02

MOTIF M1000_1.02 (XP_001189631.1)_(Mus_musculus)_(DBD_0.96)

letter-probability matrix: alength= 4 w= 8 nsites= 1 E= 0
  0.216987	  0.314139	  0.148389	  0.320485	
  0.078163	  0.026544	  0.007454	  0.887839	
  0.853506	  0.044228	  0.065324	  0.036942	
  0.978482	  0.000211	  0.008551	  0.012756	
  0.002825	  0.026803	  0.027897	  0.942475	
  0.104556	  0.090897	  0.098468	  0.706079	
  0.391058	  0.094524	  0.371986	  0.142431	
  0.297757	  0.193694	  0.374758	  0.133791	

URL http://cisbp.ccbr.utoronto.ca/TFreport.php?searchTF=T103685_1.02

MOTIF M1015_1.02 (XP_001179029.1)_(Mus_musculus)_(DBD_0.93)

letter-probability matrix: alength= 4 w= 7 nsites= 1 E= 0
  0.161249	  0.279486	  0.178208	  0.381058	
  0.074215	  0.310124	  0.003515	  0.612146	
  0.496430	  0.223061	  0.103280	  0.177229	
  0.604375	  0.168039	  0.074010	  0.153576	
  0.151745	  0.140078	  0.000347	  0.707829	
  0.255989	  0.195416	  0.091390	  0.457205	
  0.395010	  0.194204	  0.151246	  0.259540	

URL http://cisbp.ccbr.utoronto.ca/TFreport.php?searchTF=T103654_1.02

MOTIF M1016_1.02 (XP_001181610.1)_(Mus_musculus)_(DBD_0.98)

letter-probability matrix: alength= 4 w= 7 nsites= 1 E= 0
  0.247356	  0.242458	  0.265291	  0.244895	
  0.187686	  0.245862	  0.203318	  0.363134	
  0.206531	  0.145540	  0.437226	  0.210703	
  0.818609	  0.111900	  0.033704	  0.035788	
  0.126658	  0.170970	  0.099632	  0.602740	
  0.539508	  0.337193	  0.043409	  0.079890	
  0.146793	  0.419484	  0.179294	  0.254430	

URL http://cisbp.ccbr.utoronto.ca/TFreport.php?searchTF=T103663_1.02

MOTIF M1017_1.02 (XP_001189948.1)_(Mus_musculus)_(DBD_0.81)

letter-probability matrix: alength= 4 w= 8 nsites= 1 E= 0
  0.260569	  0.255410	  0.285108	  0.198913	
  0.177845	  0.320830	  0.230652	  0.270673	
  0.114497	  0.403649	  0.048938	  0.432917	
  0.580843	  0.152091	  0.107177	  0.159889	
  0.790662	  0.111371	  0.053137	  0.044830	
  0.121087	  0.104221	  0.012262	  0.762430	
  0.136206	  0.248183	  0.120804	  0.494807	
  0.509367	  0.130735	  0.162905	  0.196993	

URL http://cisbp.ccbr.utoronto.ca/TFreport.php?searchTF=T103688_1.02

MOTIF M1020_1.02 (NP_999809.1)_(Mus_musculus)_(DBD_0.91)

letter-probability matrix: alength= 4 w= 8 nsites= 1 E= 0
  0.245580	  0.266033	  0.173057	  0.315330	
  0.119000	  0.042484	  0.026819	  0.811696	
  0.775973	  0.070395	  0.099895	  0.053738	
  0.952272	  0.000511	  0.019863	  0.027354	
  0.039124	  0.063862	  0.062598	  0.834416	
  0.140547	  0.106223	  0.141959	  0.611271	
  0.355145	  0.111333	  0.377106	  0.156417	
  0.288606	  0.209571	  0.335312	  0.166511	

URL http://cisbp.ccbr.utoronto.ca/TFreport.php?searchTF=T103406_1.02

MOTIF M1028_1.02 (XP_783008.1)_(Mus_musculus)_(DBD_0.93)

letter-probability matrix: alength= 4 w= 9 nsites= 1 E= 0
  0.184447	  0.364076	  0.184447	  0.267030	
  0.116544	  0.046445	  0.001308	  0.835703	
  0.822965	  0.097799	  0.078485	  0.000750	
  0.891592	  0.011056	  0.021179	  0.076173	
  0.116988	  0.045699	  0.100693	  0.736620	
  0.189372	  0.123188	  0.282510	  0.404930	
  0.430266	  0.105047	  0.303203	  0.161484	
  0.227412	  0.274998	  0.297901	  0.199689	
  0.184723	  0.307617	  0.234829	  0.272832	

URL http://cisbp.ccbr.utoronto.ca/TFreport.php?searchTF=T103788_1.02

MOTIF M1088_1.02 (XP_001183943.1)_(Drosophila_melanogaster)_(DBD_0.93)

letter-probability matrix: alength= 4 w= 10 nsites= 1 E= 0
  0.248652	  0.156039	  0.439269	  0.156039	
  0.235559	  0.409426	  0.243856	  0.111159	
  0.000140	  0.000140	  0.000140	  0.999581	
  0.999581	  0.000140	  0.000140	  0.000140	
  0.999581	  0.000140	  0.000140	  0.000140	
  0.000140	  0.000140	  0.000140	  0.999581	
  0.000140	  0.000140	  0.000140	  0.999581	
  0.999581	  0.000140	  0.000140	  0.000140	
  0.270161	  0.309740	  0.212726	  0.207374	
  0.227694	  0.227694	  0.227694	  0.316917	

URL http://cisbp.ccbr.utoronto.ca/TFreport.php?searchTF=T103672_1.02

MOTIF M1096_1.02 (NP_999663.1)_(Drosophila_melanogaster)_(DBD_0.93)

letter-probability matrix: alength= 4 w= 8 nsites= 1 E= 0
  0.207448	  0.325343	  0.141866	  0.325343	
  0.070500	  0.046787	  0.081909	  0.800803	
  0.823901	  0.041432	  0.064978	  0.069690	
  0.800902	  0.045410	  0.085263	  0.068425	
  0.078337	  0.041722	  0.098595	  0.781347	
  0.084961	  0.693803	  0.089317	  0.131919	
  0.101356	  0.577459	  0.132772	  0.188413	
  0.148880	  0.348326	  0.299807	  0.202987	

URL http://cisbp.ccbr.utoronto.ca/TFreport.php?searchTF=T103398_1.02

MOTIF M1097_1.02 (XP_001187592.1)_(Drosophila_melanogaster)_(DBD_0.89)

letter-probability matrix: alength= 4 w= 10 nsites= 1 E= 0
  0.292329	  0.229079	  0.288644	  0.189949	
  0.136427	  0.336877	  0.156525	  0.370171	
  0.034513	  0.118059	  0.009674	  0.837754	
  0.801571	  0.072692	  0.093201	  0.032536	
  0.970781	  0.007894	  0.008025	  0.013300	
  0.013300	  0.008025	  0.007894	  0.970781	
  0.032536	  0.093201	  0.072692	  0.801571	
  0.837754	  0.009674	  0.118059	  0.034513	
  0.370171	  0.156525	  0.336877	  0.136427	
  0.189949	  0.288644	  0.229079	  0.292329	

URL http://cisbp.ccbr.utoronto.ca/TFreport.php?searchTF=T103681_1.02

MOTIF M1104_1.02 (XP_001177706.1)_(Drosophila_melanogaster)_(DBD_0.82)

letter-probability matrix: alength= 4 w= 8 nsites= 1 E= 0
  0.172390	  0.270362	  0.216970	  0.340277	
  0.175398	  0.147977	  0.175398	  0.501227	
  0.437799	  0.142845	  0.145731	  0.273625	
  0.559761	  0.114150	  0.154086	  0.172003	
  0.276316	  0.165927	  0.137215	  0.420543	
  0.209315	  0.226748	  0.174835	  0.389102	
  0.299659	  0.080854	  0.524604	  0.094883	
  0.166927	  0.313424	  0.241666	  0.277982	

URL http://cisbp.ccbr.utoronto.ca/TFreport.php?searchTF=T103644_1.02

MOTIF M1106_1.02 (XP_001179858.1)_(Drosophila_melanogaster)_(DBD_0.93)

letter-probability matrix: alength= 4 w= 8 nsites= 1 E= 0
  0.699401	  0.033622	  0.033622	  0.233356	
  0.152259	  0.065378	  0.043658	  0.738705	
  0.053712	  0.018023	  0.000178	  0.928087	
  0.821021	  0.000178	  0.000178	  0.178622	
  0.963776	  0.000178	  0.000178	  0.035867	
  0.071556	  0.000178	  0.000178	  0.928087	
  0.109193	  0.000182	  0.036519	  0.854106	
  0.871811	  0.000213	  0.085247	  0.042730	

URL http://cisbp.ccbr.utoronto.ca/TFreport.php?searchTF=T103658_1.02

MOTIF M1110_1.02 (XP_001197103.1)_(Caenorhabditis_elegans)_(DBD_0.79)

letter-probability matrix: alength= 4 w= 10 nsites= 1 E= 0
  0.240816	  0.226792	  0.271519	  0.260873	
  0.280565	  0.227422	  0.286233	  0.205780	
  0.235681	  0.250255	  0.341204	  0.172860	
  0.169104	  0.395643	  0.124029	  0.311224	
  0.427182	  0.203814	  0.190035	  0.178968	
  0.688905	  0.115020	  0.173314	  0.022762	
  0.081639	  0.159542	  0.022028	  0.736792	
  0.316472	  0.253975	  0.165213	  0.264340	
  0.234629	  0.269888	  0.289457	  0.206027	
  0.340075	  0.196206	  0.267513	  0.196206	

URL http://cisbp.ccbr.utoronto.ca/TFreport.php?searchTF=T103706_1.02

MOTIF M1125_1.02 (NP_001009577.1)_(Mus_musculus)_(DBD_0.98)

letter-probability matrix: alength= 4 w= 10 nsites= 1 E= 0
  0.232947	  0.273366	  0.293187	  0.200499	
  0.212847	  0.340554	  0.181376	  0.265223	
  0.136717	  0.049300	  0.011335	  0.802648	
  0.797526	  0.087489	  0.088368	  0.026616	
  0.889584	  0.000658	  0.045639	  0.064120	
  0.150641	  0.058844	  0.122107	  0.668408	
  0.186789	  0.142591	  0.242253	  0.428367	
  0.315574	  0.091322	  0.456867	  0.136237	
  0.212950	  0.281760	  0.314523	  0.190768	
  0.193573	  0.288776	  0.231748	  0.285903	

URL http://cisbp.ccbr.utoronto.ca/TFreport.php?searchTF=T103397_1.02

MOTIF M1157_1.02 (XP_001182471.1)_(PBM_CONSTRUCTS)_(DBD_0.70)

letter-probability matrix: alength= 4 w= 10 nsites= 1 E= 0
  0.234744	  0.168763	  0.168763	  0.427731	
  0.142094	  0.094301	  0.107392	  0.656214	
  0.105763	  0.089229	  0.061633	  0.743375	
  0.354051	  0.070066	  0.052955	  0.522927	
  0.740176	  0.078798	  0.082838	  0.098188	
  0.045681	  0.268187	  0.089272	  0.596861	
  0.136557	  0.109589	  0.386348	  0.367506	
  0.383728	  0.090011	  0.368681	  0.157580	
  0.134133	  0.411098	  0.210362	  0.244406	
  0.204244	  0.333391	  0.186665	  0.275700	

URL http://cisbp.ccbr.utoronto.ca/TFreport.php?searchTF=T103669_1.02

MOTIF M1219_1.02 NP_999815.2

letter-probability matrix: alength= 4 w= 8 nsites= 1 E= 0
  0.129674	  0.037116	  0.166698	  0.666512	
  0.006643	  0.105301	  0.000066	  0.887990	
  0.862129	  0.113805	  0.006046	  0.018020	
  0.993943	  0.005940	  0.000059	  0.000059	
  0.005940	  0.005940	  0.005940	  0.982181	
  0.025214	  0.000063	  0.207558	  0.767165	
  0.745874	  0.000079	  0.246033	  0.008013	
  0.040489	  0.161652	  0.595820	  0.202040	

URL http://cisbp.ccbr.utoronto.ca/TFreport.php?searchTF=T103408_1.02

MOTIF M1224_1.02 (XP_800234.2)_(Xenopus_tropicalis)_(DBD_0.73)

letter-probability matrix: alength= 4 w= 10 nsites= 1 E= 0
  0.272857	  0.307645	  0.242002	  0.177496	
  0.343370	  0.188445	  0.307602	  0.160583	
  0.106457	  0.244139	  0.018133	  0.631272	
  0.111726	  0.137833	  0.710554	  0.039887	
  0.337449	  0.317797	  0.249988	  0.094766	
  0.231039	  0.279384	  0.226464	  0.263114	
  0.132973	  0.419954	  0.092772	  0.354301	
  0.314916	  0.273775	  0.245257	  0.166053	
  0.265582	  0.317959	  0.276420	  0.140039	
  0.246136	  0.277518	  0.253632	  0.222713	

URL http://cisbp.ccbr.utoronto.ca/TFreport.php?searchTF=T136264_1.02

MOTIF M1472_1.02 (XP_001196364.1)_(Drosophila_pseudoobscura)_(DBD_0.87)

letter-probability matrix: alength= 4 w= 8 nsites= 1 E= 0
  0.143466	  0.001420	  0.285511	  0.569602	
  0.000906	  0.000906	  0.000906	  0.997283	
  0.000906	  0.091486	  0.906703	  0.000906	
  0.997283	  0.000906	  0.000906	  0.000906	
  0.000906	  0.000906	  0.000906	  0.997283	
  0.000906	  0.906703	  0.091486	  0.000906	
  0.091486	  0.091486	  0.000906	  0.816123	
  0.000996	  0.598606	  0.000996	  0.399402	

URL http://cisbp.ccbr.utoronto.ca/TFreport.php?searchTF=T135286_1.02

MOTIF M1490_1.02 (XP_001192696.1)_(Pan_paniscus)_(DBD_0.89)

letter-probability matrix: alength= 4 w= 9 nsites= 1 E= 0
  0.299425	  0.217427	  0.247612	  0.235536	
  0.266279	  0.226908	  0.261006	  0.245807	
  0.218169	  0.218169	  0.250954	  0.312708	
  0.070373	  0.193217	  0.013116	  0.723294	
  0.116380	  0.024212	  0.747592	  0.111816	
  0.785062	  0.012253	  0.117421	  0.085265	
  0.098894	  0.709140	  0.051627	  0.140338	
  0.349515	  0.291939	  0.137902	  0.220643	
  0.158528	  0.277531	  0.224963	  0.338978	

URL http://cisbp.ccbr.utoronto.ca/TFreport.php?searchTF=T135277_1.02

MOTIF M1491_1.02 (XP_001195281.1)_(Brugia_pahangi)_(DBD_0.80)

letter-probability matrix: alength= 4 w= 8 nsites= 1 E= 0
  0.246156	  0.138530	  0.276907	  0.338407	
  0.000107	  0.010856	  0.000107	  0.988929	
  0.000107	  0.000107	  0.999678	  0.000107	
  0.999678	  0.000107	  0.000107	  0.000107	
  0.000107	  0.999678	  0.000107	  0.000107	
  0.000107	  0.999678	  0.000107	  0.000107	
  0.000125	  0.412419	  0.000125	  0.587331	
  0.240748	  0.259252	  0.222243	  0.277757	

URL http://cisbp.ccbr.utoronto.ca/TFreport.php?searchTF=T135283_1.02

MOTIF M1499_1.02 (NP_999759.1)_(Danio_rerio)_(DBD_0.80)

letter-probability matrix: alength= 4 w= 10 nsites= 1 E= 0
  0.160399	  0.501531	  0.057264	  0.280806	
  0.488862	  0.167684	  0.242761	  0.100693	
  0.231052	  0.247805	  0.305712	  0.215431	
  0.015981	  0.317798	  0.063524	  0.602697	
  0.084598	  0.458476	  0.406631	  0.050295	
  0.622700	  0.008620	  0.258285	  0.110395	
  0.394790	  0.162123	  0.126261	  0.316826	
  0.085544	  0.336647	  0.522715	  0.055094	
  0.064856	  0.751575	  0.036313	  0.147256	
  0.306352	  0.055965	  0.575210	  0.062473	

URL http://cisbp.ccbr.utoronto.ca/TFreport.php?searchTF=T136198_1.02

MOTIF M1526_1.02 (XP_790469.2)_(Cavia_porcellus)_(DBD_0.68)

letter-probability matrix: alength= 4 w= 10 nsites= 1 E= 0
  0.171776	  0.401896	  0.256260	  0.170067	
  0.084066	  0.653013	  0.139994	  0.122928	
  0.244961	  0.340732	  0.159349	  0.254958	
  0.198205	  0.214713	  0.175792	  0.411291	
  0.297979	  0.137968	  0.496222	  0.067831	
  0.218249	  0.083566	  0.636278	  0.061907	
  0.227621	  0.462979	  0.057840	  0.251560	
  0.432530	  0.055682	  0.259732	  0.252056	
  0.742173	  0.119055	  0.084740	  0.054032	
  0.011204	  0.801302	  0.041109	  0.146385	

URL http://cisbp.ccbr.utoronto.ca/TFreport.php?searchTF=T139197_1.02

MOTIF M1528_1.02 (XP_001185215.1)_(Mus_musculus)_(DBD_0.68)

letter-probability matrix: alength= 4 w= 10 nsites= 1 E= 0
  0.197054	  0.369991	  0.263349	  0.169606	
  0.065864	  0.656936	  0.168610	  0.108591	
  0.308958	  0.265923	  0.156524	  0.268595	
  0.134548	  0.150193	  0.135900	  0.579359	
  0.429537	  0.091168	  0.451560	  0.027735	
  0.273736	  0.064210	  0.621518	  0.040535	
  0.195662	  0.476462	  0.050219	  0.277657	
  0.505373	  0.035350	  0.195449	  0.263828	
  0.811192	  0.082972	  0.062085	  0.043751	
  0.023718	  0.876757	  0.027556	  0.071969	

URL http://cisbp.ccbr.utoronto.ca/TFreport.php?searchTF=T139186_1.02

MOTIF M1529_1.02 (XP_001184853.1)_(Mus_musculus)_(DBD_0.62)

letter-probability matrix: alength= 4 w= 10 nsites= 1 E= 0
  0.257402	  0.340577	  0.281643	  0.120378	
  0.111648	  0.611157	  0.169924	  0.107270	
  0.313889	  0.292669	  0.165512	  0.227931	
  0.060619	  0.279947	  0.036401	  0.623033	
  0.543155	  0.088890	  0.307168	  0.060788	
  0.182278	  0.051704	  0.717326	  0.048693	
  0.151291	  0.560711	  0.020475	  0.267523	
  0.642237	  0.022759	  0.185853	  0.149151	
  0.908416	  0.039319	  0.033505	  0.018760	
  0.011861	  0.928182	  0.000621	  0.059337	

URL http://cisbp.ccbr.utoronto.ca/TFreport.php?searchTF=T139185_1.02

MOTIF M1531_1.02 (XP_001189925.1)_(Mus_musculus)_(DBD_0.96)

letter-probability matrix: alength= 4 w= 10 nsites= 1 E= 0
  0.104605	  0.584172	  0.194454	  0.116769	
  0.266268	  0.282733	  0.156727	  0.294272	
  0.098718	  0.112423	  0.073867	  0.714991	
  0.512814	  0.101485	  0.365006	  0.020695	
  0.255170	  0.103744	  0.573599	  0.067487	
  0.184311	  0.457887	  0.038345	  0.319457	
  0.484397	  0.018971	  0.233435	  0.263197	
  0.869982	  0.053972	  0.047869	  0.028176	
  0.021911	  0.904128	  0.002656	  0.071305	
  0.236202	  0.300271	  0.335186	  0.128340	

URL http://cisbp.ccbr.utoronto.ca/TFreport.php?searchTF=T139187_1.02

MOTIF M1628_1.02 (XP_001185500.1)_(Mus_musculus)_(DBD_0.84)

letter-probability matrix: alength= 4 w= 11 nsites= 1 E= 0
  0.538889	  0.153704	  0.153704	  0.153704	
  0.235964	  0.059136	  0.571481	  0.133420	
  0.019402	  0.019402	  0.941795	  0.019402	
  0.000143	  0.000143	  0.000143	  0.999572	
  0.000143	  0.000143	  0.999572	  0.000143	
  0.000143	  0.000143	  0.000143	  0.999572	
  0.000143	  0.000143	  0.796563	  0.203152	
  0.999572	  0.000143	  0.000143	  0.000143	
  0.710684	  0.096439	  0.096439	  0.096439	
  0.268043	  0.191007	  0.274907	  0.266044	
  0.307777	  0.230741	  0.230741	  0.230741	

URL http://cisbp.ccbr.utoronto.ca/TFreport.php?searchTF=T150299_1.02

MOTIF M1640_1.02 XP_001195863.1

