MEME version 4

ALPHABET= ACGT

strands: + -

Background letter frequencies (from uniform background):
A 0.25000 C 0.25000 G 0.25000 T 0.25000 

MOTIF M0136_1.02 (THAPSDRAFT_11588)_(Vitis_vinifera)_(DBD_0.50)

letter-probability matrix: alength= 4 w= 10 nsites= 1 E= 0
  0.433147	  0.079924	  0.290347	  0.196582	
  0.089120	  0.487838	  0.149902	  0.273140	
  0.379963	  0.149916	  0.267756	  0.202365	
  0.308475	  0.121710	  0.388246	  0.181570	
  0.315975	  0.088736	  0.349207	  0.246082	
  0.439824	  0.013962	  0.186117	  0.360097	
  0.418576	  0.082011	  0.186207	  0.313205	
  0.400654	  0.094926	  0.189255	  0.315165	
  0.341668	  0.121978	  0.248102	  0.288253	
  0.338234	  0.151978	  0.238349	  0.271439	

URL http://cisbp.ccbr.utoronto.ca/TFreport.php?searchTF=T008765_1.02

MOTIF M0145_1.02 (THAPSDRAFT_24106)_(Medicago_truncatula)_(DBD_0.62)

letter-probability matrix: alength= 4 w= 8 nsites= 1 E= 0
  0.839058	  0.000399	  0.120208	  0.040335	
  0.881610	  0.000294	  0.000294	  0.117803	
  0.832686	  0.000277	  0.000277	  0.166759	
  0.693951	  0.000277	  0.000277	  0.305494	
  0.166759	  0.000277	  0.000277	  0.832686	
  0.832686	  0.000277	  0.000277	  0.166759	
  0.764101	  0.029671	  0.000294	  0.205934	
  0.185281	  0.037352	  0.000370	  0.776997	

URL http://cisbp.ccbr.utoronto.ca/TFreport.php?searchTF=T008766_1.02

MOTIF M1369_1.02 THAPSDRAFT_24118

letter-probability matrix: alength= 4 w= 9 nsites= 1 E= 0
  0.228356	  0.249861	  0.240064	  0.281718	
  0.263420	  0.229006	  0.213524	  0.294050	
  0.339244	  0.231996	  0.118714	  0.310046	
  0.347213	  0.119097	  0.357787	  0.175904	
  0.136270	  0.082652	  0.674951	  0.106127	
  0.641759	  0.144635	  0.150538	  0.063068	
  0.015815	  0.016625	  0.003710	  0.963850	
  0.366729	  0.271679	  0.152113	  0.209479	
  0.155506	  0.374910	  0.191844	  0.277740	

URL http://cisbp.ccbr.utoronto.ca/TFreport.php?searchTF=T120826_1.02

