MEME version 4

ALPHABET= ACGT

strands: + -

Background letter frequencies (from uniform background):
A 0.25000 C 0.25000 G 0.25000 T 0.25000 

MOTIF M1296_1.02 (AMSG_06825)_(Caenorhabditis_elegans)_(DBD_0.71)

letter-probability matrix: alength= 4 w= 9 nsites= 1 E= 0
  0.000244	  0.999712	  0.000025	  0.000020	
  0.017908	  0.800487	  0.019990	  0.161616	
  0.366259	  0.151918	  0.085059	  0.396764	
  0.236844	  0.035424	  0.037241	  0.690491	
  0.647071	  0.070278	  0.129342	  0.153309	
  0.141330	  0.114560	  0.064787	  0.679324	
  0.573322	  0.058058	  0.034517	  0.334103	
  0.303215	  0.124517	  0.233795	  0.338473	
  0.153662	  0.012613	  0.800117	  0.033608	

URL http://cisbp.ccbr.utoronto.ca/TFreport.php?searchTF=T110915_1.02

MOTIF M1530_1.02 (AMSG_03262)_(Mus_musculus)_(DBD_0.29)

letter-probability matrix: alength= 4 w= 10 nsites= 1 E= 0
  0.135068	  0.476170	  0.211828	  0.176934	
  0.279911	  0.277126	  0.176703	  0.266260	
  0.133759	  0.266677	  0.083600	  0.515965	
  0.436252	  0.113094	  0.379259	  0.071394	
  0.214062	  0.060720	  0.656069	  0.069149	
  0.180816	  0.486617	  0.028431	  0.304137	
  0.572267	  0.014008	  0.221319	  0.192406	
  0.827255	  0.059627	  0.070677	  0.042441	
  0.050302	  0.843917	  0.000349	  0.105431	
  0.220508	  0.306719	  0.359938	  0.112836	

URL http://cisbp.ccbr.utoronto.ca/TFreport.php?searchTF=T138584_1.02

MOTIF M1704_1.02 (AMSG_08859)_(Ostreococcus_tauri)_(DBD_0.43)

letter-probability matrix: alength= 4 w= 9 nsites= 1 E= 0
  0.241635	  0.259156	  0.232161	  0.267048	
  0.339988	  0.116619	  0.454369	  0.089024	
  0.090372	  0.018246	  0.791505	  0.099877	
  0.115683	  0.000069	  0.003424	  0.880823	
  0.157393	  0.749003	  0.041213	  0.052391	
  0.758233	  0.079122	  0.043423	  0.119222	
  0.650035	  0.029875	  0.180734	  0.139355	
  0.254248	  0.415014	  0.132729	  0.198009	
  0.231806	  0.229499	  0.328948	  0.209747	

URL http://cisbp.ccbr.utoronto.ca/TFreport.php?searchTF=T153910_1.02

MOTIF M4266_1.02 (AMSG_02980)_(Saccharomyces_cerevisiae)_(DBD_0.80)

letter-probability matrix: alength= 4 w= 21 nsites= 1 E= 0
  0.277896	  0.250994	  0.386874	  0.084236	
  0.337701	  0.191203	  0.147499	  0.323596	
  0.253161	  0.345476	  0.088062	  0.313301	
  0.160289	  0.200315	  0.154575	  0.484821	
  0.545495	  0.139664	  0.154641	  0.160199	
  0.115326	  0.098646	  0.701617	  0.084410	
  0.287085	  0.198825	  0.266325	  0.247765	
  0.332186	  0.110816	  0.027332	  0.529666	
  0.907072	  0.007916	  0.025927	  0.059085	
  0.012689	  0.007855	  0.023849	  0.955608	
  0.981186	  0.002417	  0.004390	  0.012006	
  0.038291	  0.001865	  0.005177	  0.954667	
  0.970929	  0.002253	  0.006019	  0.020798	
  0.044741	  0.004462	  0.003313	  0.947483	
  0.883835	  0.010075	  0.024913	  0.081177	
  0.186324	  0.062165	  0.094376	  0.657135	
  0.264806	  0.122748	  0.129197	  0.483248	
  0.137280	  0.380802	  0.369687	  0.112231	
  0.266096	  0.228247	  0.383999	  0.121658	
  0.350006	  0.176397	  0.172576	  0.301021	
  0.248908	  0.193837	  0.270884	  0.286371	

URL http://cisbp.ccbr.utoronto.ca/TFreport.php?searchTF=T150377_1.02

