MEME version 4

ALPHABET= ACGT

strands: + -

Background letter frequencies (from uniform background):
A 0.25000 C 0.25000 G 0.25000 T 0.25000 

MOTIF M0060_1.02 (TA08375)_(Plasmodium_falciparum)_(DBD_0.73)

letter-probability matrix: alength= 4 w= 8 nsites= 1 E= 0
  0.206897	  0.206897	  0.275862	  0.310345	
  0.047619	  0.023810	  0.095238	  0.833333	
  0.060000	  0.000000	  0.940000	  0.000000	
  0.000000	  1.000000	  0.000000	  0.000000	
  1.000000	  0.000000	  0.000000	  0.000000	
  0.000000	  0.000000	  0.000000	  1.000000	
  0.000000	  0.000000	  1.000000	  0.000000	
  0.000000	  0.764706	  0.000000	  0.235294	

URL http://cisbp.ccbr.utoronto.ca/TFreport.php?searchTF=T004588_1.02

MOTIF M0061_1.02 (TA07100)_(Plasmodium_falciparum)_(DBD_0.74)

letter-probability matrix: alength= 4 w= 8 nsites= 1 E= 0
  0.727273	  0.090909	  0.000000	  0.181818	
  0.000000	  0.750000	  0.000000	  0.250000	
  1.000000	  0.000000	  0.000000	  0.000000	
  0.062500	  0.937500	  0.000000	  0.000000	
  0.937500	  0.000000	  0.000000	  0.062500	
  0.000000	  0.937500	  0.000000	  0.062500	
  0.937500	  0.062500	  0.000000	  0.000000	
  0.071429	  0.714286	  0.000000	  0.214286	

URL http://cisbp.ccbr.utoronto.ca/TFreport.php?searchTF=T004586_1.02

MOTIF M0067_1.02 (TA13515)_(Plasmodium_falciparum)_(DBD_0.75)

letter-probability matrix: alength= 4 w= 8 nsites= 1 E= 0
  0.235294	  0.000000	  0.686275	  0.078431	
  0.306452	  0.532258	  0.080645	  0.080645	
  0.000000	  0.000000	  1.000000	  0.000000	
  0.000000	  0.000000	  0.000000	  1.000000	
  1.000000	  0.000000	  0.000000	  0.000000	
  0.000000	  1.000000	  0.000000	  0.000000	
  0.803279	  0.016393	  0.049180	  0.131148	
  0.071429	  0.714286	  0.095238	  0.119048	

URL http://cisbp.ccbr.utoronto.ca/TFreport.php?searchTF=T004595_1.02

MOTIF M6280_1.02 (TA03140)_(Homo_sapiens)_(DBD_0.59)

letter-probability matrix: alength= 4 w= 15 nsites= 1 E= 0
  0.950658	  0.016447	  0.016447	  0.016447	
  0.723684	  0.000000	  0.000000	  0.276316	
  0.157895	  0.000000	  0.000000	  0.842105	
  0.592105	  0.000000	  0.000000	  0.407895	
  0.526316	  0.026316	  0.013158	  0.434211	
  0.171053	  0.276316	  0.118421	  0.434211	
  0.000000	  0.552632	  0.394737	  0.052632	
  0.026316	  0.328947	  0.618421	  0.026316	
  0.000000	  0.500000	  0.434211	  0.065789	
  0.026316	  0.421053	  0.539474	  0.013158	
  0.947368	  0.000000	  0.039474	  0.013158	
  0.789474	  0.013158	  0.000000	  0.197368	
  0.026316	  0.013158	  0.000000	  0.960526	
  0.789474	  0.000000	  0.013158	  0.197368	
  0.019737	  0.019737	  0.019737	  0.940789	

URL http://cisbp.ccbr.utoronto.ca/TFreport.php?searchTF=T008924_1.02

