MEME version 4

ALPHABET= ACGT

strands: + -

Background letter frequencies (from uniform background):
A 0.25000 C 0.25000 G 0.25000 T 0.25000 

MOTIF M0737_1.02 (amel4_ncbi_hmm7342)_(Mus_musculus)_(DBD_0.80)

letter-probability matrix: alength= 4 w= 10 nsites= 1 E= 0
  0.329842	  0.082156	  0.060257	  0.527746	
  0.520070	  0.108198	  0.255689	  0.116043	
  0.283345	  0.081996	  0.128595	  0.506065	
  0.209230	  0.033229	  0.701648	  0.055893	
  0.071321	  0.155585	  0.032694	  0.740400	
  0.638753	  0.232646	  0.070072	  0.058529	
  0.729556	  0.133278	  0.066184	  0.070983	
  0.865457	  0.036352	  0.043959	  0.054231	
  0.059316	  0.519509	  0.058726	  0.362449	
  0.777489	  0.053307	  0.067092	  0.102112	

URL http://cisbp.ccbr.utoronto.ca/TFreport.php?searchTF=T080922_1.02

MOTIF M0757_1.02 (amel4_ncbi_hmm24155)_(Strongylocentrotus_purpuratus)_(DBD_0.92)

letter-probability matrix: alength= 4 w= 10 nsites= 1 E= 0
  0.321884	  0.201178	  0.236085	  0.240854	
  0.216367	  0.234387	  0.239122	  0.310124	
  0.297171	  0.182055	  0.409243	  0.111532	
  0.279854	  0.144643	  0.132194	  0.443309	
  0.472247	  0.313407	  0.069235	  0.145111	
  0.572460	  0.196359	  0.062174	  0.169007	
  0.751021	  0.048981	  0.135834	  0.064163	
  0.037542	  0.655546	  0.026722	  0.280190	
  0.680835	  0.057015	  0.121915	  0.140235	
  0.359328	  0.213628	  0.193298	  0.233746	

URL http://cisbp.ccbr.utoronto.ca/TFreport.php?searchTF=T080915_1.02

MOTIF M0817_1.02 (amel4_ncbi_hmm35814)_(Drosophila_melanogaster)_(DBD_0.69)

letter-probability matrix: alength= 4 w= 8 nsites= 1 E= 0
  0.729854	  0.111199	  0.158788	  0.000159	
  0.000118	  0.011877	  0.000118	  0.987888	
  0.235301	  0.023636	  0.740945	  0.000118	
  0.047154	  0.799741	  0.141228	  0.011877	
  0.070673	  0.000118	  0.752705	  0.176505	
  0.000118	  0.000118	  0.999647	  0.000118	
  0.000118	  0.000118	  0.999647	  0.000118	
  0.055699	  0.351776	  0.092709	  0.499815	

URL http://cisbp.ccbr.utoronto.ca/TFreport.php?searchTF=T086709_1.02

MOTIF M0911_1.02 (amel4_ncbi_hmm21711)_(Mus_musculus)_(DBD_0.95)

letter-probability matrix: alength= 4 w= 10 nsites= 1 E= 0
  0.247073	  0.284202	  0.206373	  0.262352	
  0.149870	  0.075171	  0.040036	  0.734924	
  0.706549	  0.090958	  0.126519	  0.075974	
  0.851645	  0.008910	  0.044131	  0.095313	
  0.070692	  0.091682	  0.096383	  0.741243	
  0.120799	  0.217919	  0.226813	  0.434469	
  0.367812	  0.088905	  0.402450	  0.140833	
  0.215590	  0.296895	  0.274069	  0.213445	
  0.220651	  0.269503	  0.211999	  0.297847	
  0.238452	  0.238452	  0.243269	  0.279826	

URL http://cisbp.ccbr.utoronto.ca/TFreport.php?searchTF=T089791_1.02

MOTIF M1000_1.02 (amel4_ncbi_hmm11977)_(Mus_musculus)_(DBD_0.89)

letter-probability matrix: alength= 4 w= 8 nsites= 1 E= 0
  0.216987	  0.314139	  0.148389	  0.320485	
  0.078163	  0.026544	  0.007454	  0.887839	
  0.853506	  0.044228	  0.065324	  0.036942	
  0.978482	  0.000211	  0.008551	  0.012756	
  0.002825	  0.026803	  0.027897	  0.942475	
  0.104556	  0.090897	  0.098468	  0.706079	
  0.391058	  0.094524	  0.371986	  0.142431	
  0.297757	  0.193694	  0.374758	  0.133791	

URL http://cisbp.ccbr.utoronto.ca/TFreport.php?searchTF=T089757_1.02

MOTIF M1028_1.02 (amel4_ncbi_hmm13995)_(Mus_musculus)_(DBD_0.93)

letter-probability matrix: alength= 4 w= 9 nsites= 1 E= 0
  0.184447	  0.364076	  0.184447	  0.267030	
  0.116544	  0.046445	  0.001308	  0.835703	
  0.822965	  0.097799	  0.078485	  0.000750	
  0.891592	  0.011056	  0.021179	  0.076173	
  0.116988	  0.045699	  0.100693	  0.736620	
  0.189372	  0.123188	  0.282510	  0.404930	
  0.430266	  0.105047	  0.303203	  0.161484	
  0.227412	  0.274998	  0.297901	  0.199689	
  0.184723	  0.307617	  0.234829	  0.272832	

URL http://cisbp.ccbr.utoronto.ca/TFreport.php?searchTF=T089766_1.02

MOTIF M1096_1.02 (amel4_ncbi_hmm18741)_(Drosophila_melanogaster)_(DBD_0.95)

letter-probability matrix: alength= 4 w= 8 nsites= 1 E= 0
  0.207448	  0.325343	  0.141866	  0.325343	
  0.070500	  0.046787	  0.081909	  0.800803	
  0.823901	  0.041432	  0.064978	  0.069690	
  0.800902	  0.045410	  0.085263	  0.068425	
  0.078337	  0.041722	  0.098595	  0.781347	
  0.084961	  0.693803	  0.089317	  0.131919	
  0.101356	  0.577459	  0.132772	  0.188413	
  0.148880	  0.348326	  0.299807	  0.202987	

URL http://cisbp.ccbr.utoronto.ca/TFreport.php?searchTF=T089784_1.02

MOTIF M1423_1.02 (amel4_ncbi_hmm4554)_(Anopheles_gambiae)_(DBD_0.90)

letter-probability matrix: alength= 4 w= 9 nsites= 1 E= 0
  0.268421	  0.231032	  0.250274	  0.250274	
  0.233375	  0.233375	  0.287910	  0.245340	
  0.057487	  0.255077	  0.000962	  0.686473	
  0.168946	  0.001803	  0.803982	  0.025269	
  0.514234	  0.273877	  0.124298	  0.087591	
  0.210810	  0.441844	  0.029694	  0.317652	
  0.194071	  0.726489	  0.000537	  0.078903	
  0.087004	  0.294700	  0.132417	  0.485878	
  0.237598	  0.270584	  0.287316	  0.204503	

URL http://cisbp.ccbr.utoronto.ca/TFreport.php?searchTF=T131141_1.02

MOTIF M1854_1.02 (amel4_ncbi_hmm4785)_(Drosophila_melanogaster)_(DBD_0.80)

letter-probability matrix: alength= 4 w= 12 nsites= 1 E= 0
  0.000000	  0.384615	  0.461538	  0.153846	
  0.000000	  0.000000	  0.923077	  0.076923	
  0.000000	  0.076923	  0.846154	  0.076923	
  0.000000	  0.000000	  0.769231	  0.230769	
  0.076923	  0.076923	  0.230769	  0.615385	
  0.076923	  0.000000	  0.153846	  0.769231	
  0.076923	  0.000000	  0.000000	  0.923077	
  0.000000	  0.000000	  0.000000	  1.000000	
  0.000000	  0.230769	  0.000000	  0.769231	
  0.076923	  0.692308	  0.000000	  0.230769	
  0.076923	  0.692308	  0.076923	  0.153846	
  0.230769	  0.384615	  0.384615	  0.000000	

URL http://cisbp.ccbr.utoronto.ca/TFreport.php?searchTF=T138023_1.02

MOTIF M1858_1.02 (amel4_ncbi_hmm2086)_(Drosophila_melanogaster)_(DBD_0.97)

letter-probability matrix: alength= 4 w= 7 nsites= 1 E= 0
  0.117647	  0.705882	  0.117647	  0.058824	
  0.294118	  0.705882	  0.000000	  0.000000	
  0.000000	  0.000000	  1.000000	  0.000000	
  0.000000	  0.000000	  1.000000	  0.000000	
  1.000000	  0.000000	  0.000000	  0.000000	
  1.000000	  0.000000	  0.000000	  0.000000	
  0.294118	  0.058824	  0.588235	  0.058824	

URL http://cisbp.ccbr.utoronto.ca/TFreport.php?searchTF=T077528_1.02

MOTIF M1946_1.02 (amel4_ncbi_hmm10976)_(Drosophila_melanogaster)_(DBD_0.94)

letter-probability matrix: alength= 4 w= 9 nsites= 1 E= 0
  0.476190	  0.190476	  0.000000	  0.333333	
  0.047619	  0.190476	  0.666667	  0.095238	
  0.190476	  0.095238	  0.095238	  0.619048	
  0.952381	  0.000000	  0.000000	  0.047619	
  1.000000	  0.000000	  0.000000	  0.000000	
  0.000000	  1.000000	  0.000000	  0.000000	
  0.333333	  0.238095	  0.142857	  0.285714	
  0.000000	  0.000000	  1.000000	  0.000000	
  0.238095	  0.190476	  0.095238	  0.476190	

URL http://cisbp.ccbr.utoronto.ca/TFreport.php?searchTF=T035314_1.02

MOTIF M1995_1.02 (amel4_ncbi_hmm1569)_(Drosophila_melanogaster)_(DBD_1.00)

letter-probability matrix: alength= 4 w= 7 nsites= 1 E= 0
  0.041667	  0.166667	  0.125000	  0.666667	
  0.000000	  0.000000	  0.000000	  1.000000	
  1.000000	  0.000000	  0.000000	  0.000000	
  1.000000	  0.000000	  0.000000	  0.000000	
  0.000000	  0.000000	  0.000000	  1.000000	
  0.041667	  0.000000	  0.791667	  0.166667	
  0.875000	  0.000000	  0.125000	  0.000000	

URL http://cisbp.ccbr.utoronto.ca/TFreport.php?searchTF=T089773_1.02

MOTIF M2019_1.02 (amel4_ncbi_hmm18674)_(Drosophila_melanogaster)_(DBD_1.00)

letter-probability matrix: alength= 4 w= 5 nsites= 1 E= 0
  0.411765	  0.000000	  0.147059	  0.441176	
  0.676471	  0.000000	  0.000000	  0.323529	
  1.000000	  0.000000	  0.000000	  0.000000	
  0.000000	  1.000000	  0.000000	  0.000000	
  1.000000	  0.000000	  0.000000	  0.000000	

URL http://cisbp.ccbr.utoronto.ca/TFreport.php?searchTF=T089782_1.02

MOTIF M2035_1.02 (amel4_ncbi_hmm17728)_(Drosophila_melanogaster)_(DBD_1.00)

letter-probability matrix: alength= 4 w= 6 nsites= 1 E= 0
  0.333333	  0.666667	  0.000000	  0.000000	
  0.000000	  0.176471	  0.000000	  0.823529	
  0.000000	  0.000000	  1.000000	  0.000000	
  0.000000	  0.000000	  0.000000	  1.000000	
  0.000000	  1.000000	  0.000000	  0.000000	
  1.000000	  0.000000	  0.000000	  0.000000	

URL http://cisbp.ccbr.utoronto.ca/TFreport.php?searchTF=T089777_1.02

MOTIF M2258_1.02 (amel4_ncbi_hmm7939)_(Drosophila_melanogaster)_(DBD_0.89)

letter-probability matrix: alength= 4 w= 11 nsites= 1 E= 0
  0.466667	  0.333333	  0.000000	  0.200000	
  0.666667	  0.333333	  0.000000	  0.000000	
  0.000000	  0.933333	  0.066667	  0.000000	
  0.800000	  0.000000	  0.200000	  0.000000	
  0.000000	  0.000000	  1.000000	  0.000000	
  0.000000	  0.000000	  0.000000	  1.000000	
  1.000000	  0.000000	  0.000000	  0.000000	
  0.000000	  0.000000	  1.000000	  0.000000	
  0.000000	  1.000000	  0.000000	  0.000000	
  0.733333	  0.200000	  0.066667	  0.000000	
  0.333333	  0.266667	  0.400000	  0.000000	

URL http://cisbp.ccbr.utoronto.ca/TFreport.php?searchTF=T035522_1.02

MOTIF M2310_1.02 (amel4_ncbi_hmm18025)_(Homo_sapiens)_(DBD_0.74)

letter-probability matrix: alength= 4 w= 15 nsites= 1 E= 0
  0.327684	  0.435028	  0.118644	  0.118644	
  0.614878	  0.134652	  0.007533	  0.242938	
  0.632768	  0.148776	  0.178908	  0.039548	
  0.790960	  0.084746	  0.124294	  0.000000	
  0.001883	  0.998117	  0.000000	  0.000000	
  0.000000	  1.000000	  0.000000	  0.000000	
  0.983051	  0.000000	  0.002825	  0.014124	
  0.029190	  0.969868	  0.000942	  0.000000	
  0.977401	  0.010358	  0.003766	  0.008475	
  0.435028	  0.125235	  0.369115	  0.070621	
  0.506591	  0.230697	  0.145951	  0.116761	
  0.274953	  0.449153	  0.161959	  0.113936	
  0.382298	  0.401130	  0.074388	  0.142185	
  0.314501	  0.418079	  0.112053	  0.155367	
  0.364407	  0.417137	  0.125235	  0.093220	

URL http://cisbp.ccbr.utoronto.ca/TFreport.php?searchTF=T139220_1.02

MOTIF M4673_1.02 (amel4_ncbi_hmm35573)_(Drosophila_melanogaster)_(DBD_0.95)

letter-probability matrix: alength= 4 w= 11 nsites= 1 E= 0
  0.148148	  0.148148	  0.148148	  0.555556	
  0.111111	  0.037037	  0.000000	  0.851852	
  0.518519	  0.074074	  0.407407	  0.000000	
  0.407407	  0.111111	  0.259259	  0.222222	
  0.296296	  0.074074	  0.481481	  0.148148	
  0.000000	  0.518519	  0.000000	  0.481481	
  0.962963	  0.037037	  0.000000	  0.000000	
  1.000000	  0.000000	  0.000000	  0.000000	
  1.000000	  0.000000	  0.000000	  0.000000	
  0.000000	  0.814815	  0.000000	  0.185185	
  0.888889	  0.000000	  0.000000	  0.111111	

URL http://cisbp.ccbr.utoronto.ca/TFreport.php?searchTF=T080917_1.02

MOTIF M4708_1.02 (amel4_ncbi_hmm838)_(Homo_sapiens)_(DBD_0.92)

letter-probability matrix: alength= 4 w= 10 nsites= 1 E= 0
  0.161765	  0.161765	  0.058824	  0.617646	
  1.000000	  0.000000	  0.000000	  0.000000	
  0.014706	  0.000000	  0.029412	  0.955882	
  0.191176	  0.000000	  0.691177	  0.117647	
  0.000000	  0.779412	  0.000000	  0.220588	
  0.779412	  0.000000	  0.000000	  0.220588	
  0.838235	  0.000000	  0.161765	  0.000000	
  0.808824	  0.088235	  0.000000	  0.102941	
  0.117647	  0.044118	  0.029412	  0.808823	
  0.632353	  0.044118	  0.205882	  0.117647	

URL http://cisbp.ccbr.utoronto.ca/TFreport.php?searchTF=T150450_1.02

MOTIF M4745_1.02 (amel4_ncbi_hmm3217)_(Drosophila_melanogaster)_(DBD_0.67)

letter-probability matrix: alength= 4 w= 7 nsites= 1 E= 0
  0.260870	  0.000000	  0.739130	  0.000000	
  0.000000	  1.000000	  0.000000	  0.000000	
  1.000000	  0.000000	  0.000000	  0.000000	
  0.000000	  0.000000	  1.000000	  0.000000	
  0.130435	  0.043478	  0.826087	  0.000000	
  0.000000	  0.000000	  0.000000	  1.000000	
  0.000000	  0.043478	  0.956522	  0.000000	

URL http://cisbp.ccbr.utoronto.ca/TFreport.php?searchTF=T012095_1.02

MOTIF M4954_1.02 (amel4_ncbi_hmm9300)_(Drosophila_melanogaster)_(DBD_0.89)

letter-probability matrix: alength= 4 w= 9 nsites= 1 E= 0
  0.818182	  0.181818	  0.000000	  0.000000	
  0.090909	  0.636364	  0.181818	  0.090909	
  0.181818	  0.818182	  0.000000	  0.000000	
  0.000000	  1.000000	  0.000000	  0.000000	
  0.000000	  0.000000	  1.000000	  0.000000	
  0.000000	  0.000000	  1.000000	  0.000000	
  1.000000	  0.000000	  0.000000	  0.000000	
  0.272727	  0.000000	  0.000000	  0.727273	
  0.000000	  1.000000	  0.000000	  0.000000	

URL http://cisbp.ccbr.utoronto.ca/TFreport.php?searchTF=T077534_1.02

MOTIF M5006_1.02 (amel4_ncbi_hmm4224)_(Drosophila_melanogaster)_(DBD_0.73)

letter-probability matrix: alength= 4 w= 17 nsites= 1 E= 0
  0.000000	  0.700000	  0.000000	  0.300000	
  0.400000	  0.400000	  0.000000	  0.200000	
  0.300000	  0.100000	  0.400000	  0.200000	
  0.000000	  0.600000	  0.400000	  0.000000	
  0.000000	  0.700000	  0.000000	  0.300000	
  0.000000	  0.100000	  0.800000	  0.100000	
  0.700000	  0.000000	  0.300000	  0.000000	
  0.000000	  1.000000	  0.000000	  0.000000	
  0.900000	  0.000000	  0.000000	  0.100000	
  0.000000	  1.000000	  0.000000	  0.000000	
  0.000000	  0.000000	  1.000000	  0.000000	
  0.000000	  0.000000	  0.000000	  1.000000	
  0.000000	  0.000000	  1.000000	  0.000000	
  0.300000	  0.400000	  0.000000	  0.300000	
  0.200000	  0.800000	  0.000000	  0.000000	
  0.300000	  0.400000	  0.300000	  0.000000	
  0.300000	  0.700000	  0.000000	  0.000000	

URL http://cisbp.ccbr.utoronto.ca/TFreport.php?searchTF=T012103_1.02

MOTIF M5052_1.02 (amel4_ncbi_hmm27408)_(Drosophila_melanogaster)_(DBD_0.87)

letter-probability matrix: alength= 4 w= 9 nsites= 1 E= 0
  0.375000	  0.041667	  0.583333	  0.000000	
  0.083333	  0.000000	  0.916667	  0.000000	
  0.541667	  0.083333	  0.041667	  0.333333	
  0.000000	  0.000000	  1.000000	  0.000000	
  0.958333	  0.000000	  0.000000	  0.041667	
  1.000000	  0.000000	  0.000000	  0.000000	
  1.000000	  0.000000	  0.000000	  0.000000	
  0.000000	  0.000000	  1.000000	  0.000000	
  0.000000	  0.166667	  0.125000	  0.708333	

URL http://cisbp.ccbr.utoronto.ca/TFreport.php?searchTF=T035430_1.02

MOTIF M5097_1.02 (amel4_ncbi_hmm15630)_(Drosophila_melanogaster)_(DBD_0.97)

letter-probability matrix: alength= 4 w= 10 nsites= 1 E= 0
  0.000000	  0.000000	  1.000000	  0.000000	
  0.000000	  0.000000	  1.000000	  0.000000	
  0.000000	  0.000000	  1.000000	  0.000000	
  0.000000	  0.687500	  0.000000	  0.312500	
  0.000000	  0.000000	  1.000000	  0.000000	
  0.000000	  0.000000	  0.375000	  0.625000	
  0.312500	  0.000000	  0.312500	  0.375000	
  0.062500	  0.125000	  0.625000	  0.187500	
  0.062500	  0.437500	  0.125000	  0.375000	
  0.000000	  0.642857	  0.000000	  0.357143	

URL http://cisbp.ccbr.utoronto.ca/TFreport.php?searchTF=T035347_1.02

MOTIF M5138_1.02 (amel4_ncbi_hmm1861)_(Drosophila_melanogaster)_(DBD_0.91)

letter-probability matrix: alength= 4 w= 7 nsites= 1 E= 0
  0.123675	  0.349823	  0.091873	  0.434629	
  0.012367	  0.003534	  0.007067	  0.977032	
  0.973498	  0.010601	  0.008834	  0.007067	
  0.973498	  0.019435	  0.007067	  0.000000	
  0.007067	  0.010601	  0.010601	  0.971731	
  0.035336	  0.044170	  0.106007	  0.814488	
  0.653710	  0.003534	  0.316254	  0.026502	

URL http://cisbp.ccbr.utoronto.ca/TFreport.php?searchTF=T089780_1.02

MOTIF M5211_1.02 (amel4_ncbi_hmm11304)_(Drosophila_melanogaster)_(DBD_0.90)

letter-probability matrix: alength= 4 w= 16 nsites= 1 E= 0
  0.368421	  0.157895	  0.421053	  0.052632	
  0.263158	  0.473684	  0.263158	  0.000000	
  0.210526	  0.210526	  0.000000	  0.578947	
  0.368421	  0.157895	  0.157895	  0.315789	
  0.263158	  0.368421	  0.052632	  0.315789	
  0.736842	  0.105263	  0.105263	  0.052632	
  0.157895	  0.368421	  0.052632	  0.421053	
  0.578947	  0.210526	  0.210526	  0.000000	
  0.842105	  0.157895	  0.000000	  0.000000	
  1.000000	  0.000000	  0.000000	  0.000000	
  1.000000	  0.000000	  0.000000	  0.000000	
  1.000000	  0.000000	  0.000000	  0.000000	
  1.000000	  0.000000	  0.000000	  0.000000	
  0.947368	  0.000000	  0.000000	  0.052632	
  1.000000	  0.000000	  0.000000	  0.000000	
  0.473684	  0.421053	  0.052632	  0.052632	

URL http://cisbp.ccbr.utoronto.ca/TFreport.php?searchTF=T035316_1.02

MOTIF M5215_1.02 (amel4_ncbi_hmm20717)_(Drosophila_melanogaster)_(DBD_0.93)

letter-probability matrix: alength= 4 w= 14 nsites= 1 E= 0
  0.210526	  0.052632	  0.473684	  0.263158	
  0.105263	  0.052632	  0.263158	  0.578947	
  0.315789	  0.052632	  0.526316	  0.105263	
  0.000000	  0.421053	  0.263158	  0.315789	
  0.000000	  0.000000	  1.000000	  0.000000	
  0.052632	  0.000000	  0.368421	  0.578947	
  0.000000	  0.000000	  1.000000	  0.000000	
  0.000000	  0.052632	  0.947368	  0.000000	
  0.000000	  0.000000	  1.000000	  0.000000	
  0.105263	  0.736842	  0.000000	  0.157895	
  0.052632	  0.000000	  0.842105	  0.105263	
  0.000000	  0.052632	  0.473684	  0.473684	
  0.052632	  0.210526	  0.473684	  0.263158	
  0.277778	  0.000000	  0.444444	  0.277778	

URL http://cisbp.ccbr.utoronto.ca/TFreport.php?searchTF=T035383_1.02

MOTIF M5222_1.02 (amel4_ncbi_hmm29477)_(Drosophila_melanogaster)_(DBD_0.94)

letter-probability matrix: alength= 4 w= 15 nsites= 1 E= 0
  0.529583	  0.126091	  0.251212	  0.093113	
  0.154489	  0.245511	  0.254280	  0.345720	
  0.008951	  0.270677	  0.020766	  0.699606	
  0.078410	  0.416756	  0.458647	  0.046187	
  0.420695	  0.008951	  0.494808	  0.075546	
  0.287146	  0.074830	  0.240243	  0.397780	
  0.003580	  0.281776	  0.708557	  0.006087	
  0.000000	  0.851772	  0.003938	  0.144289	
  0.103473	  0.000000	  0.889366	  0.007161	
  0.027211	  0.030433	  0.119227	  0.823129	
  0.333333	  0.010025	  0.627282	  0.029359	
  0.783745	  0.024347	  0.065879	  0.126029	
  0.160043	  0.776584	  0.028285	  0.035088	
  0.142227	  0.144800	  0.581771	  0.131202	
  0.125681	  0.190661	  0.398444	  0.285214	

URL http://cisbp.ccbr.utoronto.ca/TFreport.php?searchTF=T135718_1.02

MOTIF M5234_1.02 (amel4_ncbi_hmm27757)_(Drosophila_melanogaster)_(DBD_0.76)

letter-probability matrix: alength= 4 w= 10 nsites= 1 E= 0
  0.238095	  0.142857	  0.619048	  0.000000	
  0.142857	  0.047619	  0.809524	  0.000000	
  0.000000	  0.000000	  0.136364	  0.863636	
  0.000000	  1.000000	  0.000000	  0.000000	
  1.000000	  0.000000	  0.000000	  0.000000	
  0.000000	  1.000000	  0.000000	  0.000000	
  0.000000	  0.000000	  1.000000	  0.000000	
  0.000000	  0.000000	  0.000000	  1.000000	
  0.636364	  0.090909	  0.000000	  0.272727	
  0.000000	  0.590909	  0.181818	  0.227273	

URL http://cisbp.ccbr.utoronto.ca/TFreport.php?searchTF=T012087_1.02

MOTIF M5689_1.02 (amel4_ncbi_hmm6319)_(Homo_sapiens)_(DBD_0.57)

letter-probability matrix: alength= 4 w= 11 nsites= 1 E= 0
  0.389043	  0.133426	  0.212236	  0.265296	
  0.439088	  0.105063	  0.151201	  0.304648	
  0.344971	  0.153992	  0.102834	  0.398203	
  0.241576	  0.238120	  0.213582	  0.306722	
  0.090677	  0.199953	  0.036736	  0.672634	
  0.008534	  0.003926	  0.987541	  0.000000	
  0.136911	  0.839159	  0.000000	  0.023930	
  0.068134	  0.041275	  0.012595	  0.877997	
  0.051302	  0.013023	  0.761115	  0.174559	
  0.868638	  0.048191	  0.022219	  0.060952	
  0.047010	  0.571206	  0.158140	  0.223643	

URL http://cisbp.ccbr.utoronto.ca/TFreport.php?searchTF=T023648_1.02

MOTIF M5704_1.02 (amel4_ncbi_hmm1894)_(Homo_sapiens)_(DBD_0.76)

letter-probability matrix: alength= 4 w= 10 nsites= 1 E= 0
  0.188540	  0.022977	  0.037254	  0.751229	
  0.980380	  0.003949	  0.011846	  0.003825	
  0.993870	  0.003002	  0.001501	  0.001626	
  0.001115	  0.012512	  0.002106	  0.984267	
  0.001496	  0.656815	  0.007732	  0.333957	
  0.335500	  0.006000	  0.657625	  0.000875	
  0.986344	  0.002731	  0.007076	  0.003849	
  0.000000	  0.001756	  0.001756	  0.996488	
  0.007124	  0.011914	  0.005158	  0.975804	
  0.841988	  0.024693	  0.020877	  0.112442	

URL http://cisbp.ccbr.utoronto.ca/TFreport.php?searchTF=T104320_1.02

MOTIF M5740_1.02 (amel4_ncbi_hmm1906)_(Homo_sapiens)_(DBD_0.96)

letter-probability matrix: alength= 4 w= 14 nsites= 1 E= 0
  0.440678	  0.188628	  0.197740	  0.172954	
  0.037620	  0.058028	  0.030735	  0.873617	
  0.171571	  0.062510	  0.641230	  0.124688	
  0.493402	  0.476477	  0.008319	  0.021801	
  0.933249	  0.014869	  0.007909	  0.043973	
  0.025055	  0.004130	  0.004130	  0.966685	
  0.642661	  0.023320	  0.033150	  0.300869	
  0.762889	  0.032452	  0.037686	  0.166972	
  0.119200	  0.027173	  0.033068	  0.820559	
  0.098935	  0.018265	  0.066464	  0.816337	
  0.532516	  0.125919	  0.131197	  0.210368	
  0.968046	  0.010956	  0.016433	  0.004565	
  0.069750	  0.090725	  0.055598	  0.783927	
  0.156473	  0.096793	  0.512767	  0.233967	

URL http://cisbp.ccbr.utoronto.ca/TFreport.php?searchTF=T104705_1.02

MOTIF M6180_1.02 (amel4_ncbi_hmm7733)_(Homo_sapiens)_(DBD_0.77)

letter-probability matrix: alength= 4 w= 9 nsites= 1 E= 0
  0.241435	  0.200608	  0.465143	  0.092814	
  0.000000	  0.002764	  0.002150	  0.995086	
  0.002457	  0.000000	  0.982188	  0.015355	
  0.992015	  0.002457	  0.005528	  0.000000	
  0.000000	  0.881082	  0.067017	  0.051901	
  0.018119	  0.007063	  0.962226	  0.012591	
  0.048216	  0.258018	  0.021190	  0.672575	
  0.277913	  0.522707	  0.138573	  0.060807	
  0.578687	  0.125828	  0.153467	  0.142018	

URL http://cisbp.ccbr.utoronto.ca/TFreport.php?searchTF=T023655_1.02

MOTIF M6267_1.02 (amel4_ncbi_hmm21104)_(Homo_sapiens)_(DBD_0.77)

letter-probability matrix: alength= 4 w= 10 nsites= 1 E= 0
  0.053936	  0.196793	  0.736152	  0.013120	
  0.026239	  0.381924	  0.093294	  0.498542	
  0.093294	  0.000000	  0.854227	  0.052478	
  0.000000	  0.000000	  0.801749	  0.198251	
  0.026239	  0.026239	  0.947522	  0.000000	
  0.052478	  0.000000	  0.763848	  0.183673	
  0.000000	  0.000000	  1.000000	  0.000000	
  0.040816	  0.026239	  0.854227	  0.078717	
  0.026239	  0.224490	  0.000000	  0.749271	
  0.422741	  0.419825	  0.104956	  0.052478	

URL http://cisbp.ccbr.utoronto.ca/TFreport.php?searchTF=T035385_1.02

MOTIF M6315_1.02 (amel4_ncbi_hmm80967)_(Homo_sapiens)_(DBD_1.00)

letter-probability matrix: alength= 4 w= 7 nsites= 1 E= 0
  0.028509	  0.432018	  0.510965	  0.028509	
  0.000000	  0.359649	  0.175439	  0.464912	
  0.087719	  0.000000	  0.000000	  0.912281	
  1.000000	  0.000000	  0.000000	  0.000000	
  1.000000	  0.000000	  0.000000	  0.000000	
  0.000000	  0.000000	  0.000000	  1.000000	
  0.412281	  0.000000	  0.587719	  0.000000	

URL http://cisbp.ccbr.utoronto.ca/TFreport.php?searchTF=T089837_1.02

MOTIF M6328_1.02 (amel4_ncbi_hmm22038)_(Homo_sapiens)_(DBD_0.93)

letter-probability matrix: alength= 4 w= 13 nsites= 1 E= 0
  0.184426	  0.463115	  0.036885	  0.315574	
  0.459016	  0.114754	  0.295082	  0.131148	
  0.147541	  0.426230	  0.278689	  0.147541	
  0.311475	  0.000000	  0.278689	  0.409836	
  0.147541	  0.000000	  0.000000	  0.852459	
  0.147541	  0.000000	  0.278689	  0.573770	
  0.000000	  0.442623	  0.000000	  0.557377	
  1.000000	  0.000000	  0.000000	  0.000000	
  1.000000	  0.000000	  0.000000	  0.000000	
  0.000000	  0.000000	  0.000000	  1.000000	
  0.295082	  0.000000	  0.114754	  0.590164	
  0.704918	  0.000000	  0.295082	  0.000000	
  0.073770	  0.204918	  0.647541	  0.073770	

URL http://cisbp.ccbr.utoronto.ca/TFreport.php?searchTF=T089793_1.02

MOTIF M6401_1.02 (amel4_ncbi_hmm14963)_(Homo_sapiens)_(DBD_0.96)

letter-probability matrix: alength= 4 w= 15 nsites= 1 E= 0
  0.330472	  0.343348	  0.158798	  0.167382	
  0.128755	  0.240343	  0.158798	  0.472103	
  0.077253	  0.347639	  0.085837	  0.489270	
  0.000000	  0.000000	  0.000000	  1.000000	
  0.961373	  0.000000	  0.000000	  0.038627	
  1.000000	  0.000000	  0.000000	  0.000000	
  0.000000	  0.000000	  0.042918	  0.957082	
  0.000000	  0.879828	  0.000000	  0.120172	
  0.042918	  0.721030	  0.158798	  0.077253	
  0.081545	  0.399142	  0.240343	  0.278970	
  0.287554	  0.120172	  0.158798	  0.433476	
  0.000000	  0.158798	  0.283262	  0.557940	
  0.364807	  0.317597	  0.081545	  0.236052	
  0.369099	  0.120172	  0.201717	  0.309013	
  0.312232	  0.440987	  0.101931	  0.144850	

URL http://cisbp.ccbr.utoronto.ca/TFreport.php?searchTF=T089770_1.02

MOTIF M6465_1.02 (amel4_ncbi_hmm347)_(Homo_sapiens)_(DBD_0.72)

letter-probability matrix: alength= 4 w= 10 nsites= 1 E= 0
  0.180438	  0.246206	  0.433390	  0.139966	
  0.215852	  0.121417	  0.096121	  0.566610	
  0.013491	  0.091062	  0.868465	  0.026981	
  0.000000	  0.000000	  0.097808	  0.902192	
  0.000000	  0.986509	  0.000000	  0.013491	
  0.047218	  0.025295	  0.013491	  0.913997	
  0.104553	  0.000000	  0.829680	  0.065767	
  0.102867	  0.210793	  0.438449	  0.247892	
  0.222597	  0.549747	  0.141653	  0.086003	
  0.097808	  0.394604	  0.163575	  0.344013	

URL http://cisbp.ccbr.utoronto.ca/TFreport.php?searchTF=T141677_1.02

MOTIF M6527_1.02 (amel4_ncbi_hmm5152)_(Homo_sapiens)_(DBD_0.96)

letter-probability matrix: alength= 4 w= 10 nsites= 1 E= 0
  0.439024	  0.439024	  0.000000	  0.121951	
  0.243902	  0.536585	  0.219512	  0.000000	
  0.000000	  0.780488	  0.219512	  0.000000	
  0.000000	  1.000000	  0.000000	  0.000000	
  1.000000	  0.000000	  0.000000	  0.000000	
  0.000000	  0.000000	  0.756098	  0.243902	
  0.000000	  0.000000	  1.000000	  0.000000	
  0.000000	  0.000000	  0.000000	  1.000000	
  0.000000	  0.000000	  1.000000	  0.000000	
  0.000000	  0.000000	  0.585366	  0.414634	

URL http://cisbp.ccbr.utoronto.ca/TFreport.php?searchTF=T012111_1.02

MOTIF M6537_1.02 (amel4_ncbi_hmm3751)_(Homo_sapiens)_(DBD_0.86)

letter-probability matrix: alength= 4 w= 11 nsites= 1 E= 0
  0.134842	  0.189140	  0.358371	  0.317647	
  0.061538	  0.331222	  0.529412	  0.077828	
  0.090498	  0.124887	  0.420814	  0.363801	
  0.108597	  0.200905	  0.674208	  0.016290	
  0.739367	  0.162896	  0.032579	  0.065158	
  0.000000	  0.118552	  0.000000	  0.881448	
  0.000000	  0.048869	  0.117647	  0.833484	
  0.000000	  0.336652	  0.539367	  0.123982	
  0.014480	  0.340271	  0.539367	  0.105882	
  0.115837	  0.714027	  0.016290	  0.153846	
  0.081448	  0.491403	  0.047059	  0.380090	

URL http://cisbp.ccbr.utoronto.ca/TFreport.php?searchTF=T072058_1.02

