MEME version 4

ALPHABET= ACGT

strands: + -

Background letter frequencies (from uniform background):
A 0.25000 C 0.25000 G 0.25000 T 0.25000 

MOTIF M0142_1.02 (TVAG_474020)_(Saccharomyces_cerevisiae)_(DBD_0.58)

letter-probability matrix: alength= 4 w= 7 nsites= 1 E= 0
  0.282959	  0.248465	  0.245993	  0.222583	
  0.316659	  0.184532	  0.236944	  0.261864	
  0.377778	  0.112652	  0.209413	  0.300157	
  0.616393	  0.068985	  0.111484	  0.203138	
  0.675764	  0.042770	  0.063171	  0.218294	
  0.326032	  0.133887	  0.082023	  0.458058	
  0.321153	  0.137266	  0.112384	  0.429198	

URL http://cisbp.ccbr.utoronto.ca/TFreport.php?searchTF=T008772_1.02

MOTIF M0676_1.02 TVAG_062990

letter-probability matrix: alength= 4 w= 10 nsites= 1 E= 0
  0.347822	  0.172723	  0.221781	  0.257673	
  0.245367	  0.265803	  0.287941	  0.200889	
  0.221450	  0.528580	  0.239894	  0.010076	
  0.006236	  0.602009	  0.391613	  0.000142	
  0.000060	  0.999657	  0.000003	  0.000280	
  0.000421	  0.000049	  0.996602	  0.002928	
  0.000009	  0.831039	  0.162825	  0.006127	
  0.039380	  0.546344	  0.318381	  0.095895	
  0.415048	  0.208178	  0.230073	  0.146701	
  0.306595	  0.207583	  0.182277	  0.303545	

URL http://cisbp.ccbr.utoronto.ca/TFreport.php?searchTF=T077019_1.02

MOTIF M1148_1.02 TVAG_451170

letter-probability matrix: alength= 4 w= 10 nsites= 1 E= 0
  0.333471	  0.222176	  0.222176	  0.222176	
  0.150295	  0.336005	  0.150295	  0.363406	
  0.000178	  0.817387	  0.000178	  0.182256	
  0.585461	  0.000178	  0.414182	  0.000178	
  0.000178	  0.817387	  0.000178	  0.182256	
  0.999465	  0.000178	  0.000178	  0.000178	
  0.000178	  0.000178	  0.000178	  0.999465	
  0.091217	  0.817387	  0.000178	  0.091217	
  0.915993	  0.028002	  0.028002	  0.028002	
  0.315878	  0.194120	  0.099884	  0.390118	

URL http://cisbp.ccbr.utoronto.ca/TFreport.php?searchTF=T100266_1.02

MOTIF M1149_1.02 TVAG_493070

letter-probability matrix: alength= 4 w= 11 nsites= 1 E= 0
  0.293036	  0.206016	  0.294933	  0.206016	
  0.475721	  0.199838	  0.109568	  0.214872	
  0.058830	  0.647572	  0.145851	  0.147747	
  0.822709	  0.000195	  0.176901	  0.000195	
  0.000195	  0.912394	  0.000195	  0.087216	
  0.999415	  0.000195	  0.000195	  0.000195	
  0.000195	  0.000195	  0.000195	  0.999415	
  0.087216	  0.912394	  0.000195	  0.000195	
  0.867461	  0.044180	  0.044180	  0.044180	
  0.372945	  0.140627	  0.140627	  0.345801	
  0.318870	  0.191365	  0.191365	  0.298400	

URL http://cisbp.ccbr.utoronto.ca/TFreport.php?searchTF=T100267_1.02

MOTIF M1257_1.02 TVAG_183770

letter-probability matrix: alength= 4 w= 10 nsites= 1 E= 0
  0.130021	  0.491615	  0.190128	  0.188236	
  0.145392	  0.544262	  0.157501	  0.152846	
  0.128930	  0.059102	  0.764537	  0.047431	
  0.390679	  0.108623	  0.477177	  0.023521	
  0.145048	  0.690256	  0.066491	  0.098206	
  0.018339	  0.772015	  0.047418	  0.162228	
  0.680955	  0.081736	  0.166251	  0.071058	
  0.267828	  0.330413	  0.154523	  0.247236	
  0.219215	  0.307985	  0.202360	  0.270440	
  0.201127	  0.291179	  0.222280	  0.285413	

URL http://cisbp.ccbr.utoronto.ca/TFreport.php?searchTF=T107384_1.02

MOTIF M1258_1.02 TVAG_293580

letter-probability matrix: alength= 4 w= 10 nsites= 1 E= 0
  0.251184	  0.222780	  0.234202	  0.291834	
  0.134060	  0.254243	  0.467916	  0.143781	
  0.204108	  0.360918	  0.286761	  0.148213	
  0.185871	  0.069065	  0.716984	  0.028080	
  0.404814	  0.024372	  0.546442	  0.024372	
  0.201555	  0.531692	  0.124719	  0.142034	
  0.043346	  0.727214	  0.051895	  0.177544	
  0.613264	  0.009572	  0.371964	  0.005201	
  0.317576	  0.223792	  0.267928	  0.190703	
  0.284070	  0.237276	  0.259621	  0.219033	

URL http://cisbp.ccbr.utoronto.ca/TFreport.php?searchTF=T107399_1.02

MOTIF M1259_1.02 TVAG_406980

letter-probability matrix: alength= 4 w= 10 nsites= 1 E= 0
  0.134575	  0.443758	  0.148129	  0.273538	
  0.059399	  0.005897	  0.925971	  0.008733	
  0.542181	  0.014939	  0.430545	  0.012336	
  0.028612	  0.927039	  0.003666	  0.040683	
  0.016838	  0.864021	  0.027513	  0.091628	
  0.827107	  0.005136	  0.164017	  0.003740	
  0.553855	  0.125338	  0.193133	  0.127673	
  0.579589	  0.075710	  0.182759	  0.161943	
  0.057460	  0.414422	  0.106776	  0.421342	
  0.521108	  0.024217	  0.241589	  0.213086	

URL http://cisbp.ccbr.utoronto.ca/TFreport.php?searchTF=T107426_1.02

MOTIF M1378_1.02 TVAG_087680

letter-probability matrix: alength= 4 w= 10 nsites= 1 E= 0
  0.156820	  0.168191	  0.122132	  0.552857	
  0.796305	  0.053516	  0.054597	  0.095582	
  0.570549	  0.094311	  0.256364	  0.078775	
  0.034702	  0.826179	  0.011785	  0.127334	
  0.028258	  0.964287	  0.001635	  0.005821	
  0.016074	  0.055546	  0.050765	  0.877615	
  0.049307	  0.139500	  0.016413	  0.794780	
  0.726849	  0.049835	  0.075092	  0.148223	
  0.376371	  0.160867	  0.157681	  0.305081	
  0.372739	  0.159314	  0.120407	  0.347540	

URL http://cisbp.ccbr.utoronto.ca/TFreport.php?searchTF=T121216_1.02

MOTIF M1379_1.02 TVAG_110090

letter-probability matrix: alength= 4 w= 9 nsites= 1 E= 0
  0.237559	  0.284410	  0.196452	  0.281580	
  0.313597	  0.199958	  0.194049	  0.292396	
  0.501928	  0.182812	  0.096395	  0.218865	
  0.843780	  0.022826	  0.038012	  0.095382	
  0.054584	  0.566647	  0.172386	  0.206384	
  0.160970	  0.523858	  0.095700	  0.219471	
  0.262268	  0.361177	  0.157491	  0.219065	
  0.243955	  0.212084	  0.165171	  0.378790	
  0.254324	  0.230121	  0.175670	  0.339885	

URL http://cisbp.ccbr.utoronto.ca/TFreport.php?searchTF=T121234_1.02

MOTIF M1380_1.02 TVAG_119520

letter-probability matrix: alength= 4 w= 10 nsites= 1 E= 0
  0.292282	  0.223122	  0.259231	  0.225365	
  0.306448	  0.191530	  0.258539	  0.243483	
  0.373279	  0.245262	  0.235645	  0.145813	
  0.142710	  0.602337	  0.119202	  0.135750	
  0.344828	  0.093042	  0.434000	  0.128130	
  0.631980	  0.018894	  0.218953	  0.130172	
  0.077497	  0.380025	  0.039656	  0.502822	
  0.462585	  0.170175	  0.203737	  0.163503	
  0.287231	  0.232825	  0.281544	  0.198400	
  0.270667	  0.230647	  0.296156	  0.202530	

URL http://cisbp.ccbr.utoronto.ca/TFreport.php?searchTF=T121244_1.02

MOTIF M1381_1.02 TVAG_237720

letter-probability matrix: alength= 4 w= 10 nsites= 1 E= 0
  0.206509	  0.237542	  0.244777	  0.311172	
  0.283201	  0.177001	  0.214039	  0.325759	
  0.387642	  0.152946	  0.304930	  0.154483	
  0.444401	  0.471881	  0.015906	  0.067811	
  0.014569	  0.952317	  0.000690	  0.032424	
  0.041395	  0.000238	  0.946859	  0.011509	
  0.166684	  0.521182	  0.077952	  0.234182	
  0.418437	  0.051240	  0.034347	  0.495975	
  0.286749	  0.208223	  0.415137	  0.089892	
  0.227145	  0.236415	  0.328846	  0.207595	

URL http://cisbp.ccbr.utoronto.ca/TFreport.php?searchTF=T121358_1.02

MOTIF M1382_1.02 TVAG_398500

letter-probability matrix: alength= 4 w= 10 nsites= 1 E= 0
  0.112162	  0.292933	  0.121504	  0.473401	
  0.224495	  0.143144	  0.484857	  0.147504	
  0.640020	  0.118096	  0.067458	  0.174426	
  0.076415	  0.087898	  0.010036	  0.825652	
  0.027268	  0.850393	  0.084411	  0.037928	
  0.032883	  0.000122	  0.965806	  0.001189	
  0.098556	  0.131713	  0.219341	  0.550390	
  0.220369	  0.356132	  0.164894	  0.258605	
  0.211668	  0.315771	  0.236280	  0.236280	
  0.202440	  0.296025	  0.217118	  0.284417	

URL http://cisbp.ccbr.utoronto.ca/TFreport.php?searchTF=T121506_1.02

MOTIF M1676_1.02 TVAG_124790

letter-probability matrix: alength= 4 w= 10 nsites= 1 E= 0
  0.275654	  0.210429	  0.221218	  0.292700	
  0.211838	  0.338939	  0.187883	  0.261340	
  0.198867	  0.366001	  0.174624	  0.260508	
  0.242324	  0.159219	  0.372515	  0.225942	
  0.366415	  0.159775	  0.282525	  0.191285	
  0.267178	  0.375371	  0.140881	  0.216570	
  0.159544	  0.420867	  0.145812	  0.273778	
  0.558629	  0.023231	  0.184101	  0.234039	
  0.282440	  0.305964	  0.153464	  0.258131	
  0.310839	  0.186657	  0.221246	  0.281258	

URL http://cisbp.ccbr.utoronto.ca/TFreport.php?searchTF=T153805_1.02

