MEME version 4

ALPHABET= ACGT

strands: + -

Background letter frequencies (from uniform background):
A 0.25000 C 0.25000 G 0.25000 T 0.25000 

MOTIF M0015_1.02 (DREB6)_(Arabidopsis_thaliana)_(DBD_0.77)

letter-probability matrix: alength= 4 w= 9 nsites= 1 E= 0
  0.205690	  0.280443	  0.274890	  0.238978	
  0.219631	  0.420713	  0.181626	  0.178030	
  0.608067	  0.000074	  0.391617	  0.000242	
  0.020599	  0.948846	  0.026716	  0.003839	
  0.032289	  0.911179	  0.019390	  0.037142	
  0.064847	  0.000159	  0.855790	  0.079204	
  0.352874	  0.312971	  0.122255	  0.211899	
  0.215543	  0.381137	  0.150379	  0.252942	
  0.319425	  0.236636	  0.163453	  0.280486	

URL http://cisbp.ccbr.utoronto.ca/TFreport.php?searchTF=T002168_1.02

MOTIF M0021_1.02 (EREB1)_(Arabidopsis_thaliana)_(DBD_0.79)

letter-probability matrix: alength= 4 w= 8 nsites= 1 E= 0
  0.253340	  0.238587	  0.213734	  0.294339	
  0.238515	  0.217986	  0.263600	  0.279900	
  0.216235	  0.071978	  0.581939	  0.129848	
  0.114251	  0.501900	  0.244301	  0.139547	
  0.009576	  0.664640	  0.002269	  0.323515	
  0.203540	  0.004463	  0.777326	  0.014671	
  0.148179	  0.326497	  0.281018	  0.244306	
  0.239004	  0.346014	  0.225085	  0.189897	

URL http://cisbp.ccbr.utoronto.ca/TFreport.php?searchTF=T002169_1.02

MOTIF M0028_1.02 (A5JTT1_WHEAT)_(Arabidopsis_thaliana)_(DBD_0.91)

letter-probability matrix: alength= 4 w= 9 nsites= 1 E= 0
  0.216684	  0.323255	  0.262026	  0.198035	
  0.297134	  0.470682	  0.113770	  0.118414	
  0.053650	  0.000097	  0.946225	  0.000029	
  0.057636	  0.832265	  0.047663	  0.062437	
  0.127082	  0.784331	  0.032617	  0.055971	
  0.205930	  0.092530	  0.618648	  0.082892	
  0.241989	  0.346850	  0.132807	  0.278354	
  0.128129	  0.680641	  0.066889	  0.124342	
  0.307220	  0.319757	  0.140831	  0.232192	

URL http://cisbp.ccbr.utoronto.ca/TFreport.php?searchTF=T002159_1.02

MOTIF M0255_1.02 (HBP1A_WHEAT)_(Arabidopsis_thaliana)_(DBD_0.70)

letter-probability matrix: alength= 4 w= 9 nsites= 1 E= 0
  0.251670	  0.336339	  0.122501	  0.289490	
  0.184008	  0.331949	  0.263745	  0.220298	
  0.621075	  0.130510	  0.137202	  0.111213	
  0.069957	  0.650592	  0.148099	  0.131352	
  0.115812	  0.162710	  0.633949	  0.087529	
  0.027593	  0.058415	  0.000223	  0.913769	
  0.032372	  0.000107	  0.950789	  0.016731	
  0.002449	  0.073371	  0.542141	  0.382040	
  0.288878	  0.476279	  0.133754	  0.101089	

URL http://cisbp.ccbr.utoronto.ca/TFreport.php?searchTF=T028329_1.02

MOTIF M0265_1.02 (HBP1B_WHEAT)_(Arabidopsis_thaliana)_(DBD_0.94)

letter-probability matrix: alength= 4 w= 10 nsites= 1 E= 0
  0.209848	  0.209848	  0.329526	  0.250778	
  0.428108	  0.210770	  0.209174	  0.151947	
  0.000030	  0.000030	  0.000030	  0.999911	
  0.000030	  0.000030	  0.999911	  0.000030	
  0.999911	  0.000030	  0.000030	  0.000030	
  0.000030	  0.999911	  0.000030	  0.000030	
  0.000030	  0.000030	  0.999911	  0.000030	
  0.000030	  0.000030	  0.000030	  0.999911	
  0.277211	  0.598952	  0.083656	  0.040182	
  0.665467	  0.098082	  0.138368	  0.098082	

URL http://cisbp.ccbr.utoronto.ca/TFreport.php?searchTF=T028330_1.02

MOTIF M1401_1.02 (NAC69-1)_(Arabidopsis_thaliana)_(DBD_0.77)

letter-probability matrix: alength= 4 w= 9 nsites= 1 E= 0
  0.261770	  0.264401	  0.195873	  0.277957	
  0.374464	  0.123408	  0.448315	  0.053812	
  0.002111	  0.002380	  0.913465	  0.082043	
  0.027646	  0.000100	  0.000138	  0.972116	
  0.020820	  0.978378	  0.000261	  0.000541	
  0.682119	  0.144778	  0.047238	  0.125864	
  0.599594	  0.101114	  0.122273	  0.177018	
  0.247488	  0.268100	  0.273516	  0.210895	
  0.250588	  0.253106	  0.291142	  0.205164	

URL http://cisbp.ccbr.utoronto.ca/TFreport.php?searchTF=T128901_1.02

MOTIF M1909_1.02 (TaMADS

letter-probability matrix: alength= 4 w= 14 nsites= 1 E= 0
  0.333333	  0.266667	  0.166667	  0.233333	
  0.133333	  0.100000	  0.066667	  0.700000	
  0.000000	  0.000000	  0.166667	  0.833333	
  0.333333	  0.033333	  0.166667	  0.466667	
  0.000000	  0.933333	  0.033333	  0.033333	
  0.000000	  0.500000	  0.033333	  0.466667	
  0.700000	  0.033333	  0.000000	  0.266667	
  0.166667	  0.000000	  0.033333	  0.800000	
  0.433333	  0.000000	  0.000000	  0.566667	
  0.233333	  0.000000	  0.000000	  0.766667	
  0.366667	  0.033333	  0.066667	  0.533333	
  0.066667	  0.133333	  0.000000	  0.800000	
  0.266667	  0.000000	  0.733333	  0.000000	
  0.133333	  0.033333	  0.466667	  0.366667	

URL http://cisbp.ccbr.utoronto.ca/TFreport.php?searchTF=T112019_1.02

MOTIF M1948_1.02 EmBP-1

letter-probability matrix: alength= 4 w= 8 nsites= 1 E= 0
  0.692308	  0.000000	  0.000000	  0.307692	
  0.076923	  0.538462	  0.307692	  0.076923	
  1.000000	  0.000000	  0.000000	  0.000000	
  0.000000	  0.923077	  0.000000	  0.076923	
  0.000000	  0.000000	  1.000000	  0.000000	
  0.000000	  0.000000	  0.000000	  1.000000	
  0.000000	  0.076923	  0.923077	  0.000000	
  0.000000	  0.076923	  0.923077	  0.000000	

URL http://cisbp.ccbr.utoronto.ca/TFreport.php?searchTF=T028327_1.02

MOTIF M2348_1.02 (TaVRT-2)_(Arabidopsis_thaliana)_(DBD_0.80)

letter-probability matrix: alength= 4 w= 20 nsites= 1 E= 0
  0.304348	  0.260870	  0.228261	  0.206522	
  0.304348	  0.119565	  0.086957	  0.489130	
  0.304348	  0.010870	  0.108696	  0.576087	
  0.358696	  0.173913	  0.119565	  0.347826	
  0.076087	  0.923913	  0.000000	  0.000000	
  0.032609	  0.858696	  0.010870	  0.097826	
  0.630435	  0.173913	  0.076087	  0.119565	
  0.728261	  0.054348	  0.086957	  0.130435	
  0.934783	  0.000000	  0.000000	  0.065217	
  0.836957	  0.010870	  0.021739	  0.130435	
  0.847826	  0.086957	  0.032609	  0.032609	
  0.369565	  0.108696	  0.152174	  0.369565	
  0.173913	  0.000000	  0.804348	  0.021739	
  0.000000	  0.000000	  1.000000	  0.000000	
  0.771739	  0.108696	  0.000000	  0.119565	
  0.913043	  0.021739	  0.021739	  0.043478	
  0.836957	  0.076087	  0.021739	  0.065217	
  0.369565	  0.086957	  0.423913	  0.119565	
  0.543478	  0.173913	  0.054348	  0.228261	
  0.413043	  0.228261	  0.032609	  0.326087	

URL http://cisbp.ccbr.utoronto.ca/TFreport.php?searchTF=T112027_1.02

