MEME version 4

ALPHABET= ACGT

strands: + -

Background letter frequencies (from uniform background):
A 0.25000 C 0.25000 G 0.25000 T 0.25000 

MOTIF M0086_1.02 (UREG_00857)_(Histoplasma_capsulatum)_(DBD_0.92)

letter-probability matrix: alength= 4 w= 10 nsites= 1 E= 0
  0.287386	  0.184982	  0.164060	  0.363572	
  0.268823	  0.245690	  0.172342	  0.313145	
  0.339997	  0.263260	  0.151658	  0.245086	
  0.153137	  0.201022	  0.101791	  0.544050	
  0.240409	  0.109919	  0.541436	  0.108237	
  0.108237	  0.541436	  0.109919	  0.240409	
  0.544050	  0.101791	  0.201022	  0.153137	
  0.245086	  0.151658	  0.263260	  0.339997	
  0.313145	  0.172342	  0.245690	  0.268823	
  0.363572	  0.164060	  0.184982	  0.287386	

URL http://cisbp.ccbr.utoronto.ca/TFreport.php?searchTF=T005258_1.02

MOTIF M0112_1.02 (UREG_03885)_(Neurospora_crassa)_(DBD_0.81)

letter-probability matrix: alength= 4 w= 8 nsites= 1 E= 0
  0.231893	  0.272129	  0.231893	  0.264086	
  0.199782	  0.275126	  0.241587	  0.283505	
  0.239406	  0.256765	  0.190216	  0.313613	
  0.169991	  0.163325	  0.418109	  0.248575	
  0.699238	  0.072966	  0.111051	  0.116745	
  0.096923	  0.120773	  0.014210	  0.768095	
  0.556969	  0.037808	  0.314980	  0.090243	
  0.186997	  0.278967	  0.206664	  0.327371	

URL http://cisbp.ccbr.utoronto.ca/TFreport.php?searchTF=T007114_1.02

MOTIF M0233_1.02 (UREG_03477)_(Neurospora_crassa)_(DBD_0.70)

letter-probability matrix: alength= 4 w= 10 nsites= 1 E= 0
  0.372697	  0.131267	  0.368992	  0.127044	
  0.132630	  0.120618	  0.150348	  0.596405	
  0.053806	  0.833998	  0.040004	  0.072192	
  0.860550	  0.014337	  0.062962	  0.062150	
  0.049765	  0.733895	  0.036448	  0.179892	
  0.179892	  0.036448	  0.733895	  0.049765	
  0.062150	  0.062962	  0.014337	  0.860550	
  0.072192	  0.040004	  0.833998	  0.053806	
  0.596405	  0.150348	  0.120618	  0.132630	
  0.127044	  0.368992	  0.131267	  0.372697	

URL http://cisbp.ccbr.utoronto.ca/TFreport.php?searchTF=T011925_1.02

MOTIF M0235_1.02 (UREG_05851)_(Neurospora_crassa)_(DBD_0.87)

letter-probability matrix: alength= 4 w= 8 nsites= 1 E= 0
  0.274385	  0.205312	  0.348812	  0.171491	
  0.190278	  0.136796	  0.336463	  0.336463	
  0.075030	  0.878218	  0.030505	  0.016247	
  0.751431	  0.000270	  0.135908	  0.112390	
  0.002837	  0.782682	  0.078471	  0.136010	
  0.236992	  0.000239	  0.711963	  0.050807	
  0.167264	  0.223536	  0.126415	  0.482785	
  0.153853	  0.085285	  0.605464	  0.155399	

URL http://cisbp.ccbr.utoronto.ca/TFreport.php?searchTF=T011927_1.02

MOTIF M0277_1.02 (UREG_01309)_(Aspergillus_nidulans)_(DBD_0.85)

letter-probability matrix: alength= 4 w= 10 nsites= 1 E= 0
  0.154221	  0.132739	  0.506936	  0.206105	
  0.384330	  0.442085	  0.102668	  0.070916	
  0.058696	  0.013228	  0.037054	  0.891022	
  0.007506	  0.030745	  0.385962	  0.575787	
  0.911092	  0.000094	  0.061846	  0.026968	
  0.063690	  0.586417	  0.169700	  0.180193	
  0.278427	  0.160639	  0.196204	  0.364730	
  0.518034	  0.154476	  0.059742	  0.267747	
  0.729176	  0.086653	  0.088404	  0.095767	
  0.258065	  0.140220	  0.224351	  0.377364	

URL http://cisbp.ccbr.utoronto.ca/TFreport.php?searchTF=T023476_1.02

MOTIF M0278_1.02 (UREG_02910)_(Aspergillus_nidulans)_(DBD_0.84)

letter-probability matrix: alength= 4 w= 9 nsites= 1 E= 0
  0.248440	  0.175072	  0.312686	  0.263802	
  0.348841	  0.201264	  0.236185	  0.213709	
  0.250961	  0.137730	  0.144792	  0.466518	
  0.192616	  0.159285	  0.330530	  0.317569	
  0.547798	  0.306711	  0.100074	  0.045418	
  0.083480	  0.792037	  0.004829	  0.119654	
  0.161924	  0.013834	  0.778312	  0.045930	
  0.238359	  0.306059	  0.081759	  0.373822	
  0.313093	  0.147894	  0.356559	  0.182454	

URL http://cisbp.ccbr.utoronto.ca/TFreport.php?searchTF=T023481_1.02

MOTIF M0279_1.02 (UREG_02688)_(Aspergillus_nidulans)_(DBD_0.61)

letter-probability matrix: alength= 4 w= 10 nsites= 1 E= 0
  0.246840	  0.196081	  0.257201	  0.299878	
  0.404547	  0.230507	  0.142781	  0.222165	
  0.184351	  0.378595	  0.128283	  0.308771	
  0.636412	  0.020156	  0.194119	  0.149314	
  0.177436	  0.522892	  0.092598	  0.207075	
  0.207075	  0.092598	  0.522892	  0.177436	
  0.149314	  0.194119	  0.020156	  0.636412	
  0.308771	  0.128283	  0.378595	  0.184351	
  0.222165	  0.142781	  0.230507	  0.404547	
  0.299878	  0.257201	  0.196081	  0.246840	

URL http://cisbp.ccbr.utoronto.ca/TFreport.php?searchTF=T023479_1.02

MOTIF M0280_1.02 (UREG_02800)_(Aspergillus_nidulans)_(DBD_0.88)

letter-probability matrix: alength= 4 w= 10 nsites= 1 E= 0
  0.145649	  0.150084	  0.513473	  0.190794	
  0.418917	  0.431675	  0.089808	  0.059601	
  0.005884	  0.000005	  0.066837	  0.927274	
  0.023022	  0.048253	  0.291916	  0.636808	
  0.986170	  0.000006	  0.013788	  0.000036	
  0.019732	  0.609267	  0.192916	  0.178084	
  0.220193	  0.096015	  0.341896	  0.341896	
  0.331651	  0.171414	  0.040209	  0.456726	
  0.667716	  0.100873	  0.129524	  0.101887	
  0.435821	  0.122392	  0.214269	  0.227518	

URL http://cisbp.ccbr.utoronto.ca/TFreport.php?searchTF=T023480_1.02

MOTIF M0330_1.02 (UREG_07503)_(Neurospora_crassa)_(DBD_0.77)

letter-probability matrix: alength= 4 w= 8 nsites= 1 E= 0
  0.690951	  0.077454	  0.154141	  0.077454	
  0.000525	  0.000525	  0.000525	  0.998424	
  0.053046	  0.000525	  0.053046	  0.893382	
  0.998424	  0.000525	  0.000525	  0.000525	
  0.000525	  0.945903	  0.053046	  0.000525	
  0.053046	  0.000525	  0.893382	  0.053046	
  0.000525	  0.053046	  0.000525	  0.945903	
  0.784188	  0.071937	  0.071937	  0.071937	

URL http://cisbp.ccbr.utoronto.ca/TFreport.php?searchTF=T023496_1.02

MOTIF M0331_1.02 (UREG_05510)_(Neurospora_crassa)_(DBD_0.58)

letter-probability matrix: alength= 4 w= 10 nsites= 1 E= 0
  0.138972	  0.117246	  0.552400	  0.191382	
  0.407664	  0.450538	  0.049921	  0.091876	
  0.018202	  0.000228	  0.064170	  0.917399	
  0.109798	  0.113142	  0.249297	  0.527762	
  0.898816	  0.005480	  0.085719	  0.009985	
  0.003372	  0.668907	  0.109469	  0.218251	
  0.178122	  0.123035	  0.455988	  0.242856	
  0.305077	  0.126541	  0.094686	  0.473696	
  0.502827	  0.177727	  0.146973	  0.172474	
  0.496385	  0.129976	  0.163588	  0.210051	

URL http://cisbp.ccbr.utoronto.ca/TFreport.php?searchTF=T023488_1.02

MOTIF M0341_1.02 (UREG_05605)_(Schizosaccharomyces_pombe)_(DBD_0.66)

letter-probability matrix: alength= 4 w= 10 nsites= 1 E= 0
  0.570600	  0.126453	  0.170367	  0.132581	
  0.195785	  0.086320	  0.008371	  0.709524	
  0.193607	  0.163160	  0.313589	  0.329644	
  0.494817	  0.042071	  0.276108	  0.187005	
  0.071217	  0.695225	  0.054727	  0.178831	
  0.178831	  0.054727	  0.695225	  0.071217	
  0.187005	  0.276108	  0.042071	  0.494817	
  0.329644	  0.313589	  0.163160	  0.193607	
  0.709524	  0.008371	  0.086320	  0.195785	
  0.132581	  0.170367	  0.126453	  0.570600	

URL http://cisbp.ccbr.utoronto.ca/TFreport.php?searchTF=T023490_1.02

MOTIF M0464_1.02 (UREG_04327)_(Neurospora_crassa)_(DBD_0.85)

letter-probability matrix: alength= 4 w= 10 nsites= 1 E= 0
  0.236571	  0.205221	  0.278493	  0.279715	
  0.149782	  0.262156	  0.085487	  0.502575	
  0.342827	  0.526572	  0.039079	  0.091522	
  0.958824	  0.021864	  0.018184	  0.001128	
  0.018978	  0.006180	  0.942469	  0.032373	
  0.000725	  0.000000	  0.991760	  0.007516	
  0.075042	  0.000000	  0.920178	  0.004780	
  0.050954	  0.000665	  0.904357	  0.044023	
  0.107583	  0.249341	  0.211968	  0.431108	
  0.362089	  0.187738	  0.176936	  0.273237	

URL http://cisbp.ccbr.utoronto.ca/TFreport.php?searchTF=T035109_1.02

MOTIF M0467_1.02 (UREG_07210)_(Neurospora_crassa)_(DBD_0.79)

letter-probability matrix: alength= 4 w= 8 nsites= 1 E= 0
  0.200133	  0.133644	  0.599069	  0.067154	
  0.000370	  0.000370	  0.998891	  0.000370	
  0.000370	  0.000370	  0.037352	  0.961908	
  0.000370	  0.000370	  0.998891	  0.000370	
  0.000370	  0.000370	  0.998891	  0.000370	
  0.000370	  0.998891	  0.000370	  0.000370	
  0.185281	  0.037352	  0.776997	  0.000370	
  0.578256	  0.158088	  0.105567	  0.158088	

URL http://cisbp.ccbr.utoronto.ca/TFreport.php?searchTF=T035122_1.02

MOTIF M0469_1.02 (UREG_07775)_(Neurospora_crassa)_(DBD_0.88)

letter-probability matrix: alength= 4 w= 10 nsites= 1 E= 0
  0.135111	  0.173485	  0.132435	  0.558969	
  0.036396	  0.008797	  0.948091	  0.006716	
  0.090702	  0.038382	  0.076522	  0.794394	
  0.000618	  0.001681	  0.991595	  0.006106	
  0.003099	  0.000230	  0.993412	  0.003258	
  0.008631	  0.977890	  0.002171	  0.011307	
  0.083917	  0.020902	  0.487765	  0.407416	
  0.128276	  0.306184	  0.274290	  0.291251	
  0.384309	  0.167578	  0.230776	  0.217337	
  0.242545	  0.177894	  0.351141	  0.228420	

URL http://cisbp.ccbr.utoronto.ca/TFreport.php?searchTF=T035125_1.02

MOTIF M0472_1.02 (UREG_01543)_(Neurospora_crassa)_(DBD_0.88)

letter-probability matrix: alength= 4 w= 10 nsites= 1 E= 0
  0.217529	  0.252732	  0.181695	  0.348044	
  0.275225	  0.138046	  0.414713	  0.172016	
  0.212459	  0.346800	  0.343349	  0.097392	
  0.239578	  0.026546	  0.712572	  0.021304	
  0.007446	  0.017420	  0.970338	  0.004795	
  0.005001	  0.991913	  0.000771	  0.002316	
  0.004087	  0.000084	  0.035083	  0.960747	
  0.096549	  0.013736	  0.871357	  0.018358	
  0.599819	  0.084490	  0.173578	  0.142114	
  0.360144	  0.180640	  0.274927	  0.184289	

URL http://cisbp.ccbr.utoronto.ca/TFreport.php?searchTF=T035098_1.02

MOTIF M0477_1.02 (UREG_06865)_(Neurospora_crassa)_(DBD_0.94)

letter-probability matrix: alength= 4 w= 9 nsites= 1 E= 0
  0.150339	  0.311965	  0.076930	  0.460766	
  0.204481	  0.685724	  0.049426	  0.060369	
  0.857399	  0.044876	  0.048130	  0.049596	
  0.038252	  0.042275	  0.857654	  0.061818	
  0.034879	  0.050496	  0.813949	  0.100675	
  0.114329	  0.120191	  0.555064	  0.210415	
  0.264307	  0.126104	  0.511379	  0.098210	
  0.170320	  0.346429	  0.179053	  0.304198	
  0.357377	  0.210354	  0.230164	  0.202106	

URL http://cisbp.ccbr.utoronto.ca/TFreport.php?searchTF=T035119_1.02

MOTIF M0478_1.02 (UREG_02425)_(Neurospora_crassa)_(DBD_0.72)

letter-probability matrix: alength= 4 w= 8 nsites= 1 E= 0
  0.242991	  0.344820	  0.200943	  0.211246	
  0.195557	  0.000022	  0.703347	  0.101074	
  0.021540	  0.372380	  0.061554	  0.544526	
  0.000061	  0.000001	  0.999903	  0.000035	
  0.004818	  0.000871	  0.918184	  0.076127	
  0.061126	  0.018046	  0.856568	  0.064260	
  0.189179	  0.100755	  0.524632	  0.185433	
  0.232300	  0.138107	  0.375415	  0.254177	

URL http://cisbp.ccbr.utoronto.ca/TFreport.php?searchTF=T035102_1.02

MOTIF M0484_1.02 (UREG_01940)_(Neurospora_crassa)_(DBD_0.81)

letter-probability matrix: alength= 4 w= 9 nsites= 1 E= 0
  0.263824	  0.057701	  0.599012	  0.079462	
  0.306847	  0.094288	  0.136503	  0.462362	
  0.003417	  0.000402	  0.811461	  0.184719	
  0.000117	  0.000000	  0.999883	  0.000000	
  0.000079	  0.986535	  0.000000	  0.013386	
  0.095950	  0.004322	  0.443116	  0.456611	
  0.156563	  0.315279	  0.296918	  0.231240	
  0.534596	  0.081574	  0.087489	  0.296341	
  0.157278	  0.059028	  0.644202	  0.139493	

URL http://cisbp.ccbr.utoronto.ca/TFreport.php?searchTF=T035100_1.02

MOTIF M0744_1.02 (UREG_04032)_(Neurospora_crassa)_(DBD_0.73)

letter-probability matrix: alength= 4 w= 8 nsites= 1 E= 0
  0.570513	  0.071937	  0.356838	  0.000712	
  0.059272	  0.000587	  0.000587	  0.939554	
  0.939554	  0.059272	  0.000587	  0.000587	
  0.998239	  0.000587	  0.000587	  0.000587	
  0.998239	  0.000587	  0.000587	  0.000587	
  0.000587	  0.880869	  0.000587	  0.117958	
  0.998239	  0.000587	  0.000587	  0.000587	
  0.499004	  0.200199	  0.000996	  0.299801	

URL http://cisbp.ccbr.utoronto.ca/TFreport.php?searchTF=T080877_1.02

MOTIF M0792_1.02 (UREG_06018)_(Neurospora_crassa)_(DBD_0.94)

letter-probability matrix: alength= 4 w= 8 nsites= 1 E= 0
  0.246114	  0.263959	  0.251086	  0.238840	
  0.289615	  0.264688	  0.175661	  0.270036	
  0.101067	  0.108395	  0.696303	  0.094234	
  0.794489	  0.034733	  0.044598	  0.126179	
  0.025614	  0.062373	  0.046671	  0.865343	
  0.449630	  0.160521	  0.097361	  0.292488	
  0.295846	  0.232721	  0.265029	  0.206405	
  0.224078	  0.276441	  0.282025	  0.217456	

URL http://cisbp.ccbr.utoronto.ca/TFreport.php?searchTF=T084196_1.02

MOTIF M0865_1.02 (UREG_03403)_(Aspergillus_nidulans)_(DBD_0.86)

letter-probability matrix: alength= 4 w= 10 nsites= 1 E= 0
  0.376511	  0.151555	  0.198531	  0.273403	
  0.336602	  0.182893	  0.210377	  0.270129	
  0.125916	  0.319135	  0.149249	  0.405700	
  0.209623	  0.500351	  0.060662	  0.229364	
  0.609751	  0.078496	  0.148867	  0.162886	
  0.813390	  0.028537	  0.057467	  0.100606	
  0.025393	  0.042286	  0.012237	  0.920084	
  0.688924	  0.058858	  0.103041	  0.149177	
  0.409171	  0.116063	  0.108216	  0.366549	
  0.394100	  0.153946	  0.132503	  0.319451	

URL http://cisbp.ccbr.utoronto.ca/TFreport.php?searchTF=T089610_1.02

MOTIF M0868_1.02 (UREG_04594)_(Aspergillus_terreus)_(DBD_0.89)

letter-probability matrix: alength= 4 w= 10 nsites= 1 E= 0
  0.120334	  0.181321	  0.137039	  0.561307	
  0.393227	  0.030398	  0.023912	  0.552463	
  0.666060	  0.048491	  0.068127	  0.217322	
  0.968998	  0.000057	  0.030455	  0.000490	
  0.058899	  0.026731	  0.182332	  0.732037	
  0.088383	  0.034181	  0.190886	  0.686549	
  0.445525	  0.049366	  0.450003	  0.055106	
  0.363920	  0.205806	  0.277809	  0.152465	
  0.269688	  0.199790	  0.173689	  0.356833	
  0.294363	  0.220261	  0.205370	  0.280006	

URL http://cisbp.ccbr.utoronto.ca/TFreport.php?searchTF=T089611_1.02

MOTIF M1114_1.02 (UREG_03315)_(Neurospora_crassa)_(DBD_0.93)

letter-probability matrix: alength= 4 w= 8 nsites= 1 E= 0
  0.209810	  0.248689	  0.243765	  0.297735	
  0.169404	  0.268348	  0.296570	  0.265678	
  0.128561	  0.266774	  0.173539	  0.431126	
  0.418284	  0.236550	  0.131126	  0.214040	
  0.620568	  0.129106	  0.226022	  0.024304	
  0.203970	  0.136725	  0.099283	  0.560021	
  0.279320	  0.235653	  0.176330	  0.308697	
  0.292088	  0.158706	  0.150966	  0.398240	

URL http://cisbp.ccbr.utoronto.ca/TFreport.php?searchTF=T089609_1.02

MOTIF M1214_1.02 (UREG_02635)_(Phaeosphaeria_nodorum)_(DBD_0.90)

letter-probability matrix: alength= 4 w= 9 nsites= 1 E= 0
  0.183057	  0.192443	  0.244642	  0.379858	
  0.089850	  0.307399	  0.064596	  0.538155	
  0.688220	  0.122011	  0.079369	  0.110400	
  0.818578	  0.107508	  0.072789	  0.001125	
  0.000245	  0.070414	  0.000078	  0.929263	
  0.397696	  0.161691	  0.077145	  0.363467	
  0.315946	  0.109461	  0.074111	  0.500481	
  0.450724	  0.183251	  0.232957	  0.133067	
  0.247417	  0.223872	  0.204604	  0.324107	

URL http://cisbp.ccbr.utoronto.ca/TFreport.php?searchTF=T089607_1.02

MOTIF M1248_1.02 (UREG_04004)_(Aspergillus_nidulans)_(DBD_0.92)

letter-probability matrix: alength= 4 w= 10 nsites= 1 E= 0
  0.354631	  0.215094	  0.219440	  0.210835	
  0.330282	  0.212714	  0.202340	  0.254665	
  0.214610	  0.210361	  0.307608	  0.267421	
  0.286586	  0.236995	  0.241782	  0.234637	
  0.124300	  0.022037	  0.071001	  0.782662	
  0.089295	  0.000287	  0.037410	  0.873008	
  0.077635	  0.814050	  0.043468	  0.064846	
  0.032211	  0.433685	  0.153288	  0.380816	
  0.614435	  0.084835	  0.185064	  0.115666	
  0.161120	  0.302520	  0.140071	  0.396290	

URL http://cisbp.ccbr.utoronto.ca/TFreport.php?searchTF=T105677_1.02

MOTIF M1711_1.02 (UREG_05491)_(Aspergillus_nidulans)_(DBD_0.95)

letter-probability matrix: alength= 4 w= 9 nsites= 1 E= 0
  0.261177	  0.236323	  0.263802	  0.238698	
  0.189377	  0.215668	  0.263418	  0.331537	
  0.364783	  0.095517	  0.080584	  0.459116	
  0.082747	  0.173433	  0.132395	  0.611424	
  0.016944	  0.972542	  0.000134	  0.010380	
  0.000127	  0.981032	  0.018702	  0.000139	
  0.002022	  0.000514	  0.996408	  0.001056	
  0.350011	  0.099282	  0.364295	  0.186413	
  0.242322	  0.194468	  0.330388	  0.232821	

URL http://cisbp.ccbr.utoronto.ca/TFreport.php?searchTF=T159495_1.02

MOTIF M1712_1.02 (UREG_01649)_(Aspergillus_nidulans)_(DBD_0.98)

letter-probability matrix: alength= 4 w= 10 nsites= 1 E= 0
  0.284823	  0.260309	  0.204766	  0.250102	
  0.251404	  0.203784	  0.225216	  0.319597	
  0.186785	  0.221397	  0.200328	  0.391489	
  0.418903	  0.085425	  0.142258	  0.353414	
  0.275129	  0.225257	  0.336044	  0.163570	
  0.012550	  0.943597	  0.043803	  0.000050	
  0.000247	  0.982741	  0.016951	  0.000061	
  0.055640	  0.034775	  0.861695	  0.047890	
  0.426040	  0.183926	  0.226906	  0.163128	
  0.229449	  0.207614	  0.363464	  0.199473	

URL http://cisbp.ccbr.utoronto.ca/TFreport.php?searchTF=T159462_1.02

MOTIF M1713_1.02 (UREG_01680)_(Aspergillus_nidulans)_(DBD_0.76)

letter-probability matrix: alength= 4 w= 10 nsites= 1 E= 0
  0.151187	  0.357279	  0.196079	  0.295455	
  0.200065	  0.275515	  0.234779	  0.289641	
  0.002523	  0.920970	  0.075598	  0.000910	
  0.000091	  0.853667	  0.145408	  0.000835	
  0.000076	  0.000063	  0.999468	  0.000393	
  0.446821	  0.118174	  0.215327	  0.219677	
  0.156578	  0.312173	  0.203071	  0.328178	
  0.244947	  0.270708	  0.262708	  0.221637	
  0.242842	  0.260450	  0.230998	  0.265711	
  0.244607	  0.264980	  0.228070	  0.262343	

URL http://cisbp.ccbr.utoronto.ca/TFreport.php?searchTF=T159464_1.02

MOTIF M1715_1.02 (UREG_07542)_(Neurospora_crassa)_(DBD_0.87)

letter-probability matrix: alength= 4 w= 9 nsites= 1 E= 0
  0.232123	  0.244024	  0.251455	  0.272398	
  0.240702	  0.224429	  0.260750	  0.274119	
  0.296875	  0.132067	  0.158113	  0.412944	
  0.126994	  0.213607	  0.359293	  0.300107	
  0.006839	  0.955939	  0.036332	  0.000889	
  0.000703	  0.932905	  0.065911	  0.000481	
  0.060896	  0.001521	  0.906110	  0.031474	
  0.310414	  0.177311	  0.275312	  0.236963	
  0.237898	  0.221815	  0.287678	  0.252609	

URL http://cisbp.ccbr.utoronto.ca/TFreport.php?searchTF=T159511_1.02

MOTIF M1718_1.02 (UREG_04936)_(Neurospora_crassa)_(DBD_0.85)

letter-probability matrix: alength= 4 w= 10 nsites= 1 E= 0
  0.259404	  0.225515	  0.225515	  0.289567	
  0.287950	  0.207014	  0.183605	  0.321432	
  0.292654	  0.188480	  0.234861	  0.284005	
  0.315695	  0.158345	  0.183971	  0.341989	
  0.230782	  0.217343	  0.351242	  0.200633	
  0.038458	  0.897466	  0.043797	  0.020279	
  0.000328	  0.858858	  0.140556	  0.000258	
  0.000636	  0.000140	  0.999054	  0.000170	
  0.384504	  0.230893	  0.204784	  0.179820	
  0.250394	  0.215516	  0.312010	  0.222080	

URL http://cisbp.ccbr.utoronto.ca/TFreport.php?searchTF=T159492_1.02

MOTIF M1720_1.02 (UREG_04794)_(Neurospora_crassa)_(DBD_0.82)

letter-probability matrix: alength= 4 w= 7 nsites= 1 E= 0
  0.203955	  0.184546	  0.423224	  0.188275	
  0.000292	  0.992488	  0.000533	  0.006687	
  0.090292	  0.000060	  0.909640	  0.000009	
  0.131709	  0.572835	  0.217152	  0.078304	
  0.243083	  0.240664	  0.255546	  0.260708	
  0.296444	  0.204764	  0.219611	  0.279181	
  0.290956	  0.217712	  0.235845	  0.255487	

URL http://cisbp.ccbr.utoronto.ca/TFreport.php?searchTF=T159490_1.02

MOTIF M1726_1.02 (UREG_06856)_(Neurospora_crassa)_(DBD_0.78)

letter-probability matrix: alength= 4 w= 10 nsites= 1 E= 0
  0.219060	  0.219060	  0.219060	  0.342819	
  0.043666	  0.148034	  0.043666	  0.764634	
  0.340157	  0.000122	  0.189712	  0.470010	
  0.592947	  0.189712	  0.217220	  0.000122	
  0.000122	  0.312616	  0.687140	  0.000122	
  0.000122	  0.999634	  0.000122	  0.000122	
  0.000122	  0.092567	  0.907189	  0.000122	
  0.000122	  0.907189	  0.092567	  0.000122	
  0.031062	  0.123507	  0.814370	  0.031062	
  0.206456	  0.291677	  0.295411	  0.206456	

URL http://cisbp.ccbr.utoronto.ca/TFreport.php?searchTF=T159504_1.02

MOTIF M1747_1.02 (UREG_02076)_(Neurospora_crassa)_(DBD_0.92)

letter-probability matrix: alength= 4 w= 11 nsites= 1 E= 0
  0.638147	  0.120618	  0.120618	  0.120618	
  0.653853	  0.047071	  0.047071	  0.252005	
  0.141783	  0.558929	  0.138039	  0.161249	
  0.000193	  0.000193	  0.000193	  0.999421	
  0.100582	  0.000193	  0.899032	  0.000193	
  0.000193	  0.999421	  0.000193	  0.000193	
  0.000193	  0.999421	  0.000193	  0.000193	
  0.000193	  0.000193	  0.999421	  0.000193	
  0.328086	  0.129575	  0.412763	  0.129575	
  0.296955	  0.296800	  0.203122	  0.203122	
  0.203122	  0.203122	  0.296800	  0.296955	

URL http://cisbp.ccbr.utoronto.ca/TFreport.php?searchTF=T159469_1.02

MOTIF M1749_1.02 (UREG_04565)_(Neurospora_crassa)_(DBD_1.00)

letter-probability matrix: alength= 4 w= 10 nsites= 1 E= 0
  0.193905	  0.256562	  0.229837	  0.319696	
  0.262957	  0.217455	  0.185303	  0.334284	
  0.188628	  0.270367	  0.242204	  0.298801	
  0.286552	  0.163681	  0.239348	  0.310418	
  0.105380	  0.177253	  0.220870	  0.496496	
  0.038875	  0.944224	  0.005873	  0.011027	
  0.000025	  0.881416	  0.118100	  0.000459	
  0.027096	  0.000343	  0.972013	  0.000548	
  0.314822	  0.135912	  0.344471	  0.204795	
  0.342729	  0.152466	  0.286271	  0.218534	

URL http://cisbp.ccbr.utoronto.ca/TFreport.php?searchTF=T159488_1.02

MOTIF M2118_1.02 (UREG_01379)_(Saccharomyces_cerevisiae)_(DBD_0.78)

letter-probability matrix: alength= 4 w= 5 nsites= 1 E= 0
  0.000000	  0.000000	  0.000000	  1.000000	
  0.000000	  0.000000	  0.010160	  0.989840	
  0.005578	  0.000000	  0.994422	  0.000000	
  0.000000	  0.000000	  0.998223	  0.001777	
  0.158006	  0.378979	  0.030665	  0.432350	

URL http://cisbp.ccbr.utoronto.ca/TFreport.php?searchTF=T070411_1.02

MOTIF M4265_1.02 (UREG_02461)_(Saccharomyces_cerevisiae)_(DBD_0.70)

letter-probability matrix: alength= 4 w= 9 nsites= 1 E= 0
  0.336788	  0.051813	  0.290155	  0.321244	
  0.751296	  0.036269	  0.000000	  0.212435	
  0.316062	  0.082902	  0.000000	  0.601036	
  1.000000	  0.000000	  0.000000	  0.000000	
  0.000000	  0.000000	  1.000000	  0.000000	
  0.000000	  0.000000	  1.000000	  0.000000	
  0.088083	  0.000000	  0.911917	  0.000000	
  0.020725	  0.005181	  0.974094	  0.000000	
  0.129534	  0.233161	  0.290155	  0.347150	

URL http://cisbp.ccbr.utoronto.ca/TFreport.php?searchTF=T035103_1.02

MOTIF M4266_1.02 (UREG_07344)_(Saccharomyces_cerevisiae)_(DBD_0.76)

letter-probability matrix: alength= 4 w= 21 nsites= 1 E= 0
  0.277896	  0.250994	  0.386874	  0.084236	
  0.337701	  0.191203	  0.147499	  0.323596	
  0.253161	  0.345476	  0.088062	  0.313301	
  0.160289	  0.200315	  0.154575	  0.484821	
  0.545495	  0.139664	  0.154641	  0.160199	
  0.115326	  0.098646	  0.701617	  0.084410	
  0.287085	  0.198825	  0.266325	  0.247765	
  0.332186	  0.110816	  0.027332	  0.529666	
  0.907072	  0.007916	  0.025927	  0.059085	
  0.012689	  0.007855	  0.023849	  0.955608	
  0.981186	  0.002417	  0.004390	  0.012006	
  0.038291	  0.001865	  0.005177	  0.954667	
  0.970929	  0.002253	  0.006019	  0.020798	
  0.044741	  0.004462	  0.003313	  0.947483	
  0.883835	  0.010075	  0.024913	  0.081177	
  0.186324	  0.062165	  0.094376	  0.657135	
  0.264806	  0.122748	  0.129197	  0.483248	
  0.137280	  0.380802	  0.369687	  0.112231	
  0.266096	  0.228247	  0.383999	  0.121658	
  0.350006	  0.176397	  0.172576	  0.301021	
  0.248908	  0.193837	  0.270884	  0.286371	

URL http://cisbp.ccbr.utoronto.ca/TFreport.php?searchTF=T150437_1.02

MOTIF M4276_1.02 (UREG_02413)_(Saccharomyces_cerevisiae)_(DBD_0.81)

letter-probability matrix: alength= 4 w= 7 nsites= 1 E= 0
  0.071259	  0.298663	  0.583022	  0.047056	
  0.007434	  0.498571	  0.033741	  0.460255	
  0.000000	  0.000000	  1.000000	  0.000000	
  0.000000	  0.000000	  1.000000	  0.000000	
  0.000000	  0.000000	  1.000000	  0.000000	
  0.008921	  0.011618	  0.969378	  0.010083	
  0.179476	  0.146057	  0.353710	  0.320756	

URL http://cisbp.ccbr.utoronto.ca/TFreport.php?searchTF=T035101_1.02

MOTIF M4335_1.02 (UREG_06515)_(Saccharomyces_cerevisiae)_(DBD_0.83)

letter-probability matrix: alength= 4 w= 8 nsites= 1 E= 0
  0.131351	  0.507522	  0.240876	  0.120251	
  0.185949	  0.340578	  0.286850	  0.186623	
  0.311019	  0.542695	  0.059262	  0.087024	
  0.000997	  0.000997	  0.997009	  0.000997	
  0.997009	  0.000997	  0.000997	  0.000997	
  0.000997	  0.000997	  0.000997	  0.997009	
  0.772742	  0.039219	  0.028233	  0.159805	
  0.308741	  0.098870	  0.221680	  0.370709	

URL http://cisbp.ccbr.utoronto.ca/TFreport.php?searchTF=T084197_1.02

MOTIF M4344_1.02 (UREG_04378)_(Saccharomyces_cerevisiae)_(DBD_0.44)

letter-probability matrix: alength= 4 w= 8 nsites= 1 E= 0
  0.115385	  0.269231	  0.423077	  0.192308	
  0.000000	  0.000000	  1.000000	  0.000000	
  0.000000	  0.000000	  0.000000	  1.000000	
  0.000000	  0.000000	  0.000000	  1.000000	
  0.307692	  0.000000	  0.692308	  0.000000	
  0.000000	  1.000000	  0.000000	  0.000000	
  0.019231	  0.480769	  0.019231	  0.480769	
  0.884615	  0.038462	  0.038462	  0.038462	

URL http://cisbp.ccbr.utoronto.ca/TFreport.php?searchTF=T138638_1.02

MOTIF M4351_1.02 (UREG_07103)_(Saccharomyces_cerevisiae)_(DBD_0.85)

letter-probability matrix: alength= 4 w= 21 nsites= 1 E= 0
  0.208696	  0.405151	  0.169819	  0.216333	
  0.324620	  0.374099	  0.083387	  0.217895	
  0.301249	  0.154976	  0.428176	  0.115598	
  0.306024	  0.165499	  0.201064	  0.327413	
  0.459041	  0.103429	  0.354844	  0.082686	
  0.376416	  0.091208	  0.405793	  0.126584	
  0.782067	  0.073699	  0.071140	  0.073094	
  0.898580	  0.035998	  0.046491	  0.018931	
  0.904580	  0.009331	  0.050773	  0.035316	
  0.855891	  0.014949	  0.042479	  0.086681	
  0.408314	  0.016047	  0.034020	  0.541619	
  0.086681	  0.042479	  0.014949	  0.855891	
  0.035316	  0.050773	  0.009331	  0.904580	
  0.018931	  0.046491	  0.035998	  0.898580	
  0.073094	  0.071140	  0.073699	  0.782067	
  0.082090	  0.342064	  0.042679	  0.533167	
  0.271462	  0.297502	  0.077857	  0.353179	
  0.238045	  0.293678	  0.217545	  0.250731	
  0.343065	  0.192549	  0.174988	  0.289398	
  0.309174	  0.194568	  0.293870	  0.202389	
  0.250790	  0.161885	  0.159905	  0.427421	

URL http://cisbp.ccbr.utoronto.ca/TFreport.php?searchTF=T035121_1.02

MOTIF M4358_1.02 (UREG_04917)_(Saccharomyces_cerevisiae)_(DBD_0.70)

letter-probability matrix: alength= 4 w= 21 nsites= 1 E= 0
  0.238137	  0.351012	  0.318876	  0.091974	
  0.304244	  0.218676	  0.268163	  0.208917	
  0.183252	  0.334601	  0.161611	  0.320536	
  0.380384	  0.205961	  0.136230	  0.277425	
  0.361194	  0.083363	  0.272196	  0.283247	
  0.314341	  0.158488	  0.325605	  0.201566	
  0.223861	  0.008509	  0.078272	  0.689359	
  0.001687	  0.002580	  0.991893	  0.003841	
  0.081869	  0.803549	  0.002038	  0.112544	
  0.002807	  0.003670	  0.992575	  0.000947	
  0.001829	  0.002616	  0.993720	  0.001835	
  0.028000	  0.000382	  0.970390	  0.001228	
  0.001832	  0.000673	  0.957292	  0.040203	
  0.055743	  0.069990	  0.081078	  0.793189	
  0.692062	  0.073178	  0.107723	  0.127037	
  0.311437	  0.113318	  0.345056	  0.230189	
  0.091252	  0.320491	  0.122052	  0.466205	
  0.368966	  0.155747	  0.180509	  0.294778	
  0.144665	  0.505633	  0.101710	  0.247992	
  0.391596	  0.070070	  0.375890	  0.162444	
  0.233430	  0.281348	  0.171032	  0.314191	

URL http://cisbp.ccbr.utoronto.ca/TFreport.php?searchTF=T035111_1.02

MOTIF M4376_1.02 (UREG_07540)_(Saccharomyces_cerevisiae)_(DBD_0.56)

letter-probability matrix: alength= 4 w= 20 nsites= 1 E= 0
  0.240122	  0.196861	  0.220816	  0.342201	
  0.277890	  0.146179	  0.267804	  0.308128	
  0.341839	  0.174534	  0.219739	  0.263888	
  0.571702	  0.146030	  0.143912	  0.138356	
  0.495698	  0.110596	  0.176615	  0.217091	
  0.379266	  0.157960	  0.126669	  0.336105	
  0.179551	  0.004748	  0.813593	  0.002108	
  0.014558	  0.004260	  0.000952	  0.980230	
  0.950367	  0.047308	  0.000771	  0.001554	
  0.979678	  0.011390	  0.000976	  0.007956	
  0.986667	  0.001016	  0.002691	  0.009625	
  0.001767	  0.797833	  0.001297	  0.199103	
  0.989636	  0.001249	  0.003667	  0.005447	
  0.823954	  0.069661	  0.032500	  0.073884	
  0.684172	  0.025110	  0.106580	  0.184138	
  0.212491	  0.210952	  0.446148	  0.130410	
  0.353169	  0.173423	  0.321436	  0.151971	
  0.208011	  0.239547	  0.274318	  0.278123	
  0.315164	  0.071640	  0.432442	  0.180754	
  0.338566	  0.263541	  0.274442	  0.123450	

URL http://cisbp.ccbr.utoronto.ca/TFreport.php?searchTF=T080878_1.02

MOTIF M4405_1.02 (UREG_07644)_(Saccharomyces_cerevisiae)_(DBD_0.73)

letter-probability matrix: alength= 4 w= 10 nsites= 1 E= 0
  0.000000	  0.921569	  0.039216	  0.039216	
  0.000000	  0.039216	  0.000000	  0.960784	
  0.901961	  0.000000	  0.019608	  0.078431	
  0.420000	  0.000000	  0.000000	  0.580000	
  0.320000	  0.000000	  0.000000	  0.680000	
  0.400000	  0.000000	  0.000000	  0.600000	
  0.460000	  0.000000	  0.000000	  0.540000	
  0.000000	  0.019608	  0.000000	  0.980392	
  0.823529	  0.058824	  0.098039	  0.019608	
  0.196078	  0.137255	  0.529412	  0.137255	

URL http://cisbp.ccbr.utoronto.ca/TFreport.php?searchTF=T111022_1.02

