MEME version 4

ALPHABET= ACGT

strands: + -

Background letter frequencies (from uniform background):
A 0.25000 C 0.25000 G 0.25000 T 0.25000 

MOTIF M0099_1.02 (VDAG_08656)_(Nectria_haematococca)_(DBD_0.95)

letter-probability matrix: alength= 4 w= 10 nsites= 1 E= 0
  0.282479	  0.173160	  0.181256	  0.363105	
  0.200768	  0.319145	  0.136963	  0.343123	
  0.492646	  0.261305	  0.149200	  0.096849	
  0.029691	  0.074764	  0.001569	  0.893977	
  0.120064	  0.011447	  0.815301	  0.053187	
  0.053187	  0.815301	  0.011447	  0.120064	
  0.893977	  0.001569	  0.074764	  0.029691	
  0.096849	  0.149200	  0.261305	  0.492646	
  0.343123	  0.136963	  0.319145	  0.200768	
  0.363105	  0.181256	  0.173160	  0.282479	

URL http://cisbp.ccbr.utoronto.ca/TFreport.php?searchTF=T005264_1.02

MOTIF M0112_1.02 (VDAG_09307)_(Neurospora_crassa)_(DBD_0.88)

letter-probability matrix: alength= 4 w= 8 nsites= 1 E= 0
  0.231893	  0.272129	  0.231893	  0.264086	
  0.199782	  0.275126	  0.241587	  0.283505	
  0.239406	  0.256765	  0.190216	  0.313613	
  0.169991	  0.163325	  0.418109	  0.248575	
  0.699238	  0.072966	  0.111051	  0.116745	
  0.096923	  0.120773	  0.014210	  0.768095	
  0.556969	  0.037808	  0.314980	  0.090243	
  0.186997	  0.278967	  0.206664	  0.327371	

URL http://cisbp.ccbr.utoronto.ca/TFreport.php?searchTF=T007117_1.02

MOTIF M0118_1.02 (VDAG_08336)_(Arabidopsis_thaliana)_(DBD_0.48)

letter-probability matrix: alength= 4 w= 9 nsites= 1 E= 0
  0.241564	  0.266970	  0.261683	  0.229783	
  0.209390	  0.306188	  0.250685	  0.233737	
  0.345181	  0.182011	  0.303102	  0.169706	
  0.329720	  0.179153	  0.251701	  0.239426	
  0.411309	  0.042920	  0.202217	  0.343554	
  0.710467	  0.047747	  0.000515	  0.241271	
  0.886835	  0.000921	  0.045045	  0.067199	
  0.454667	  0.009772	  0.038075	  0.497485	
  0.212559	  0.177544	  0.097438	  0.512458	

URL http://cisbp.ccbr.utoronto.ca/TFreport.php?searchTF=T008593_1.02

MOTIF M0142_1.02 (VDAG_06245)_(Saccharomyces_cerevisiae)_(DBD_0.54)

letter-probability matrix: alength= 4 w= 7 nsites= 1 E= 0
  0.282959	  0.248465	  0.245993	  0.222583	
  0.316659	  0.184532	  0.236944	  0.261864	
  0.377778	  0.112652	  0.209413	  0.300157	
  0.616393	  0.068985	  0.111484	  0.203138	
  0.675764	  0.042770	  0.063171	  0.218294	
  0.326032	  0.133887	  0.082023	  0.458058	
  0.321153	  0.137266	  0.112384	  0.429198	

URL http://cisbp.ccbr.utoronto.ca/TFreport.php?searchTF=T008592_1.02

MOTIF M0232_1.02 (VDAG_01557)_(Neurospora_crassa)_(DBD_0.67)

letter-probability matrix: alength= 4 w= 10 nsites= 1 E= 0
  0.388135	  0.112825	  0.260346	  0.238694	
  0.249054	  0.172339	  0.128937	  0.449670	
  0.199250	  0.410304	  0.162487	  0.227958	
  0.479655	  0.034839	  0.286042	  0.199464	
  0.129912	  0.429844	  0.141336	  0.298908	
  0.298908	  0.141336	  0.429844	  0.129912	
  0.199464	  0.286042	  0.034839	  0.479655	
  0.227958	  0.162487	  0.410304	  0.199250	
  0.449670	  0.128937	  0.172339	  0.249054	
  0.238694	  0.260346	  0.112825	  0.388135	

URL http://cisbp.ccbr.utoronto.ca/TFreport.php?searchTF=T011929_1.02

MOTIF M0233_1.02 (VDAG_08823)_(Neurospora_crassa)_(DBD_0.90)

letter-probability matrix: alength= 4 w= 10 nsites= 1 E= 0
  0.372697	  0.131267	  0.368992	  0.127044	
  0.132630	  0.120618	  0.150348	  0.596405	
  0.053806	  0.833998	  0.040004	  0.072192	
  0.860550	  0.014337	  0.062962	  0.062150	
  0.049765	  0.733895	  0.036448	  0.179892	
  0.179892	  0.036448	  0.733895	  0.049765	
  0.062150	  0.062962	  0.014337	  0.860550	
  0.072192	  0.040004	  0.833998	  0.053806	
  0.596405	  0.150348	  0.120618	  0.132630	
  0.127044	  0.368992	  0.131267	  0.372697	

URL http://cisbp.ccbr.utoronto.ca/TFreport.php?searchTF=T011938_1.02

MOTIF M0234_1.02 (VDAG_03292)_(Neurospora_crassa)_(DBD_0.91)

letter-probability matrix: alength= 4 w= 9 nsites= 1 E= 0
  0.269108	  0.205431	  0.331993	  0.193468	
  0.159193	  0.533850	  0.206462	  0.100496	
  0.059491	  0.939955	  0.000044	  0.000510	
  0.935853	  0.000093	  0.018384	  0.045671	
  0.000144	  0.750505	  0.011714	  0.237638	
  0.079917	  0.020105	  0.889792	  0.010186	
  0.149161	  0.300373	  0.065041	  0.485425	
  0.093731	  0.070841	  0.652254	  0.183174	
  0.241695	  0.256640	  0.267114	  0.234551	

URL http://cisbp.ccbr.utoronto.ca/TFreport.php?searchTF=T011933_1.02

MOTIF M0235_1.02 (VDAG_03217)_(Neurospora_crassa)_(DBD_0.94)

letter-probability matrix: alength= 4 w= 8 nsites= 1 E= 0
  0.274385	  0.205312	  0.348812	  0.171491	
  0.190278	  0.136796	  0.336463	  0.336463	
  0.075030	  0.878218	  0.030505	  0.016247	
  0.751431	  0.000270	  0.135908	  0.112390	
  0.002837	  0.782682	  0.078471	  0.136010	
  0.236992	  0.000239	  0.711963	  0.050807	
  0.167264	  0.223536	  0.126415	  0.482785	
  0.153853	  0.085285	  0.605464	  0.155399	

URL http://cisbp.ccbr.utoronto.ca/TFreport.php?searchTF=T011932_1.02

MOTIF M0236_1.02 (VDAG_10062)_(Neurospora_crassa)_(DBD_0.72)

letter-probability matrix: alength= 4 w= 14 nsites= 1 E= 0
  0.339409	  0.220197	  0.220197	  0.220197	
  0.168352	  0.168352	  0.168352	  0.494944	
  0.168352	  0.494944	  0.168352	  0.168352	
  0.573389	  0.154731	  0.074270	  0.197609	
  0.021655	  0.935036	  0.021655	  0.021655	
  0.102116	  0.021655	  0.854575	  0.021655	
  0.000213	  0.080674	  0.000213	  0.918899	
  0.582192	  0.085093	  0.332502	  0.000213	
  0.327972	  0.526230	  0.030016	  0.115781	
  0.081861	  0.081861	  0.583379	  0.252899	
  0.668651	  0.167626	  0.081861	  0.081861	
  0.175943	  0.258335	  0.175943	  0.389780	
  0.228559	  0.228559	  0.314324	  0.228559	
  0.228559	  0.228559	  0.228559	  0.314324	

URL http://cisbp.ccbr.utoronto.ca/TFreport.php?searchTF=T011940_1.02

MOTIF M0277_1.02 (VDAG_01588)_(Aspergillus_nidulans)_(DBD_0.74)

letter-probability matrix: alength= 4 w= 10 nsites= 1 E= 0
  0.154221	  0.132739	  0.506936	  0.206105	
  0.384330	  0.442085	  0.102668	  0.070916	
  0.058696	  0.013228	  0.037054	  0.891022	
  0.007506	  0.030745	  0.385962	  0.575787	
  0.911092	  0.000094	  0.061846	  0.026968	
  0.063690	  0.586417	  0.169700	  0.180193	
  0.278427	  0.160639	  0.196204	  0.364730	
  0.518034	  0.154476	  0.059742	  0.267747	
  0.729176	  0.086653	  0.088404	  0.095767	
  0.258065	  0.140220	  0.224351	  0.377364	

URL http://cisbp.ccbr.utoronto.ca/TFreport.php?searchTF=T023500_1.02

MOTIF M0278_1.02 (VDAG_07716)_(Aspergillus_nidulans)_(DBD_0.75)

letter-probability matrix: alength= 4 w= 9 nsites= 1 E= 0
  0.248440	  0.175072	  0.312686	  0.263802	
  0.348841	  0.201264	  0.236185	  0.213709	
  0.250961	  0.137730	  0.144792	  0.466518	
  0.192616	  0.159285	  0.330530	  0.317569	
  0.547798	  0.306711	  0.100074	  0.045418	
  0.083480	  0.792037	  0.004829	  0.119654	
  0.161924	  0.013834	  0.778312	  0.045930	
  0.238359	  0.306059	  0.081759	  0.373822	
  0.313093	  0.147894	  0.356559	  0.182454	

URL http://cisbp.ccbr.utoronto.ca/TFreport.php?searchTF=T023518_1.02

MOTIF M0330_1.02 (VDAG_06460)_(Neurospora_crassa)_(DBD_0.92)

letter-probability matrix: alength= 4 w= 8 nsites= 1 E= 0
  0.690951	  0.077454	  0.154141	  0.077454	
  0.000525	  0.000525	  0.000525	  0.998424	
  0.053046	  0.000525	  0.053046	  0.893382	
  0.998424	  0.000525	  0.000525	  0.000525	
  0.000525	  0.945903	  0.053046	  0.000525	
  0.053046	  0.000525	  0.893382	  0.053046	
  0.000525	  0.053046	  0.000525	  0.945903	
  0.784188	  0.071937	  0.071937	  0.071937	

URL http://cisbp.ccbr.utoronto.ca/TFreport.php?searchTF=T023516_1.02

MOTIF M0333_1.02 (VDAG_10113)_(Neurospora_crassa)_(DBD_0.68)

letter-probability matrix: alength= 4 w= 9 nsites= 1 E= 0
  0.226007	  0.214985	  0.259970	  0.299037	
  0.362284	  0.189129	  0.305646	  0.142941	
  0.035974	  0.098770	  0.000200	  0.865056	
  0.112334	  0.000555	  0.714424	  0.172686	
  0.745300	  0.051614	  0.051100	  0.151986	
  0.120675	  0.535446	  0.187373	  0.156507	
  0.203170	  0.147532	  0.236050	  0.413247	
  0.260935	  0.335047	  0.220141	  0.183877	
  0.299449	  0.221837	  0.250121	  0.228593	

URL http://cisbp.ccbr.utoronto.ca/TFreport.php?searchTF=T023526_1.02

MOTIF M0335_1.02 (VDAG_08933)_(Neurospora_crassa)_(DBD_0.75)

letter-probability matrix: alength= 4 w= 10 nsites= 1 E= 0
  0.205745	  0.195711	  0.371161	  0.227383	
  0.348492	  0.331496	  0.141686	  0.178326	
  0.158625	  0.112904	  0.146429	  0.582042	
  0.129977	  0.140802	  0.261741	  0.467480	
  0.680697	  0.045291	  0.180029	  0.093983	
  0.046524	  0.572470	  0.141169	  0.239837	
  0.243006	  0.136059	  0.341411	  0.279524	
  0.305636	  0.191023	  0.151775	  0.351566	
  0.458175	  0.155594	  0.171958	  0.214273	
  0.354470	  0.165774	  0.217158	  0.262598	

URL http://cisbp.ccbr.utoronto.ca/TFreport.php?searchTF=T023521_1.02

MOTIF M0341_1.02 (VDAG_04042)_(Schizosaccharomyces_pombe)_(DBD_0.67)

letter-probability matrix: alength= 4 w= 10 nsites= 1 E= 0
  0.570600	  0.126453	  0.170367	  0.132581	
  0.195785	  0.086320	  0.008371	  0.709524	
  0.193607	  0.163160	  0.313589	  0.329644	
  0.494817	  0.042071	  0.276108	  0.187005	
  0.071217	  0.695225	  0.054727	  0.178831	
  0.178831	  0.054727	  0.695225	  0.071217	
  0.187005	  0.276108	  0.042071	  0.494817	
  0.329644	  0.313589	  0.163160	  0.193607	
  0.709524	  0.008371	  0.086320	  0.195785	
  0.132581	  0.170367	  0.126453	  0.570600	

URL http://cisbp.ccbr.utoronto.ca/TFreport.php?searchTF=T023510_1.02

MOTIF M0463_1.02 (VDAG_06664)_(Neurospora_crassa)_(DBD_0.81)

letter-probability matrix: alength= 4 w= 9 nsites= 1 E= 0
  0.282318	  0.185496	  0.344824	  0.187361	
  0.100407	  0.208352	  0.065316	  0.625925	
  0.155963	  0.340229	  0.104545	  0.399263	
  0.327377	  0.063505	  0.513429	  0.095690	
  0.000083	  0.092693	  0.828236	  0.078988	
  0.068514	  0.057803	  0.818146	  0.055537	
  0.103622	  0.544981	  0.033810	  0.317587	
  0.271605	  0.229144	  0.258359	  0.240892	
  0.188301	  0.301280	  0.278117	  0.232303	

URL http://cisbp.ccbr.utoronto.ca/TFreport.php?searchTF=T035147_1.02

MOTIF M0467_1.02 (VDAG_10037)_(Neurospora_crassa)_(DBD_0.72)

letter-probability matrix: alength= 4 w= 8 nsites= 1 E= 0
  0.200133	  0.133644	  0.599069	  0.067154	
  0.000370	  0.000370	  0.998891	  0.000370	
  0.000370	  0.000370	  0.037352	  0.961908	
  0.000370	  0.000370	  0.998891	  0.000370	
  0.000370	  0.000370	  0.998891	  0.000370	
  0.000370	  0.998891	  0.000370	  0.000370	
  0.185281	  0.037352	  0.776997	  0.000370	
  0.578256	  0.158088	  0.105567	  0.158088	

URL http://cisbp.ccbr.utoronto.ca/TFreport.php?searchTF=T035162_1.02

MOTIF M0469_1.02 (VDAG_08721)_(Neurospora_crassa)_(DBD_0.88)

letter-probability matrix: alength= 4 w= 10 nsites= 1 E= 0
  0.135111	  0.173485	  0.132435	  0.558969	
  0.036396	  0.008797	  0.948091	  0.006716	
  0.090702	  0.038382	  0.076522	  0.794394	
  0.000618	  0.001681	  0.991595	  0.006106	
  0.003099	  0.000230	  0.993412	  0.003258	
  0.008631	  0.977890	  0.002171	  0.011307	
  0.083917	  0.020902	  0.487765	  0.407416	
  0.128276	  0.306184	  0.274290	  0.291251	
  0.384309	  0.167578	  0.230776	  0.217337	
  0.242545	  0.177894	  0.351141	  0.228420	

URL http://cisbp.ccbr.utoronto.ca/TFreport.php?searchTF=T035153_1.02

MOTIF M0472_1.02 (VDAG_04603)_(Neurospora_crassa)_(DBD_0.94)

letter-probability matrix: alength= 4 w= 10 nsites= 1 E= 0
  0.217529	  0.252732	  0.181695	  0.348044	
  0.275225	  0.138046	  0.414713	  0.172016	
  0.212459	  0.346800	  0.343349	  0.097392	
  0.239578	  0.026546	  0.712572	  0.021304	
  0.007446	  0.017420	  0.970338	  0.004795	
  0.005001	  0.991913	  0.000771	  0.002316	
  0.004087	  0.000084	  0.035083	  0.960747	
  0.096549	  0.013736	  0.871357	  0.018358	
  0.599819	  0.084490	  0.173578	  0.142114	
  0.360144	  0.180640	  0.274927	  0.184289	

URL http://cisbp.ccbr.utoronto.ca/TFreport.php?searchTF=T035140_1.02

MOTIF M0473_1.02 (VDAG_01569)_(Neurospora_crassa)_(DBD_0.93)

letter-probability matrix: alength= 4 w= 10 nsites= 1 E= 0
  0.289992	  0.212694	  0.304860	  0.192453	
  0.226165	  0.376631	  0.131797	  0.265407	
  0.199332	  0.017725	  0.681959	  0.100985	
  0.075701	  0.801743	  0.000218	  0.122338	
  0.645987	  0.007697	  0.129125	  0.217192	
  0.158375	  0.581123	  0.012121	  0.248381	
  0.244520	  0.088173	  0.432376	  0.234932	
  0.170600	  0.075893	  0.538789	  0.214718	
  0.377946	  0.137655	  0.240989	  0.243411	
  0.151477	  0.459636	  0.144089	  0.244798	

URL http://cisbp.ccbr.utoronto.ca/TFreport.php?searchTF=T035130_1.02

MOTIF M0477_1.02 (VDAG_02286)_(Neurospora_crassa)_(DBD_0.98)

letter-probability matrix: alength= 4 w= 9 nsites= 1 E= 0
  0.150339	  0.311965	  0.076930	  0.460766	
  0.204481	  0.685724	  0.049426	  0.060369	
  0.857399	  0.044876	  0.048130	  0.049596	
  0.038252	  0.042275	  0.857654	  0.061818	
  0.034879	  0.050496	  0.813949	  0.100675	
  0.114329	  0.120191	  0.555064	  0.210415	
  0.264307	  0.126104	  0.511379	  0.098210	
  0.170320	  0.346429	  0.179053	  0.304198	
  0.357377	  0.210354	  0.230164	  0.202106	

URL http://cisbp.ccbr.utoronto.ca/TFreport.php?searchTF=T035134_1.02

MOTIF M0481_1.02 (VDAG_06611)_(Neurospora_crassa)_(DBD_0.71)

letter-probability matrix: alength= 4 w= 10 nsites= 1 E= 0
  0.414477	  0.104274	  0.295013	  0.186237	
  0.082034	  0.149476	  0.131254	  0.637235	
  0.000453	  0.000134	  0.999386	  0.000028	
  0.320894	  0.627103	  0.051993	  0.000010	
  0.000001	  0.000716	  0.998236	  0.001047	
  0.000006	  0.000761	  0.999233	  0.000000	
  0.002353	  0.987809	  0.000008	  0.009830	
  0.026346	  0.003226	  0.196628	  0.773800	
  0.160037	  0.593124	  0.166568	  0.080271	
  0.572905	  0.134386	  0.142696	  0.150013	

URL http://cisbp.ccbr.utoronto.ca/TFreport.php?searchTF=T035146_1.02

MOTIF M0483_1.02 (VDAG_04003)_(Neurospora_crassa)_(DBD_0.90)

letter-probability matrix: alength= 4 w= 10 nsites= 1 E= 0
  0.309407	  0.173236	  0.322034	  0.195323	
  0.212288	  0.170365	  0.398594	  0.218753	
  0.182019	  0.056493	  0.688221	  0.073267	
  0.205430	  0.081868	  0.250913	  0.461789	
  0.005887	  0.032875	  0.927699	  0.033539	
  0.000760	  0.000020	  0.997902	  0.001317	
  0.000226	  0.805566	  0.018021	  0.176187	
  0.115535	  0.065995	  0.310932	  0.507539	
  0.149767	  0.109846	  0.644891	  0.095496	
  0.194711	  0.078376	  0.602759	  0.124153	

URL http://cisbp.ccbr.utoronto.ca/TFreport.php?searchTF=T035137_1.02

MOTIF M0484_1.02 (VDAG_03208)_(Neurospora_crassa)_(DBD_0.81)

letter-probability matrix: alength= 4 w= 9 nsites= 1 E= 0
  0.263824	  0.057701	  0.599012	  0.079462	
  0.306847	  0.094288	  0.136503	  0.462362	
  0.003417	  0.000402	  0.811461	  0.184719	
  0.000117	  0.000000	  0.999883	  0.000000	
  0.000079	  0.986535	  0.000000	  0.013386	
  0.095950	  0.004322	  0.443116	  0.456611	
  0.156563	  0.315279	  0.296918	  0.231240	
  0.534596	  0.081574	  0.087489	  0.296341	
  0.157278	  0.059028	  0.644202	  0.139493	

URL http://cisbp.ccbr.utoronto.ca/TFreport.php?searchTF=T035136_1.02

MOTIF M0572_1.02 (VDAG_04469)_(Neurospora_crassa)_(DBD_0.71)

letter-probability matrix: alength= 4 w= 9 nsites= 1 E= 0
  0.247804	  0.235718	  0.271140	  0.245338	
  0.217645	  0.260568	  0.247860	  0.273928	
  0.263385	  0.243135	  0.187470	  0.306010	
  0.245378	  0.260551	  0.162845	  0.331226	
  0.001229	  0.950089	  0.007146	  0.041536	
  0.000355	  0.098817	  0.900784	  0.000045	
  0.000358	  0.000031	  0.954841	  0.044770	
  0.380494	  0.059233	  0.455534	  0.104739	
  0.518004	  0.081449	  0.035516	  0.365031	

URL http://cisbp.ccbr.utoronto.ca/TFreport.php?searchTF=T069831_1.02

MOTIF M0577_1.02 (VDAG_06431)_(Neurospora_crassa)_(DBD_0.75)

letter-probability matrix: alength= 4 w= 8 nsites= 1 E= 0
  0.077454	  0.230828	  0.000767	  0.690951	
  0.166851	  0.000554	  0.832040	  0.000554	
  0.000525	  0.000525	  0.000525	  0.998424	
  0.000525	  0.998424	  0.000525	  0.000525	
  0.998424	  0.000525	  0.000525	  0.000525	
  0.000525	  0.998424	  0.000525	  0.000525	
  0.945903	  0.000525	  0.053046	  0.000525	
  0.077454	  0.614264	  0.077454	  0.230828	

URL http://cisbp.ccbr.utoronto.ca/TFreport.php?searchTF=T070861_1.02

MOTIF M0743_1.02 (VDAG_06619)_(Neurospora_crassa)_(DBD_0.81)

letter-probability matrix: alength= 4 w= 12 nsites= 1 E= 0
  0.325852	  0.224716	  0.224716	  0.224716	
  0.224716	  0.224716	  0.224716	  0.325852	
  0.320320	  0.126731	  0.230111	  0.322838	
  0.150068	  0.054508	  0.740916	  0.054508	
  0.110630	  0.000255	  0.000255	  0.888861	
  0.802598	  0.101332	  0.000255	  0.095815	
  0.999235	  0.000255	  0.000255	  0.000255	
  0.898099	  0.000255	  0.000255	  0.101392	
  0.025539	  0.521340	  0.025539	  0.427581	
  0.923383	  0.025539	  0.025539	  0.025539	
  0.438479	  0.218912	  0.123524	  0.219085	
  0.412759	  0.195747	  0.195747	  0.195747	

URL http://cisbp.ccbr.utoronto.ca/TFreport.php?searchTF=T080882_1.02

MOTIF M0744_1.02 (VDAG_05936)_(Neurospora_crassa)_(DBD_0.74)

letter-probability matrix: alength= 4 w= 8 nsites= 1 E= 0
  0.570513	  0.071937	  0.356838	  0.000712	
  0.059272	  0.000587	  0.000587	  0.939554	
  0.939554	  0.059272	  0.000587	  0.000587	
  0.998239	  0.000587	  0.000587	  0.000587	
  0.998239	  0.000587	  0.000587	  0.000587	
  0.000587	  0.880869	  0.000587	  0.117958	
  0.998239	  0.000587	  0.000587	  0.000587	
  0.499004	  0.200199	  0.000996	  0.299801	

URL http://cisbp.ccbr.utoronto.ca/TFreport.php?searchTF=T080880_1.02

MOTIF M0745_1.02 (VDAG_06269)_(Neurospora_crassa)_(DBD_0.42)

letter-probability matrix: alength= 4 w= 10 nsites= 1 E= 0
  0.227337	  0.227337	  0.227337	  0.317989	
  0.358861	  0.170204	  0.298544	  0.172391	
  0.484493	  0.000117	  0.515274	  0.000117	
  0.000117	  0.999650	  0.000117	  0.000117	
  0.999650	  0.000117	  0.000117	  0.000117	
  0.999650	  0.000117	  0.000117	  0.000117	
  0.999650	  0.000117	  0.000117	  0.000117	
  0.000117	  0.999650	  0.000117	  0.000117	
  0.931661	  0.022780	  0.022780	  0.022780	
  0.168823	  0.298703	  0.256580	  0.275894	

URL http://cisbp.ccbr.utoronto.ca/TFreport.php?searchTF=T080881_1.02

MOTIF M0791_1.02 (VDAG_06866)_(Neurospora_crassa)_(DBD_1.00)

letter-probability matrix: alength= 4 w= 9 nsites= 1 E= 0
  0.238290	  0.282447	  0.248015	  0.231248	
  0.249185	  0.272652	  0.259355	  0.218808	
  0.236587	  0.439798	  0.109543	  0.214073	
  0.059758	  0.068055	  0.757717	  0.114470	
  0.902683	  0.000129	  0.000123	  0.097064	
  0.048477	  0.051992	  0.000705	  0.898826	
  0.141843	  0.359503	  0.271706	  0.226948	
  0.208434	  0.289925	  0.254582	  0.247058	
  0.248381	  0.255945	  0.266390	  0.229284	

URL http://cisbp.ccbr.utoronto.ca/TFreport.php?searchTF=T084203_1.02

MOTIF M0792_1.02 (VDAG_01803)_(Neurospora_crassa)_(DBD_0.97)

letter-probability matrix: alength= 4 w= 8 nsites= 1 E= 0
  0.246114	  0.263959	  0.251086	  0.238840	
  0.289615	  0.264688	  0.175661	  0.270036	
  0.101067	  0.108395	  0.696303	  0.094234	
  0.794489	  0.034733	  0.044598	  0.126179	
  0.025614	  0.062373	  0.046671	  0.865343	
  0.449630	  0.160521	  0.097361	  0.292488	
  0.295846	  0.232721	  0.265029	  0.206405	
  0.224078	  0.276441	  0.282025	  0.217456	

URL http://cisbp.ccbr.utoronto.ca/TFreport.php?searchTF=T084200_1.02

MOTIF M0823_1.02 (VDAG_03007)_(Fusarium_graminearum)_(DBD_0.84)

letter-probability matrix: alength= 4 w= 8 nsites= 1 E= 0
  0.548003	  0.096972	  0.064755	  0.290271	
  0.000244	  0.048977	  0.048977	  0.901803	
  0.146442	  0.048977	  0.000244	  0.804337	
  0.950536	  0.000244	  0.000244	  0.048977	
  0.999269	  0.000244	  0.000244	  0.000244	
  0.170809	  0.000244	  0.024610	  0.804337	
  0.026551	  0.000263	  0.000263	  0.972923	
  0.585744	  0.000344	  0.344697	  0.069215	

URL http://cisbp.ccbr.utoronto.ca/TFreport.php?searchTF=T089615_1.02

MOTIF M0828_1.02 (VDAG_00465)_(Fusarium_graminearum)_(DBD_0.91)

letter-probability matrix: alength= 4 w= 10 nsites= 1 E= 0
  0.270983	  0.228619	  0.255202	  0.245196	
  0.216975	  0.340285	  0.223583	  0.219156	
  0.365503	  0.167549	  0.219483	  0.247466	
  0.185416	  0.183571	  0.095833	  0.535180	
  0.195033	  0.020972	  0.701464	  0.082531	
  0.127597	  0.214621	  0.000001	  0.657782	
  0.257506	  0.459915	  0.121637	  0.160942	
  0.447523	  0.162997	  0.235976	  0.153504	
  0.372269	  0.155963	  0.151353	  0.320415	
  0.277862	  0.241561	  0.182568	  0.298009	

URL http://cisbp.ccbr.utoronto.ca/TFreport.php?searchTF=T089612_1.02

MOTIF M1114_1.02 (VDAG_05070)_(Neurospora_crassa)_(DBD_0.93)

letter-probability matrix: alength= 4 w= 8 nsites= 1 E= 0
  0.209810	  0.248689	  0.243765	  0.297735	
  0.169404	  0.268348	  0.296570	  0.265678	
  0.128561	  0.266774	  0.173539	  0.431126	
  0.418284	  0.236550	  0.131126	  0.214040	
  0.620568	  0.129106	  0.226022	  0.024304	
  0.203970	  0.136725	  0.099283	  0.560021	
  0.279320	  0.235653	  0.176330	  0.308697	
  0.292088	  0.158706	  0.150966	  0.398240	

URL http://cisbp.ccbr.utoronto.ca/TFreport.php?searchTF=T089619_1.02

MOTIF M1115_1.02 (VDAG_08514)_(Neurospora_crassa)_(DBD_0.90)

letter-probability matrix: alength= 4 w= 8 nsites= 1 E= 0
  0.059048	  0.059048	  0.176557	  0.705347	
  0.061378	  0.142945	  0.000204	  0.795473	
  0.881857	  0.019788	  0.000196	  0.098158	
  0.941776	  0.038624	  0.000192	  0.019408	
  0.019408	  0.000192	  0.000192	  0.980208	
  0.699640	  0.040168	  0.000200	  0.259992	
  0.087098	  0.021937	  0.000217	  0.890747	
  0.884989	  0.057363	  0.057363	  0.000285	

URL http://cisbp.ccbr.utoronto.ca/TFreport.php?searchTF=T089622_1.02

MOTIF M1250_1.02 (VDAG_07024)_(Neurospora_crassa)_(DBD_0.94)

letter-probability matrix: alength= 4 w= 10 nsites= 1 E= 0
  0.283600	  0.227595	  0.232192	  0.256612	
  0.230392	  0.212679	  0.304839	  0.252089	
  0.293438	  0.240247	  0.235489	  0.230826	
  0.116548	  0.031134	  0.065255	  0.787062	
  0.076460	  0.000184	  0.028411	  0.894946	
  0.057969	  0.862560	  0.029076	  0.050396	
  0.020561	  0.408869	  0.193136	  0.377434	
  0.547873	  0.105219	  0.207689	  0.139218	
  0.169023	  0.290044	  0.145479	  0.395454	
  0.259381	  0.227762	  0.298359	  0.214498	

URL http://cisbp.ccbr.utoronto.ca/TFreport.php?searchTF=T105680_1.02

MOTIF M1297_1.02 (VDAG_01770)_(Dictyostelium_discoideum)_(DBD_0.88)

letter-probability matrix: alength= 4 w= 10 nsites= 1 E= 0
  0.233777	  0.598464	  0.083460	  0.084299	
  0.030948	  0.562453	  0.044359	  0.362240	
  0.506429	  0.042836	  0.155615	  0.295120	
  0.524310	  0.062308	  0.043907	  0.369475	
  0.657133	  0.044163	  0.042009	  0.256695	
  0.290800	  0.112464	  0.066862	  0.529873	
  0.281986	  0.340992	  0.131875	  0.245147	
  0.228299	  0.247314	  0.296088	  0.228299	
  0.301159	  0.033037	  0.594451	  0.071353	
  0.207356	  0.056511	  0.520315	  0.215818	

URL http://cisbp.ccbr.utoronto.ca/TFreport.php?searchTF=T111024_1.02

MOTIF M1367_1.02 (VDAG_06776)_(Neurospora_crassa)_(DBD_0.89)

letter-probability matrix: alength= 4 w= 10 nsites= 1 E= 0
  0.301236	  0.210165	  0.218742	  0.269857	
  0.276538	  0.228686	  0.268365	  0.226410	
  0.203728	  0.266877	  0.248834	  0.280560	
  0.281877	  0.242614	  0.270824	  0.204685	
  0.137148	  0.101602	  0.633374	  0.127876	
  0.227355	  0.051240	  0.003375	  0.718030	
  0.161004	  0.050980	  0.101639	  0.686377	
  0.170377	  0.482032	  0.139493	  0.208098	
  0.261423	  0.180574	  0.356431	  0.201571	
  0.216521	  0.275252	  0.172033	  0.336194	

URL http://cisbp.ccbr.utoronto.ca/TFreport.php?searchTF=T116359_1.02

MOTIF M1706_1.02 (VDAG_09694)_(Fusarium_graminearum)_(DBD_0.98)

letter-probability matrix: alength= 4 w= 10 nsites= 1 E= 0
  0.308556	  0.185287	  0.154764	  0.351393	
  0.296736	  0.166142	  0.222037	  0.315085	
  0.348515	  0.136140	  0.148961	  0.366384	
  0.232505	  0.212494	  0.364641	  0.190359	
  0.044296	  0.916800	  0.033145	  0.005760	
  0.000048	  0.936738	  0.062954	  0.000260	
  0.000070	  0.000015	  0.999762	  0.000154	
  0.424080	  0.214846	  0.188655	  0.172418	
  0.258288	  0.211468	  0.312335	  0.217909	
  0.261616	  0.256436	  0.259013	  0.222935	

URL http://cisbp.ccbr.utoronto.ca/TFreport.php?searchTF=T159679_1.02

MOTIF M1707_1.02 (VDAG_00301)_(Fusarium_graminearum)_(DBD_0.97)

letter-probability matrix: alength= 4 w= 10 nsites= 1 E= 0
  0.192549	  0.235180	  0.235180	  0.337091	
  0.277270	  0.205407	  0.164843	  0.352480	
  0.179663	  0.299191	  0.244957	  0.276188	
  0.299683	  0.198885	  0.222010	  0.279422	
  0.108949	  0.200513	  0.226077	  0.464461	
  0.033757	  0.952597	  0.009386	  0.004260	
  0.000026	  0.841233	  0.158360	  0.000381	
  0.007102	  0.000121	  0.982798	  0.009978	
  0.286327	  0.133906	  0.367651	  0.212116	
  0.387804	  0.162471	  0.247274	  0.202451	

URL http://cisbp.ccbr.utoronto.ca/TFreport.php?searchTF=T159517_1.02

MOTIF M1711_1.02 (VDAG_08521)_(Aspergillus_nidulans)_(DBD_0.88)

letter-probability matrix: alength= 4 w= 9 nsites= 1 E= 0
  0.261177	  0.236323	  0.263802	  0.238698	
  0.189377	  0.215668	  0.263418	  0.331537	
  0.364783	  0.095517	  0.080584	  0.459116	
  0.082747	  0.173433	  0.132395	  0.611424	
  0.016944	  0.972542	  0.000134	  0.010380	
  0.000127	  0.981032	  0.018702	  0.000139	
  0.002022	  0.000514	  0.996408	  0.001056	
  0.350011	  0.099282	  0.364295	  0.186413	
  0.242322	  0.194468	  0.330388	  0.232821	

URL http://cisbp.ccbr.utoronto.ca/TFreport.php?searchTF=T159661_1.02

MOTIF M1712_1.02 (VDAG_01318)_(Aspergillus_nidulans)_(DBD_0.76)

letter-probability matrix: alength= 4 w= 10 nsites= 1 E= 0
  0.284823	  0.260309	  0.204766	  0.250102	
  0.251404	  0.203784	  0.225216	  0.319597	
  0.186785	  0.221397	  0.200328	  0.391489	
  0.418903	  0.085425	  0.142258	  0.353414	
  0.275129	  0.225257	  0.336044	  0.163570	
  0.012550	  0.943597	  0.043803	  0.000050	
  0.000247	  0.982741	  0.016951	  0.000061	
  0.055640	  0.034775	  0.861695	  0.047890	
  0.426040	  0.183926	  0.226906	  0.163128	
  0.229449	  0.207614	  0.363464	  0.199473	

URL http://cisbp.ccbr.utoronto.ca/TFreport.php?searchTF=T159528_1.02

MOTIF M1715_1.02 (VDAG_03724)_(Neurospora_crassa)_(DBD_0.92)

letter-probability matrix: alength= 4 w= 9 nsites= 1 E= 0
  0.232123	  0.244024	  0.251455	  0.272398	
  0.240702	  0.224429	  0.260750	  0.274119	
  0.296875	  0.132067	  0.158113	  0.412944	
  0.126994	  0.213607	  0.359293	  0.300107	
  0.006839	  0.955939	  0.036332	  0.000889	
  0.000703	  0.932905	  0.065911	  0.000481	
  0.060896	  0.001521	  0.906110	  0.031474	
  0.310414	  0.177311	  0.275312	  0.236963	
  0.237898	  0.221815	  0.287678	  0.252609	

URL http://cisbp.ccbr.utoronto.ca/TFreport.php?searchTF=T159565_1.02

MOTIF M1720_1.02 (VDAG_08332)_(Neurospora_crassa)_(DBD_0.90)

letter-probability matrix: alength= 4 w= 7 nsites= 1 E= 0
  0.203955	  0.184546	  0.423224	  0.188275	
  0.000292	  0.992488	  0.000533	  0.006687	
  0.090292	  0.000060	  0.909640	  0.000009	
  0.131709	  0.572835	  0.217152	  0.078304	
  0.243083	  0.240664	  0.255546	  0.260708	
  0.296444	  0.204764	  0.219611	  0.279181	
  0.290956	  0.217712	  0.235845	  0.255487	

URL http://cisbp.ccbr.utoronto.ca/TFreport.php?searchTF=T159658_1.02

MOTIF M1721_1.02 (VDAG_08406)_(Neurospora_crassa)_(DBD_0.90)

letter-probability matrix: alength= 4 w= 10 nsites= 1 E= 0
  0.471842	  0.188038	  0.186167	  0.153953	
  0.513380	  0.098595	  0.133089	  0.254937	
  0.284168	  0.230342	  0.225781	  0.259710	
  0.147861	  0.011897	  0.006211	  0.834032	
  0.274820	  0.122256	  0.564599	  0.038326	
  0.004606	  0.989604	  0.000165	  0.005625	
  0.000176	  0.993184	  0.005876	  0.000764	
  0.016142	  0.008260	  0.964336	  0.011262	
  0.362695	  0.124407	  0.341573	  0.171325	
  0.272857	  0.210387	  0.295582	  0.221174	

URL http://cisbp.ccbr.utoronto.ca/TFreport.php?searchTF=T159659_1.02

MOTIF M1726_1.02 (VDAG_09925)_(Neurospora_crassa)_(DBD_0.88)

letter-probability matrix: alength= 4 w= 10 nsites= 1 E= 0
  0.219060	  0.219060	  0.219060	  0.342819	
  0.043666	  0.148034	  0.043666	  0.764634	
  0.340157	  0.000122	  0.189712	  0.470010	
  0.592947	  0.189712	  0.217220	  0.000122	
  0.000122	  0.312616	  0.687140	  0.000122	
  0.000122	  0.999634	  0.000122	  0.000122	
  0.000122	  0.092567	  0.907189	  0.000122	
  0.000122	  0.907189	  0.092567	  0.000122	
  0.031062	  0.123507	  0.814370	  0.031062	
  0.206456	  0.291677	  0.295411	  0.206456	

URL http://cisbp.ccbr.utoronto.ca/TFreport.php?searchTF=T159680_1.02

MOTIF M1730_1.02 (VDAG_08832)_(Neurospora_crassa)_(DBD_0.82)

letter-probability matrix: alength= 4 w= 10 nsites= 1 E= 0
  0.257162	  0.210546	  0.188614	  0.343678	
  0.266932	  0.214218	  0.186232	  0.332618	
  0.279339	  0.211120	  0.200824	  0.308717	
  0.229727	  0.283410	  0.197728	  0.289135	
  0.199745	  0.272338	  0.160299	  0.367618	
  0.239888	  0.459516	  0.139794	  0.160802	
  0.127531	  0.588962	  0.060241	  0.223265	
  0.247156	  0.004759	  0.566808	  0.181276	
  0.365025	  0.196363	  0.196363	  0.242249	
  0.223324	  0.244355	  0.227835	  0.304485	

URL http://cisbp.ccbr.utoronto.ca/TFreport.php?searchTF=T159664_1.02

MOTIF M1735_1.02 (VDAG_01581)_(Neurospora_crassa)_(DBD_0.98)

letter-probability matrix: alength= 4 w= 10 nsites= 1 E= 0
  0.274890	  0.238978	  0.205690	  0.280443	
  0.281944	  0.226265	  0.226265	  0.265525	
  0.265719	  0.215387	  0.213244	  0.305649	
  0.266965	  0.168531	  0.106391	  0.458114	
  0.095408	  0.419122	  0.090755	  0.394715	
  0.107235	  0.716960	  0.074815	  0.100990	
  0.000913	  0.942656	  0.056188	  0.000244	
  0.004346	  0.000048	  0.952688	  0.042918	
  0.476776	  0.152482	  0.190004	  0.180738	
  0.263307	  0.215577	  0.235879	  0.285237	

URL http://cisbp.ccbr.utoronto.ca/TFreport.php?searchTF=T159532_1.02

MOTIF M1736_1.02 (VDAG_01478)_(Neurospora_crassa)_(DBD_0.75)

letter-probability matrix: alength= 4 w= 7 nsites= 1 E= 0
  0.407129	  0.131516	  0.182935	  0.278420	
  0.276101	  0.185076	  0.308205	  0.230619	
  0.142455	  0.403037	  0.407088	  0.047419	
  0.001881	  0.917486	  0.000665	  0.079969	
  0.062893	  0.000330	  0.935834	  0.000943	
  0.170292	  0.711601	  0.018869	  0.099238	
  0.123411	  0.261261	  0.405662	  0.209667	

URL http://cisbp.ccbr.utoronto.ca/TFreport.php?searchTF=T159531_1.02

MOTIF M1739_1.02 (VDAG_07458)_(Neurospora_crassa)_(DBD_0.77)

letter-probability matrix: alength= 4 w= 10 nsites= 1 E= 0
  0.293526	  0.217449	  0.171052	  0.317973	
  0.258696	  0.203497	  0.195518	  0.342288	
  0.271733	  0.203328	  0.269030	  0.255909	
  0.236940	  0.239321	  0.173783	  0.349956	
  0.104794	  0.224079	  0.187167	  0.483959	
  0.001467	  0.937224	  0.036705	  0.024604	
  0.009956	  0.835627	  0.154190	  0.000227	
  0.045987	  0.014708	  0.887455	  0.051850	
  0.332075	  0.153755	  0.280160	  0.234009	
  0.245247	  0.228667	  0.260413	  0.265673	

URL http://cisbp.ccbr.utoronto.ca/TFreport.php?searchTF=T159634_1.02

MOTIF M1742_1.02 (VDAG_08992)_(Neurospora_crassa)_(DBD_0.85)

letter-probability matrix: alength= 4 w= 9 nsites= 1 E= 0
  0.231793	  0.248599	  0.224942	  0.294666	
  0.053192	  0.187526	  0.155076	  0.604206	
  0.611409	  0.012500	  0.016212	  0.359878	
  0.580877	  0.133559	  0.215840	  0.069724	
  0.078072	  0.329516	  0.571135	  0.021277	
  0.006820	  0.992178	  0.000002	  0.001000	
  0.004370	  0.000385	  0.977344	  0.017901	
  0.789651	  0.055235	  0.111229	  0.043886	
  0.271328	  0.158116	  0.438486	  0.132070	

URL http://cisbp.ccbr.utoronto.ca/TFreport.php?searchTF=T159666_1.02

MOTIF M1743_1.02 (VDAG_08009)_(Neurospora_crassa)_(DBD_0.86)

letter-probability matrix: alength= 4 w= 8 nsites= 1 E= 0
  0.120208	  0.040335	  0.000399	  0.839058	
  0.856450	  0.028824	  0.085902	  0.028824	
  0.052839	  0.105415	  0.105415	  0.736330	
  0.125125	  0.200050	  0.200050	  0.474775	
  0.025225	  0.674575	  0.075175	  0.225025	
  0.000250	  0.999251	  0.000250	  0.000250	
  0.000250	  0.874376	  0.125125	  0.000250	
  0.057363	  0.000285	  0.942066	  0.000285	

URL http://cisbp.ccbr.utoronto.ca/TFreport.php?searchTF=T159652_1.02

MOTIF M1744_1.02 (VDAG_07704)_(Neurospora_crassa)_(DBD_0.75)

letter-probability matrix: alength= 4 w= 13 nsites= 1 E= 0
  0.228257	  0.228257	  0.228257	  0.315230	
  0.426497	  0.161172	  0.161172	  0.251159	
  0.146808	  0.139588	  0.236154	  0.477449	
  0.027282	  0.285745	  0.117269	  0.569703	
  0.027282	  0.828166	  0.117269	  0.027282	
  0.000160	  0.999521	  0.000160	  0.000160	
  0.000160	  0.090147	  0.909534	  0.000160	
  0.000160	  0.000160	  0.999521	  0.000160	
  0.675829	  0.021903	  0.280366	  0.021903	
  0.343386	  0.183666	  0.088988	  0.383960	
  0.200559	  0.398324	  0.200559	  0.200559	
  0.222877	  0.331368	  0.222877	  0.222877	
  0.222877	  0.222877	  0.331368	  0.222877	

URL http://cisbp.ccbr.utoronto.ca/TFreport.php?searchTF=T159639_1.02

MOTIF M1745_1.02 (VDAG_07426)_(Neurospora_crassa)_(DBD_0.91)

letter-probability matrix: alength= 4 w= 11 nsites= 1 E= 0
  0.267306	  0.384250	  0.174222	  0.174222	
  0.470233	  0.075473	  0.378822	  0.075473	
  0.023740	  0.023740	  0.023740	  0.928780	
  0.000136	  0.000136	  0.000136	  0.999593	
  0.000136	  0.999593	  0.000136	  0.000136	
  0.000136	  0.999593	  0.000136	  0.000136	
  0.000136	  0.000136	  0.999593	  0.000136	
  0.000136	  0.999593	  0.000136	  0.000136	
  0.258305	  0.075913	  0.589868	  0.075913	
  0.174663	  0.274628	  0.376046	  0.174663	
  0.320812	  0.226396	  0.226396	  0.226396	

URL http://cisbp.ccbr.utoronto.ca/TFreport.php?searchTF=T159633_1.02

MOTIF M1747_1.02 (VDAG_05809)_(Neurospora_crassa)_(DBD_0.97)

letter-probability matrix: alength= 4 w= 11 nsites= 1 E= 0
  0.638147	  0.120618	  0.120618	  0.120618	
  0.653853	  0.047071	  0.047071	  0.252005	
  0.141783	  0.558929	  0.138039	  0.161249	
  0.000193	  0.000193	  0.000193	  0.999421	
  0.100582	  0.000193	  0.899032	  0.000193	
  0.000193	  0.999421	  0.000193	  0.000193	
  0.000193	  0.999421	  0.000193	  0.000193	
  0.000193	  0.000193	  0.999421	  0.000193	
  0.328086	  0.129575	  0.412763	  0.129575	
  0.296955	  0.296800	  0.203122	  0.203122	
  0.203122	  0.203122	  0.296800	  0.296955	

URL http://cisbp.ccbr.utoronto.ca/TFreport.php?searchTF=T159607_1.02

MOTIF M1752_1.02 (VDAG_07729)_(Neurospora_crassa)_(DBD_0.93)

letter-probability matrix: alength= 4 w= 10 nsites= 1 E= 0
  0.302482	  0.226183	  0.217606	  0.253729	
  0.234598	  0.218779	  0.142865	  0.403758	
  0.284671	  0.186005	  0.267808	  0.261516	
  0.140444	  0.458502	  0.099232	  0.301821	
  0.071558	  0.653334	  0.152056	  0.123053	
  0.123053	  0.152056	  0.653334	  0.071558	
  0.301821	  0.099232	  0.458502	  0.140444	
  0.261516	  0.267808	  0.186005	  0.284671	
  0.403758	  0.142865	  0.218779	  0.234598	
  0.253729	  0.217606	  0.226183	  0.302482	

URL http://cisbp.ccbr.utoronto.ca/TFreport.php?searchTF=T159640_1.02

MOTIF M1754_1.02 (VDAG_08004)_(Neurospora_crassa)_(DBD_0.97)

letter-probability matrix: alength= 4 w= 9 nsites= 1 E= 0
  0.302925	  0.226668	  0.199036	  0.271371	
  0.286863	  0.214649	  0.141035	  0.357453	
  0.277806	  0.146485	  0.157106	  0.418603	
  0.126365	  0.251936	  0.143908	  0.477791	
  0.567564	  0.002463	  0.109001	  0.320972	
  0.227816	  0.234754	  0.264685	  0.272745	
  0.162122	  0.512012	  0.146694	  0.179172	
  0.179260	  0.554928	  0.127592	  0.138219	
  0.229591	  0.133794	  0.422546	  0.214069	

URL http://cisbp.ccbr.utoronto.ca/TFreport.php?searchTF=T159650_1.02

MOTIF M1756_1.02 (VDAG_03199)_(Neurospora_crassa)_(DBD_0.79)

letter-probability matrix: alength= 4 w= 8 nsites= 1 E= 0
  0.238130	  0.252855	  0.268491	  0.240523	
  0.137080	  0.497983	  0.174263	  0.190674	
  0.068291	  0.279718	  0.099861	  0.552129	
  0.000379	  0.991556	  0.000066	  0.007999	
  0.000014	  0.992372	  0.000000	  0.007615	
  0.005407	  0.005917	  0.960800	  0.027876	
  0.325319	  0.238604	  0.261074	  0.175003	
  0.214954	  0.281582	  0.204470	  0.298994	

URL http://cisbp.ccbr.utoronto.ca/TFreport.php?searchTF=T159553_1.02

MOTIF M1759_1.02 (VDAG_00432)_(Neurospora_crassa)_(DBD_1.00)

letter-probability matrix: alength= 4 w= 13 nsites= 1 E= 0
  0.227321	  0.227321	  0.227321	  0.318038	
  0.366969	  0.184084	  0.184084	  0.264864	
  0.170934	  0.137418	  0.056638	  0.635010	
  0.033009	  0.135029	  0.113790	  0.718172	
  0.033009	  0.820193	  0.113790	  0.033009	
  0.000132	  0.999605	  0.000132	  0.000132	
  0.000132	  0.080912	  0.918824	  0.000132	
  0.082750	  0.000132	  0.916987	  0.000132	
  0.654761	  0.105429	  0.124831	  0.114978	
  0.278049	  0.066048	  0.148666	  0.507237	
  0.193494	  0.419518	  0.193494	  0.193494	
  0.217123	  0.348632	  0.217123	  0.217123	
  0.217123	  0.217123	  0.348632	  0.217123	

URL http://cisbp.ccbr.utoronto.ca/TFreport.php?searchTF=T159519_1.02

MOTIF M1761_1.02 (VDAG_10186)_(Neurospora_crassa)_(DBD_0.79)

letter-probability matrix: alength= 4 w= 9 nsites= 1 E= 0
  0.292845	  0.198273	  0.143975	  0.364907	
  0.055039	  0.102313	  0.071381	  0.771267	
  0.705525	  0.008406	  0.046476	  0.239593	
  0.243123	  0.209258	  0.475120	  0.072499	
  0.043224	  0.739809	  0.193716	  0.023252	
  0.000616	  0.968673	  0.007000	  0.023711	
  0.000201	  0.000356	  0.998705	  0.000738	
  0.624525	  0.087094	  0.239126	  0.049254	
  0.212387	  0.160519	  0.477427	  0.149667	

URL http://cisbp.ccbr.utoronto.ca/TFreport.php?searchTF=T159685_1.02

MOTIF M1763_1.02 (VDAG_06702)_(Neurospora_crassa)_(DBD_0.85)

letter-probability matrix: alength= 4 w= 12 nsites= 1 E= 0
  0.222983	  0.222983	  0.222983	  0.331052	
  0.281424	  0.217348	  0.109279	  0.391948	
  0.057945	  0.242477	  0.166014	  0.533565	
  0.454492	  0.294598	  0.225624	  0.025286	
  0.000101	  0.999696	  0.000101	  0.000101	
  0.000101	  0.999696	  0.000101	  0.000101	
  0.000101	  0.000101	  0.999696	  0.000101	
  0.999696	  0.000101	  0.000101	  0.000101	
  0.111725	  0.027119	  0.834038	  0.027119	
  0.140822	  0.577533	  0.140822	  0.140822	
  0.322791	  0.192157	  0.292896	  0.192157	
  0.224815	  0.325554	  0.224815	  0.224815	

URL http://cisbp.ccbr.utoronto.ca/TFreport.php?searchTF=T159619_1.02

MOTIF M1764_1.02 (VDAG_08115)_(Neurospora_crassa)_(DBD_0.97)

letter-probability matrix: alength= 4 w= 8 nsites= 1 E= 0
  0.154206	  0.394764	  0.175614	  0.275417	
  0.119430	  0.287935	  0.215451	  0.377184	
  0.005379	  0.984896	  0.009417	  0.000308	
  0.000065	  0.999887	  0.000032	  0.000016	
  0.000068	  0.000015	  0.999901	  0.000016	
  0.311498	  0.111207	  0.376679	  0.200616	
  0.299938	  0.178319	  0.253047	  0.268695	
  0.254085	  0.264454	  0.229905	  0.251556	

URL http://cisbp.ccbr.utoronto.ca/TFreport.php?searchTF=T159653_1.02

MOTIF M4208_1.02 (VDAG_00939)_(Saccharomyces_cerevisiae)_(DBD_0.75)

letter-probability matrix: alength= 4 w= 21 nsites= 1 E= 0
  0.261529	  0.229270	  0.172952	  0.336249	
  0.168474	  0.201074	  0.381034	  0.249418	
  0.097684	  0.455860	  0.290116	  0.156340	
  0.269202	  0.101553	  0.104155	  0.525089	
  0.279409	  0.271500	  0.275034	  0.174056	
  0.393314	  0.146775	  0.262911	  0.196999	
  0.130193	  0.147261	  0.085376	  0.637170	
  0.402545	  0.060597	  0.041016	  0.495841	
  0.097427	  0.234068	  0.033912	  0.634593	
  0.750868	  0.125165	  0.046003	  0.077965	
  0.865617	  0.018378	  0.018798	  0.097207	
  0.097207	  0.018798	  0.018378	  0.865617	
  0.077965	  0.046003	  0.125165	  0.750868	
  0.634593	  0.033912	  0.234068	  0.097427	
  0.350237	  0.112232	  0.128639	  0.408892	
  0.637170	  0.085376	  0.147261	  0.130193	
  0.149412	  0.047445	  0.623403	  0.179740	
  0.201987	  0.158587	  0.554009	  0.085417	
  0.196195	  0.137159	  0.097629	  0.569017	
  0.356039	  0.265821	  0.188299	  0.189841	
  0.409458	  0.235182	  0.244325	  0.111035	

URL http://cisbp.ccbr.utoronto.ca/TFreport.php?searchTF=T111023_1.02

MOTIF M4265_1.02 (VDAG_04227)_(Saccharomyces_cerevisiae)_(DBD_0.72)

letter-probability matrix: alength= 4 w= 9 nsites= 1 E= 0
  0.336788	  0.051813	  0.290155	  0.321244	
  0.751296	  0.036269	  0.000000	  0.212435	
  0.316062	  0.082902	  0.000000	  0.601036	
  1.000000	  0.000000	  0.000000	  0.000000	
  0.000000	  0.000000	  1.000000	  0.000000	
