MEME version 4

ALPHABET= ACGT

strands: + -

Background letter frequencies (from uniform background):
A 0.25000 C 0.25000 G 0.25000 T 0.25000 

MOTIF M0004_1.02 (GSVIVG00021098001)_(Cannabis_sativa)_(DBD_0.94)

letter-probability matrix: alength= 4 w= 8 nsites= 1 E= 0
  0.150033	  0.716511	  0.075058	  0.058397	
  0.025535	  0.012799	  0.948867	  0.012799	
  0.018926	  0.874057	  0.106954	  0.000063	
  0.018926	  0.974660	  0.006351	  0.000063	
  0.000063	  0.006351	  0.993524	  0.000063	
  0.058873	  0.627352	  0.137284	  0.176490	
  0.157922	  0.774278	  0.007592	  0.060207	
  0.488783	  0.066748	  0.299978	  0.144491	

URL http://cisbp.ccbr.utoronto.ca/TFreport.php?searchTF=T001169_1.02

MOTIF M0005_1.02 (GSVIVG00036201001)_(Arabidopsis_thaliana)_(DBD_0.89)

letter-probability matrix: alength= 4 w= 8 nsites= 1 E= 0
  0.346006	  0.461214	  0.192396	  0.000384	
  0.000250	  0.000250	  0.999251	  0.000250	
  0.000244	  0.999269	  0.000244	  0.000244	
  0.122076	  0.877437	  0.000244	  0.000244	
  0.024610	  0.000244	  0.974903	  0.000244	
  0.000244	  0.950536	  0.048977	  0.000244	
  0.000244	  0.999269	  0.000244	  0.000244	
  0.241391	  0.103650	  0.482438	  0.172521	

URL http://cisbp.ccbr.utoronto.ca/TFreport.php?searchTF=T001207_1.02

MOTIF M0006_1.02 (GSVIVG00017315001)_(Arabidopsis_thaliana)_(DBD_0.96)

letter-probability matrix: alength= 4 w= 10 nsites= 1 E= 0
  0.248762	  0.390137	  0.266799	  0.094302	
  0.136992	  0.720483	  0.132943	  0.009582	
  0.384131	  0.000678	  0.614608	  0.000583	
  0.001029	  0.795182	  0.186526	  0.017263	
  0.001119	  0.955576	  0.000685	  0.042620	
  0.201865	  0.009185	  0.711658	  0.077293	
  0.164166	  0.679174	  0.079113	  0.077547	
  0.348470	  0.351972	  0.155019	  0.144539	
  0.253096	  0.163003	  0.425715	  0.158186	
  0.184070	  0.238726	  0.171626	  0.405579	

URL http://cisbp.ccbr.utoronto.ca/TFreport.php?searchTF=T001153_1.02

MOTIF M0010_1.02 (GSVIVG00034563001)_(Arabidopsis_thaliana)_(DBD_0.88)

letter-probability matrix: alength= 4 w= 8 nsites= 1 E= 0
  0.184463	  0.256582	  0.319720	  0.239235	
  0.105899	  0.380880	  0.185394	  0.327827	
  0.045557	  0.000794	  0.952379	  0.001270	
  0.037039	  0.782083	  0.054161	  0.126718	
  0.030180	  0.624644	  0.110740	  0.234436	
  0.136135	  0.093097	  0.701799	  0.068968	
  0.176688	  0.191404	  0.362994	  0.268913	
  0.199360	  0.485467	  0.097039	  0.218134	

URL http://cisbp.ccbr.utoronto.ca/TFreport.php?searchTF=T001202_1.02

MOTIF M0011_1.02 (GSVIVG00030515001)_(Arabidopsis_thaliana)_(DBD_0.90)

letter-probability matrix: alength= 4 w= 8 nsites= 1 E= 0
  0.080136	  0.759592	  0.080136	  0.080136	
  0.014420	  0.000143	  0.985294	  0.000143	
  0.000143	  0.885351	  0.114363	  0.000143	
  0.000143	  0.985294	  0.014420	  0.000143	
  0.014420	  0.000143	  0.985294	  0.000143	
  0.057253	  0.642633	  0.185751	  0.114363	
  0.079473	  0.904346	  0.000159	  0.016022	
  0.581087	  0.023467	  0.279043	  0.116403	

URL http://cisbp.ccbr.utoronto.ca/TFreport.php?searchTF=T001190_1.02

MOTIF M0014_1.02 (GSVIVG00035502001)_(Arabidopsis_thaliana)_(DBD_0.92)

letter-probability matrix: alength= 4 w= 9 nsites= 1 E= 0
  0.169306	  0.404119	  0.161049	  0.265525	
  0.486760	  0.011447	  0.402530	  0.099263	
  0.036159	  0.895997	  0.027881	  0.039962	
  0.027474	  0.937523	  0.001109	  0.033894	
  0.063555	  0.000411	  0.908597	  0.027437	
  0.354761	  0.190842	  0.188943	  0.265455	
  0.075496	  0.807613	  0.045791	  0.071100	
  0.230588	  0.493060	  0.098557	  0.177795	
  0.365499	  0.188909	  0.200590	  0.245002	

URL http://cisbp.ccbr.utoronto.ca/TFreport.php?searchTF=T001204_1.02

MOTIF M0015_1.02 (GSVIVG00009801001)_(Arabidopsis_thaliana)_(DBD_0.94)

letter-probability matrix: alength= 4 w= 9 nsites= 1 E= 0
  0.205690	  0.280443	  0.274890	  0.238978	
  0.219631	  0.420713	  0.181626	  0.178030	
  0.608067	  0.000074	  0.391617	  0.000242	
  0.020599	  0.948846	  0.026716	  0.003839	
  0.032289	  0.911179	  0.019390	  0.037142	
  0.064847	  0.000159	  0.855790	  0.079204	
  0.352874	  0.312971	  0.122255	  0.211899	
  0.215543	  0.381137	  0.150379	  0.252942	
  0.319425	  0.236636	  0.163453	  0.280486	

URL http://cisbp.ccbr.utoronto.ca/TFreport.php?searchTF=T001128_1.02

MOTIF M0016_1.02 (GSVIVG00009007001)_(Arabidopsis_thaliana)_(DBD_0.98)

letter-probability matrix: alength= 4 w= 10 nsites= 1 E= 0
  0.180753	  0.553982	  0.128655	  0.136610	
  0.584029	  0.000181	  0.415695	  0.000095	
  0.000969	  0.933312	  0.065283	  0.000435	
  0.001168	  0.968011	  0.000091	  0.030730	
  0.093485	  0.006806	  0.786663	  0.113047	
  0.496772	  0.241805	  0.080490	  0.180934	
  0.098722	  0.822470	  0.000369	  0.078438	
  0.270589	  0.550376	  0.052489	  0.126546	
  0.468198	  0.141019	  0.160596	  0.230187	
  0.268544	  0.245430	  0.189239	  0.296787	

URL http://cisbp.ccbr.utoronto.ca/TFreport.php?searchTF=T001125_1.02

MOTIF M0018_1.02 (GSVIVG00031747001)_(Arabidopsis_thaliana)_(DBD_0.85)

letter-probability matrix: alength= 4 w= 10 nsites= 1 E= 0
  0.188766	  0.239969	  0.391705	  0.179560	
  0.100217	  0.435867	  0.346311	  0.117606	
  0.222731	  0.605446	  0.117444	  0.054378	
  0.014535	  0.000604	  0.912866	  0.071994	
  0.000191	  0.997296	  0.002004	  0.000509	
  0.042405	  0.950755	  0.003659	  0.003181	
  0.036094	  0.027553	  0.903365	  0.032987	
  0.170746	  0.518106	  0.100502	  0.210646	
  0.235827	  0.660568	  0.036712	  0.066893	
  0.477760	  0.132835	  0.239633	  0.149771	

URL http://cisbp.ccbr.utoronto.ca/TFreport.php?searchTF=T001193_1.02

MOTIF M0019_1.02 (GSVIVG00033793001)_(Arabidopsis_thaliana)_(DBD_0.80)

letter-probability matrix: alength= 4 w= 9 nsites= 1 E= 0
  0.190014	  0.292101	  0.234417	  0.283468	
  0.172680	  0.226205	  0.188942	  0.412172	
  0.306698	  0.037935	  0.575859	  0.079508	
  0.000004	  0.888219	  0.018160	  0.093618	
  0.035784	  0.877863	  0.046409	  0.039944	
  0.040359	  0.036155	  0.895886	  0.027600	
  0.536442	  0.241039	  0.076322	  0.146197	
  0.094254	  0.710520	  0.098101	  0.097125	
  0.420878	  0.156389	  0.221926	  0.200807	

URL http://cisbp.ccbr.utoronto.ca/TFreport.php?searchTF=T001200_1.02

MOTIF M0021_1.02 (GSVIVG00028050001)_(Arabidopsis_thaliana)_(DBD_0.83)

letter-probability matrix: alength= 4 w= 8 nsites= 1 E= 0
  0.253340	  0.238587	  0.213734	  0.294339	
  0.238515	  0.217986	  0.263600	  0.279900	
  0.216235	  0.071978	  0.581939	  0.129848	
  0.114251	  0.501900	  0.244301	  0.139547	
  0.009576	  0.664640	  0.002269	  0.323515	
  0.203540	  0.004463	  0.777326	  0.014671	
  0.148179	  0.326497	  0.281018	  0.244306	
  0.239004	  0.346014	  0.225085	  0.189897	

URL http://cisbp.ccbr.utoronto.ca/TFreport.php?searchTF=T001183_1.02

MOTIF M0022_1.02 (GSVIVG00014291001)_(Arabidopsis_thaliana)_(DBD_0.94)

letter-probability matrix: alength= 4 w= 8 nsites= 1 E= 0
  0.168576	  0.516734	  0.224730	  0.089960	
  0.064801	  0.726482	  0.115147	  0.093570	
  0.023863	  0.017912	  0.952214	  0.006010	
  0.011961	  0.898655	  0.083373	  0.006010	
  0.011961	  0.976018	  0.011961	  0.000060	
  0.006010	  0.006010	  0.987920	  0.000060	
  0.056298	  0.662397	  0.131280	  0.150025	
  0.123116	  0.799831	  0.038527	  0.038527	

URL http://cisbp.ccbr.utoronto.ca/TFreport.php?searchTF=T001146_1.02

MOTIF M0024_1.02 (GSVIVG00028314001)_(Arabidopsis_thaliana)_(DBD_0.87)

letter-probability matrix: alength= 4 w= 8 nsites= 1 E= 0
  0.214652	  0.317037	  0.270161	  0.198149	
  0.248334	  0.355944	  0.222466	  0.173257	
  0.095579	  0.062800	  0.804285	  0.037336	
  0.025640	  0.745566	  0.166358	  0.062436	
  0.150752	  0.769418	  0.010031	  0.069800	
  0.192118	  0.038788	  0.756053	  0.013041	
  0.189788	  0.448499	  0.170018	  0.191695	
  0.124990	  0.677381	  0.099309	  0.098321	

URL http://cisbp.ccbr.utoronto.ca/TFreport.php?searchTF=T001186_1.02

MOTIF M0025_1.02 (GSVIVG00028315001)_(Arabidopsis_thaliana)_(DBD_0.87)

letter-probability matrix: alength= 4 w= 10 nsites= 1 E= 0
  0.176001	  0.377860	  0.270139	  0.176001	
  0.303125	  0.503085	  0.096895	  0.096895	
  0.000149	  0.000149	  0.999553	  0.000149	
  0.000149	  0.999553	  0.000149	  0.000149	
  0.000149	  0.999553	  0.000149	  0.000149	
  0.000149	  0.000149	  0.999553	  0.000149	
  0.000149	  0.999553	  0.000149	  0.000149	
  0.000149	  0.999553	  0.000149	  0.000149	
  0.359358	  0.074148	  0.492346	  0.074148	
  0.153254	  0.255523	  0.240734	  0.350489	

URL http://cisbp.ccbr.utoronto.ca/TFreport.php?searchTF=T001187_1.02

MOTIF M0026_1.02 (GSVIVG00036388001)_(Arabidopsis_thaliana)_(DBD_0.71)

letter-probability matrix: alength= 4 w= 10 nsites= 1 E= 0
  0.250205	  0.235634	  0.273767	  0.240394	
  0.165396	  0.241856	  0.120102	  0.472645	
  0.043200	  0.010977	  0.912179	  0.033644	
  0.114623	  0.085768	  0.140001	  0.659609	
  0.003731	  0.989002	  0.002476	  0.004791	
  0.006158	  0.001661	  0.980147	  0.012034	
  0.019148	  0.008434	  0.965086	  0.007332	
  0.020120	  0.416435	  0.039320	  0.524125	
  0.244346	  0.170475	  0.394882	  0.190297	
  0.261387	  0.224978	  0.316082	  0.197552	

URL http://cisbp.ccbr.utoronto.ca/TFreport.php?searchTF=T001209_1.02

MOTIF M0027_1.02 (GSVIVG00013913001)_(Arabidopsis_thaliana)_(DBD_0.87)

letter-probability matrix: alength= 4 w= 10 nsites= 1 E= 0
  0.290626	  0.352131	  0.178621	  0.178621	
  0.078136	  0.220663	  0.166107	  0.535094	
  0.000094	  0.000094	  0.999717	  0.000094	
  0.000094	  0.999717	  0.000094	  0.000094	
  0.000094	  0.999717	  0.000094	  0.000094	
  0.000094	  0.000094	  0.999717	  0.000094	
  0.000094	  0.088065	  0.911747	  0.000094	
  0.000094	  0.999717	  0.000094	  0.000094	
  0.158671	  0.156081	  0.530319	  0.154929	
  0.171958	  0.277698	  0.256566	  0.293777	

URL http://cisbp.ccbr.utoronto.ca/TFreport.php?searchTF=T001135_1.02

MOTIF M0028_1.02 (GSVIVG00018270001)_(Arabidopsis_thaliana)_(DBD_0.89)

letter-probability matrix: alength= 4 w= 9 nsites= 1 E= 0
  0.216684	  0.323255	  0.262026	  0.198035	
  0.297134	  0.470682	  0.113770	  0.118414	
  0.053650	  0.000097	  0.946225	  0.000029	
  0.057636	  0.832265	  0.047663	  0.062437	
  0.127082	  0.784331	  0.032617	  0.055971	
  0.205930	  0.092530	  0.618648	  0.082892	
  0.241989	  0.346850	  0.132807	  0.278354	
  0.128129	  0.680641	  0.066889	  0.124342	
  0.307220	  0.319757	  0.140831	  0.232192	

URL http://cisbp.ccbr.utoronto.ca/TFreport.php?searchTF=T001158_1.02

MOTIF M0031_1.02 (GSVIVG00019860001)_(Arabidopsis_thaliana)_(DBD_0.85)

letter-probability matrix: alength= 4 w= 10 nsites= 1 E= 0
  0.224885	  0.220841	  0.245693	  0.308582	
  0.511252	  0.138173	  0.167552	  0.183023	
  0.128737	  0.210702	  0.138685	  0.521876	
  0.031903	  0.003021	  0.958031	  0.007044	
  0.027416	  0.011067	  0.002015	  0.959502	
  0.010655	  0.959277	  0.000000	  0.030067	
  0.067918	  0.003708	  0.888378	  0.039997	
  0.090185	  0.000093	  0.893602	  0.016120	
  0.015665	  0.533365	  0.014506	  0.436464	
  0.371160	  0.207897	  0.266626	  0.154317	

URL http://cisbp.ccbr.utoronto.ca/TFreport.php?searchTF=T001165_1.02

MOTIF M0034_1.02 (GSVIVG00002195001)_(Arabidopsis_thaliana)_(DBD_0.88)

letter-probability matrix: alength= 4 w= 8 nsites= 1 E= 0
  0.000767	  0.077454	  0.000767	  0.921012	
  0.000623	  0.000623	  0.998130	  0.000623	
  0.000623	  0.000623	  0.000623	  0.998130	
  0.000623	  0.998130	  0.000623	  0.000623	
  0.000623	  0.000623	  0.998130	  0.000623	
  0.000623	  0.000623	  0.998130	  0.000623	
  0.000623	  0.250000	  0.000623	  0.748753	
  0.200199	  0.100598	  0.598606	  0.100598	

URL http://cisbp.ccbr.utoronto.ca/TFreport.php?searchTF=T001115_1.02

MOTIF M0036_1.02 (GSVIVG00001089001)_(Arabidopsis_thaliana)_(DBD_0.92)

letter-probability matrix: alength= 4 w= 10 nsites= 1 E= 0
  0.178678	  0.349179	  0.274674	  0.197470	
  0.255958	  0.443639	  0.173298	  0.127105	
  0.074895	  0.028677	  0.885447	  0.010980	
  0.036587	  0.764852	  0.143981	  0.054581	
  0.103240	  0.801957	  0.041974	  0.052829	
  0.112874	  0.082787	  0.747155	  0.057184	
  0.181955	  0.413129	  0.119553	  0.285363	
  0.276532	  0.455924	  0.092975	  0.174570	
  0.387096	  0.208236	  0.192226	  0.212443	
  0.286170	  0.212000	  0.191826	  0.310004	

URL http://cisbp.ccbr.utoronto.ca/TFreport.php?searchTF=T001114_1.02

MOTIF M0039_1.02 (GSVIVG00013935001)_(Arabidopsis_thaliana)_(DBD_0.89)

letter-probability matrix: alength= 4 w= 10 nsites= 1 E= 0
  0.273481	  0.273481	  0.200584	  0.252455	
  0.230650	  0.273390	  0.265310	  0.230650	
  0.278187	  0.368077	  0.188348	  0.165388	
  0.144544	  0.058183	  0.745151	  0.052122	
  0.115569	  0.613920	  0.175891	  0.094620	
  0.185945	  0.668777	  0.071913	  0.073365	
  0.213466	  0.119519	  0.586093	  0.080921	
  0.197200	  0.352207	  0.207311	  0.243282	
  0.166531	  0.604972	  0.105128	  0.123369	
  0.320417	  0.292839	  0.174099	  0.212645	

URL http://cisbp.ccbr.utoronto.ca/TFreport.php?searchTF=T001145_1.02

MOTIF M0042_1.02 (GSVIVG00031387001)_(Oryza_sativa)_(DBD_0.75)

letter-probability matrix: alength= 4 w= 10 nsites= 1 E= 0
  0.314484	  0.228505	  0.228505	  0.228505	
  0.119485	  0.226190	  0.119485	  0.534840	
  0.179575	  0.000197	  0.820032	  0.000197	
  0.000197	  0.999410	  0.000197	  0.000197	
  0.000197	  0.999410	  0.000197	  0.000197	
  0.000197	  0.000197	  0.999410	  0.000197	
  0.884147	  0.000197	  0.115460	  0.000197	
  0.000197	  0.999410	  0.000197	  0.000197	
  0.845250	  0.021692	  0.021692	  0.111367	
  0.130712	  0.218526	  0.220585	  0.430177	

URL http://cisbp.ccbr.utoronto.ca/TFreport.php?searchTF=T001191_1.02

MOTIF M0072_1.02 (GSVIVG00036389001)_(Physcomitrella_patens)_(DBD_0.71)

letter-probability matrix: alength= 4 w= 8 nsites= 1 E= 0
  0.071937	  0.000712	  0.285613	  0.641738	
  0.000499	  0.000499	  0.998503	  0.000499	
  0.050399	  0.000499	  0.000499	  0.948603	
  0.000499	  0.998503	  0.000499	  0.000499	
  0.000499	  0.000499	  0.998503	  0.000499	
  0.000499	  0.000499	  0.998503	  0.000499	
  0.000499	  0.150200	  0.000499	  0.848802	
  0.083887	  0.000831	  0.665282	  0.250000	

URL http://cisbp.ccbr.utoronto.ca/TFreport.php?searchTF=T001210_1.02

MOTIF M0075_1.02 (GSVIVG00022076001)_(Physcomitrella_patens)_(DBD_0.73)

letter-probability matrix: alength= 4 w= 8 nsites= 1 E= 0
  0.071937	  0.071937	  0.285613	  0.570513	
  0.000434	  0.000434	  0.998698	  0.000434	
  0.000434	  0.000434	  0.000434	  0.998698	
  0.000434	  0.998698	  0.000434	  0.000434	
  0.000434	  0.000434	  0.998698	  0.000434	
  0.000434	  0.000434	  0.998698	  0.000434	
  0.000434	  0.217448	  0.000434	  0.781684	
  0.117958	  0.000587	  0.704812	  0.176643	

URL http://cisbp.ccbr.utoronto.ca/TFreport.php?searchTF=T001171_1.02

MOTIF M0078_1.02 (GSVIVG00027463001)_(Arabidopsis_thaliana)_(DBD_0.73)

letter-probability matrix: alength= 4 w= 10 nsites= 1 E= 0
  0.284732	  0.169623	  0.277066	  0.268579	
  0.089372	  0.731883	  0.089372	  0.089372	
  0.913910	  0.000152	  0.000152	  0.085787	
  0.085787	  0.822081	  0.091981	  0.000152	
  0.171527	  0.736340	  0.000152	  0.091981	
  0.091981	  0.000152	  0.000152	  0.907715	
  0.171527	  0.000152	  0.736340	  0.091981	
  0.913804	  0.085893	  0.000152	  0.000152	
  0.473480	  0.175462	  0.080529	  0.270528	
  0.340197	  0.160780	  0.160780	  0.338244	

URL http://cisbp.ccbr.utoronto.ca/TFreport.php?searchTF=T009403_1.02

MOTIF M0120_1.02 (GSVIVG00027617001)_(Brachypodium_distachyon)_(DBD_0.81)

letter-probability matrix: alength= 4 w= 9 nsites= 1 E= 0
  0.272464	  0.249013	  0.236869	  0.241654	
  0.261998	  0.275431	  0.237066	  0.225504	
  0.238381	  0.240777	  0.294086	  0.226755	
  0.286283	  0.225198	  0.256462	  0.232057	
  0.594823	  0.008570	  0.343183	  0.053424	
  0.349996	  0.216572	  0.014410	  0.419022	
  0.394922	  0.092637	  0.162177	  0.350264	
  0.379104	  0.115332	  0.192061	  0.313504	
  0.355375	  0.183676	  0.195034	  0.265914	

URL http://cisbp.ccbr.utoronto.ca/TFreport.php?searchTF=T008734_1.02

MOTIF M0136_1.02 GSVIVG00033765001

letter-probability matrix: alength= 4 w= 10 nsites= 1 E= 0
  0.433147	  0.079924	  0.290347	  0.196582	
  0.089120	  0.487838	  0.149902	  0.273140	
  0.379963	  0.149916	  0.267756	  0.202365	
  0.308475	  0.121710	  0.388246	  0.181570	
  0.315975	  0.088736	  0.349207	  0.246082	
  0.439824	  0.013962	  0.186117	  0.360097	
  0.418576	  0.082011	  0.186207	  0.313205	
  0.400654	  0.094926	  0.189255	  0.315165	
  0.341668	  0.121978	  0.248102	  0.288253	
  0.338234	  0.151978	  0.238349	  0.271439	

URL http://cisbp.ccbr.utoronto.ca/TFreport.php?searchTF=T008735_1.02

MOTIF M0147_1.02 (GSVIVG00035204001)_(Arabidopsis_thaliana)_(DBD_0.92)

letter-probability matrix: alength= 4 w= 9 nsites= 1 E= 0
  0.270286	  0.232638	  0.204278	  0.292798	
  0.224984	  0.258793	  0.106275	  0.409948	
  0.004011	  0.000000	  0.089936	  0.906053	
  0.038180	  0.001408	  0.899931	  0.060480	
  0.000090	  0.012865	  0.000229	  0.986816	
  0.053557	  0.863282	  0.001650	  0.081511	
  0.061072	  0.027441	  0.797958	  0.113529	
  0.121391	  0.138244	  0.651331	  0.089034	
  0.227842	  0.336519	  0.216730	  0.218909	

URL http://cisbp.ccbr.utoronto.ca/TFreport.php?searchTF=T009417_1.02

MOTIF M0149_1.02 (GSVIVG00000771001)_(Cannabis_sativa)_(DBD_0.92)

letter-probability matrix: alength= 4 w= 7 nsites= 1 E= 0
  0.239345	  0.543433	  0.130048	  0.087174	
  0.618860	  0.083754	  0.116499	  0.180888	
  0.074958	  0.725544	  0.003732	  0.195766	
  0.188282	  0.000158	  0.771195	  0.040364	
  0.013438	  0.134038	  0.000068	  0.852456	
  0.165221	  0.005914	  0.763021	  0.065844	
  0.143963	  0.441227	  0.210516	  0.204294	

URL http://cisbp.ccbr.utoronto.ca/TFreport.php?searchTF=T017633_1.02

MOTIF M0150_1.02 (GSVIVG00008637001)_(Arabidopsis_thaliana)_(DBD_0.61)

letter-probability matrix: alength= 4 w= 8 nsites= 1 E= 0
  0.055987	  0.277716	  0.444013	  0.222284	
  0.000416	  0.998752	  0.000416	  0.000416	
  0.998752	  0.000416	  0.000416	  0.000416	
  0.000416	  0.998752	  0.000416	  0.000416	
  0.000416	  0.000416	  0.998752	  0.000416	
  0.000416	  0.000416	  0.000416	  0.998752	
  0.000416	  0.000416	  0.998752	  0.000416	
  0.133644	  0.067154	  0.266622	  0.532580	

URL http://cisbp.ccbr.utoronto.ca/TFreport.php?searchTF=T017656_1.02

MOTIF M0152_1.02 (GSVIVG00011123001)_(Arabidopsis_thaliana)_(DBD_0.63)

letter-probability matrix: alength= 4 w= 10 nsites= 1 E= 0
  0.266536	  0.276659	  0.209724	  0.247081	
  0.259609	  0.198312	  0.365220	  0.176859	
  0.115829	  0.853161	  0.003499	  0.027512	
  0.853318	  0.012182	  0.073662	  0.060837	
  0.013981	  0.855506	  0.000019	  0.130494	
  0.130494	  0.000019	  0.855506	  0.013981	
  0.060837	  0.073662	  0.012182	  0.853318	
  0.027512	  0.003499	  0.853161	  0.115829	
  0.176859	  0.365220	  0.198312	  0.259609	
  0.247081	  0.209724	  0.276659	  0.266536	

URL http://cisbp.ccbr.utoronto.ca/TFreport.php?searchTF=T017669_1.02

MOTIF M0153_1.02 (GSVIVG00008093001)_(Arabidopsis_thaliana)_(DBD_1.00)

letter-probability matrix: alength= 4 w= 9 nsites= 1 E= 0
  0.232539	  0.270172	  0.286879	  0.210410	
  0.220492	  0.300624	  0.256175	  0.222708	
  0.199931	  0.527407	  0.127482	  0.145180	
  0.685701	  0.105683	  0.137063	  0.071553	
  0.016075	  0.755428	  0.040338	  0.188159	
  0.159966	  0.001133	  0.832941	  0.005959	
  0.021982	  0.040054	  0.003255	  0.934708	
  0.013651	  0.037480	  0.928708	  0.020162	
  0.192494	  0.343801	  0.257254	  0.206451	

URL http://cisbp.ccbr.utoronto.ca/TFreport.php?searchTF=T017652_1.02

MOTIF M0154_1.02 (GSVIVG00010100001)_(Arabidopsis_thaliana)_(DBD_0.90)

letter-probability matrix: alength= 4 w= 10 nsites= 1 E= 0
  0.244245	  0.260530	  0.290073	  0.205152	
  0.167294	  0.142759	  0.372749	  0.317198	
  0.053004	  0.897215	  0.000762	  0.049019	
  0.962361	  0.000007	  0.023635	  0.013997	
  0.022203	  0.885429	  0.000000	  0.092369	
  0.092369	  0.000000	  0.885429	  0.022203	
  0.013997	  0.023635	  0.000007	  0.962361	
  0.049019	  0.000762	  0.897215	  0.053004	
  0.317198	  0.372749	  0.142759	  0.167294	
  0.205152	  0.290073	  0.260530	  0.244245	

URL http://cisbp.ccbr.utoronto.ca/TFreport.php?searchTF=T017666_1.02

MOTIF M0156_1.02 (GSVIVG00028516001)_(Arabidopsis_thaliana)_(DBD_0.94)

letter-probability matrix: alength= 4 w= 10 nsites= 1 E= 0
  0.287752	  0.219802	  0.295644	  0.196803	
  0.143693	  0.275383	  0.279230	  0.301693	
  0.020717	  0.940292	  0.014443	  0.024547	
  0.956610	  0.000000	  0.026694	  0.016696	
  0.001633	  0.907850	  0.000000	  0.090517	
  0.090517	  0.000000	  0.907850	  0.001633	
  0.016696	  0.026694	  0.000000	  0.956610	
  0.024547	  0.014443	  0.940292	  0.020717	
  0.301693	  0.279230	  0.275383	  0.143693	
  0.196803	  0.295644	  0.219802	  0.287752	

URL http://cisbp.ccbr.utoronto.ca/TFreport.php?searchTF=T017717_1.02

MOTIF M0157_1.02 (GSVIVG00027766001)_(Arabidopsis_thaliana)_(DBD_0.79)

letter-probability matrix: alength= 4 w= 8 nsites= 1 E= 0
  0.153994	  0.038786	  0.653226	  0.153994	
  0.000303	  0.999092	  0.000303	  0.000303	
  0.726695	  0.000303	  0.242433	  0.030569	
  0.000303	  0.847760	  0.000303	  0.151634	
  0.000303	  0.000303	  0.999092	  0.000303	
  0.000303	  0.000303	  0.000303	  0.999092	
  0.000303	  0.000303	  0.999092	  0.000303	
  0.095532	  0.143061	  0.475760	  0.285646	

URL http://cisbp.ccbr.utoronto.ca/TFreport.php?searchTF=T017715_1.02

MOTIF M0158_1.02 (GSVIVG00018165001)_(Arabidopsis_thaliana)_(DBD_0.98)

letter-probability matrix: alength= 4 w= 8 nsites= 1 E= 0
  0.214387	  0.499288	  0.071937	  0.214387	
  0.000454	  0.998639	  0.000454	  0.000454	
  0.998639	  0.000454	  0.000454	  0.000454	
  0.000454	  0.998639	  0.000454	  0.000454	
  0.000454	  0.000454	  0.998639	  0.000454	
  0.000454	  0.000454	  0.000454	  0.998639	
  0.000454	  0.000454	  0.998639	  0.000454	
  0.266622	  0.532580	  0.067154	  0.133644	

URL http://cisbp.ccbr.utoronto.ca/TFreport.php?searchTF=T017684_1.02

MOTIF M0161_1.02 (GSVIVG00018942001)_(Arabidopsis_thaliana)_(DBD_0.90)

letter-probability matrix: alength= 4 w= 10 nsites= 1 E= 0
  0.256076	  0.252535	  0.236256	  0.255133	
  0.211226	  0.228847	  0.342028	  0.217899	
  0.136199	  0.721794	  0.037680	  0.104327	
  0.892927	  0.000000	  0.033174	  0.073899	
  0.022634	  0.820225	  0.000000	  0.157141	
  0.157141	  0.000000	  0.820225	  0.022634	
  0.073899	  0.033174	  0.000000	  0.892927	
  0.104327	  0.037680	  0.721794	  0.136199	
  0.217899	  0.342028	  0.228847	  0.211226	
  0.255133	  0.236256	  0.252535	  0.256076	

URL http://cisbp.ccbr.utoronto.ca/TFreport.php?searchTF=T017690_1.02

MOTIF M0162_1.02 (GSVIVG00009467001)_(Arabidopsis_thaliana)_(DBD_0.98)

letter-probability matrix: alength= 4 w= 9 nsites= 1 E= 0
  0.201693	  0.426983	  0.207835	  0.163489	
  0.047111	  0.568222	  0.255318	  0.129349	
  0.000066	  0.960953	  0.000199	  0.038781	
  0.884695	  0.000250	  0.099012	  0.016043	
  0.009243	  0.910410	  0.000197	  0.080150	
  0.087807	  0.000359	  0.911543	  0.000291	
  0.000266	  0.012004	  0.000161	  0.987569	
  0.084366	  0.115027	  0.724270	  0.076337	
  0.220745	  0.300970	  0.236751	  0.241534	

URL http://cisbp.ccbr.utoronto.ca/TFreport.php?searchTF=T017662_1.02

MOTIF M0163_1.02 (GSVIVG00036533001)_(Arabidopsis_thaliana)_(DBD_0.88)

letter-probability matrix: alength= 4 w= 10 nsites= 1 E= 0
  0.219217	  0.249651	  0.281481	  0.249651	
  0.125766	  0.654862	  0.100930	  0.118442	
  0.582056	  0.101146	  0.184300	  0.132498	
  0.058651	  0.766322	  0.023373	  0.151654	
  0.139605	  0.062104	  0.795378	  0.002912	
  0.000838	  0.023174	  0.000424	  0.975564	
  0.003150	  0.001503	  0.989608	  0.005739	
  0.375271	  0.301162	  0.148065	  0.175502	
  0.146832	  0.343536	  0.242086	  0.267546	
  0.256522	  0.261704	  0.256522	  0.225251	

URL http://cisbp.ccbr.utoronto.ca/TFreport.php?searchTF=T017734_1.02

MOTIF M0166_1.02 (GSVIVG00008628001)_(Arabidopsis_thaliana)_(DBD_0.94)

letter-probability matrix: alength= 4 w= 8 nsites= 1 E= 0
  0.009615	  0.009615	  0.971154	  0.009615	
  0.009615	  0.971154	  0.009615	  0.009615	
  0.971154	  0.009615	  0.009615	  0.009615	
  0.009615	  0.971154	  0.009615	  0.009615	
  0.009615	  0.009615	  0.971154	  0.009615	
  0.009615	  0.009615	  0.009615	  0.971154	
  0.009615	  0.009615	  0.971154	  0.009615	
  0.009615	  0.971154	  0.009615	  0.009615	

URL http://cisbp.ccbr.utoronto.ca/TFreport.php?searchTF=T017655_1.02

MOTIF M0167_1.02 (GSVIVG00014589001)_(Arabidopsis_thaliana)_(DBD_0.87)

letter-probability matrix: alength= 4 w= 10 nsites= 1 E= 0
  0.253826	  0.204611	  0.300345	  0.241217	
  0.269239	  0.227841	  0.333994	  0.168926	
  0.129932	  0.796278	  0.018776	  0.055015	
  0.681995	  0.084955	  0.120074	  0.112976	
  0.002241	  0.864955	  0.000000	  0.132804	
  0.132804	  0.000000	  0.864955	  0.002241	
  0.112976	  0.120074	  0.084955	  0.681995	
  0.055015	  0.018776	  0.796278	  0.129932	
  0.168926	  0.333994	  0.227841	  0.269239	
  0.241217	  0.300345	  0.204611	  0.253826	

URL http://cisbp.ccbr.utoronto.ca/TFreport.php?searchTF=T017677_1.02

MOTIF M0229_1.02 (GSVIVG00025313001)_(Oryza_sativa)_(DBD_0.96)

letter-probability matrix: alength= 4 w= 9 nsites= 1 E= 0
  0.221115	  0.250179	  0.306228	  0.222477	
  0.000142	  0.999574	  0.000142	  0.000142	
  0.177014	  0.822701	  0.000142	  0.000142	
  0.999574	  0.000142	  0.000142	  0.000142	
  0.000142	  0.999574	  0.000142	  0.000142	
  0.000142	  0.000142	  0.000142	  0.999574	
  0.000142	  0.000142	  0.000142	  0.999574	
  0.000142	  0.000142	  0.999574	  0.000142	
  0.217847	  0.343012	  0.216602	  0.222539	

URL http://cisbp.ccbr.utoronto.ca/TFreport.php?searchTF=T017708_1.02

MOTIF M0250_1.02 (GSVIVG00023585001)_(Physcomitrella_patens)_(DBD_0.98)

letter-probability matrix: alength= 4 w= 10 nsites= 1 E= 0
  0.249633	  0.272331	  0.222488	  0.255548	
  0.207994	  0.230574	  0.392066	  0.169365	
  0.105898	  0.844263	  0.012262	  0.037577	
  0.923118	  0.000000	  0.010419	  0.066463	
  0.021853	  0.939508	  0.000000	  0.038640	
  0.038640	  0.000000	  0.939508	  0.021853	
  0.066463	  0.010419	  0.000000	  0.923118	
  0.037577	  0.012262	  0.844263	  0.105898	
  0.169365	  0.392066	  0.230574	  0.207994	
  0.255548	  0.222488	  0.272331	  0.249633	

URL http://cisbp.ccbr.utoronto.ca/TFreport.php?searchTF=T017704_1.02

MOTIF M0251_1.02 (GSVIVG00008164001)_(Physcomitrella_patens)_(DBD_0.70)

letter-probability matrix: alength= 4 w= 10 nsites= 1 E= 0
  0.263722	  0.237561	  0.308283	  0.190434	
  0.209728	  0.180729	  0.272054	  0.337490	
  0.069367	  0.849324	  0.017055	  0.064254	
  0.806212	  0.000021	  0.106417	  0.087351	
  0.054587	  0.799530	  0.000012	  0.145870	
  0.145870	  0.000012	  0.799530	  0.054587	
  0.087351	  0.106417	  0.000021	  0.806212	
  0.064254	  0.017055	  0.849324	  0.069367	
  0.337490	  0.272054	  0.180729	  0.209728	
  0.190434	  0.308283	  0.237561	  0.263722	

URL http://cisbp.ccbr.utoronto.ca/TFreport.php?searchTF=T017653_1.02

MOTIF M0252_1.02 (GSVIVG00010126001)_(Physcomitrella_patens)_(DBD_0.96)

letter-probability matrix: alength= 4 w= 8 nsites= 1 E= 0
  0.154141	  0.460890	  0.154141	  0.230828	
  0.000525	  0.998424	  0.000525	  0.000525	
  0.998424	  0.000525	  0.000525	  0.000525	
  0.000525	  0.998424	  0.000525	  0.000525	
  0.053046	  0.000525	  0.945903	  0.000525	
  0.000525	  0.000525	  0.000525	  0.998424	
  0.000525	  0.000525	  0.998424	  0.000525	
  0.143162	  0.641738	  0.071937	  0.143162	

URL http://cisbp.ccbr.utoronto.ca/TFreport.php?searchTF=T017667_1.02

MOTIF M0255_1.02 (GSVIVG00013053001)_(Arabidopsis_thaliana)_(DBD_0.71)

letter-probability matrix: alength= 4 w= 9 nsites= 1 E= 0
  0.251670	  0.336339	  0.122501	  0.289490	
  0.184008	  0.331949	  0.263745	  0.220298	
  0.621075	  0.130510	  0.137202	  0.111213	
  0.069957	  0.650592	  0.148099	  0.131352	
  0.115812	  0.162710	  0.633949	  0.087529	
  0.027593	  0.058415	  0.000223	  0.913769	
  0.032372	  0.000107	  0.950789	  0.016731	
  0.002449	  0.073371	  0.542141	  0.382040	
  0.288878	  0.476279	  0.133754	  0.101089	

URL http://cisbp.ccbr.utoronto.ca/TFreport.php?searchTF=T027517_1.02

MOTIF M0256_1.02 (GSVIVG00009485001)_(Arabidopsis_thaliana)_(DBD_0.82)

letter-probability matrix: alength= 4 w= 13 nsites= 1 E= 0
  0.230716	  0.307853	  0.230716	  0.230716	
  0.307853	  0.230716	  0.230716	  0.230716	
  0.191026	  0.267809	  0.191026	  0.350139	
  0.274155	  0.120235	  0.403400	  0.202210	
  0.699118	  0.177248	  0.102805	  0.020830	
  0.000187	  0.840327	  0.000187	  0.159300	
  0.999440	  0.000187	  0.000187	  0.000187	
  0.000187	  0.917465	  0.000187	  0.082162	
  0.019471	  0.019471	  0.941587	  0.019471	
  0.019471	  0.019471	  0.019471	  0.941587	
  0.218043	  0.059161	  0.663636	  0.059161	
  0.212525	  0.129952	  0.286897	  0.370626	
  0.229357	  0.229357	  0.229357	  0.311929	

URL http://cisbp.ccbr.utoronto.ca/TFreport.php?searchTF=T027510_1.02

MOTIF M0260_1.02 (GSVIVG00009846001)_(Arabidopsis_thaliana)_(DBD_0.73)

letter-probability matrix: alength= 4 w= 10 nsites= 1 E= 0
  0.126879	  0.288079	  0.114805	  0.470236	
  0.092572	  0.000049	  0.719089	  0.188290	
  0.570751	  0.427072	  0.002175	  0.000002	
  0.007997	  0.971697	  0.000038	  0.020268	
  0.936294	  0.035943	  0.003428	  0.024335	
  0.213387	  0.009807	  0.767477	  0.009329	
  0.024153	  0.681583	  0.076281	  0.217983	
  0.014037	  0.079976	  0.033173	  0.872814	
  0.188407	  0.077370	  0.664215	  0.070008	
  0.087413	  0.060379	  0.387858	  0.464350	

URL http://cisbp.ccbr.utoronto.ca/TFreport.php?searchTF=T027512_1.02

MOTIF M0261_1.02 (GSVIVG00033832001)_(Arabidopsis_thaliana)_(DBD_0.67)

letter-probability matrix: alength= 4 w= 10 nsites= 1 E= 0
  0.180635	  0.256766	  0.257079	  0.305520	
  0.086565	  0.086565	  0.660206	  0.166663	
  0.608453	  0.313501	  0.000168	  0.077878	
  0.000168	  0.921785	  0.077878	  0.000168	
  0.999495	  0.000168	  0.000168	  0.000168	
  0.000168	  0.999495	  0.000168	  0.000168	
  0.000168	  0.000168	  0.999495	  0.000168	
  0.000168	  0.000168	  0.000168	  0.999495	
  0.151826	  0.069534	  0.709107	  0.069534	
  0.163603	  0.163603	  0.336806	  0.335988	

URL http://cisbp.ccbr.utoronto.ca/TFreport.php?searchTF=T027547_1.02

MOTIF M0262_1.02 (GSVIVG00032683001)_(Arabidopsis_thaliana)_(DBD_0.91)

letter-probability matrix: alength= 4 w= 10 nsites= 1 E= 0
  0.205178	  0.220055	  0.185652	  0.389115	
  0.161624	  0.024417	  0.536611	  0.277348	
  0.555577	  0.399418	  0.009488	  0.035517	
  0.061343	  0.793526	  0.005850	  0.139280	
  0.939627	  0.000001	  0.003802	  0.056570	
  0.236323	  0.071895	  0.581262	  0.110520	
  0.140427	  0.520449	  0.129631	  0.209493	
  0.174589	  0.202844	  0.113572	  0.508995	
  0.232235	  0.157237	  0.382891	  0.227637	
  0.220249	  0.125808	  0.331875	  0.322067	

URL http://cisbp.ccbr.utoronto.ca/TFreport.php?searchTF=T027542_1.02

MOTIF M0263_1.02 (GSVIVG00025788001)_(Arabidopsis_thaliana)_(DBD_0.83)

letter-probability matrix: alength= 4 w= 10 nsites= 1 E= 0
  0.256096	  0.205522	  0.322323	  0.216059	
  0.346225	  0.182562	  0.300994	  0.170220	
  0.181073	  0.223386	  0.098386	  0.497155	
  0.119246	  0.192711	  0.508360	  0.179682	
  0.783113	  0.052629	  0.081718	  0.082539	
  0.008951	  0.805786	  0.007256	  0.178006	
  0.176911	  0.000520	  0.777163	  0.045406	
  0.135250	  0.190020	  0.031098	  0.643632	
  0.236571	  0.105240	  0.537134	  0.121055	
  0.152185	  0.144763	  0.393507	  0.309544	

URL http://cisbp.ccbr.utoronto.ca/TFreport.php?searchTF=T027536_1.02

MOTIF M0264_1.02 (GSVIVG00027040001)_(Arabidopsis_thaliana)_(DBD_0.75)

letter-probability matrix: alength= 4 w= 10 nsites= 1 E= 0
  0.199909	  0.319853	  0.108621	  0.371617	
  0.102298	  0.269858	  0.329605	  0.298239	
  0.727684	  0.087345	  0.103531	  0.081440	
  0.042557	  0.652527	  0.169161	  0.135755	
  0.074387	  0.175789	  0.658053	  0.091770	
  0.047848	  0.043294	  0.012782	  0.896076	
  0.072855	  0.000402	  0.887552	  0.039192	
  0.001078	  0.059454	  0.541965	  0.397503	
  0.330076	  0.407207	  0.142497	  0.120220	
  0.325537	  0.283008	  0.185949	  0.205506	

URL http://cisbp.ccbr.utoronto.ca/TFreport.php?searchTF=T027537_1.02

MOTIF M0265_1.02 (GSVIVG00033632001)_(Arabidopsis_thaliana)_(DBD_0.94)

letter-probability matrix: alength= 4 w= 10 nsites= 1 E= 0
  0.209848	  0.209848	  0.329526	  0.250778	
  0.428108	  0.210770	  0.209174	  0.151947	
  0.000030	  0.000030	  0.000030	  0.999911	
  0.000030	  0.000030	  0.999911	  0.000030	
  0.999911	  0.000030	  0.000030	  0.000030	
  0.000030	  0.999911	  0.000030	  0.000030	
  0.000030	  0.000030	  0.999911	  0.000030	
  0.000030	  0.000030	  0.000030	  0.999911	
  0.277211	  0.598952	  0.083656	  0.040182	
  0.665467	  0.098082	  0.138368	  0.098082	

URL http://cisbp.ccbr.utoronto.ca/TFreport.php?searchTF=T027545_1.02

MOTIF M0268_1.02 (GSVIVG00019009001)_(Arabidopsis_thaliana)_(DBD_0.84)

letter-probability matrix: alength= 4 w= 10 nsites= 1 E= 0
  0.194982	  0.331261	  0.073179	  0.400578	
  0.062566	  0.319327	  0.401905	  0.216203	
  0.863019	  0.035889	  0.054078	  0.047014	
  0.016012	  0.783149	  0.111422	  0.089418	
  0.057917	  0.135505	  0.756729	  0.049849	
  0.020596	  0.026183	  0.004505	  0.948716	
  0.045651	  0.000000	  0.954344	  0.000005	
  0.000119	  0.051604	  0.610088	  0.338188	
  0.279665	  0.535709	  0.102883	  0.081744	
  0.362040	  0.293464	  0.151677	  0.192819	

URL http://cisbp.ccbr.utoronto.ca/TFreport.php?searchTF=T027525_1.02

MOTIF M0272_1.02 (GSVIVG00035557001)_(Arabidopsis_thaliana)_(DBD_0.65)

letter-probability matrix: alength= 4 w= 12 nsites= 1 E= 0
  0.229166	  0.229166	  0.229166	  0.312503	
  0.203331	  0.203331	  0.390006	  0.203331	
  0.187672	  0.436984	  0.187672	  0.187672	
  0.166258	  0.148140	  0.020941	  0.664661	
  0.000044	  0.356147	  0.643764	  0.000044	
  0.999867	  0.000044	  0.000044	  0.000044	
  0.000044	  0.999867	  0.000044	  0.000044	
  0.000044	  0.000044	  0.999867	  0.000044	
  0.020879	  0.020879	  0.020879	  0.937363	
  0.046713	  0.123190	  0.783383	  0.046713	
  0.138849	  0.062373	  0.597600	  0.201178	
  0.229103	  0.312691	  0.229103	  0.229103	

URL http://cisbp.ccbr.utoronto.ca/TFreport.php?searchTF=T027551_1.02

MOTIF M0273_1.02 (GSVIVG00008960001)_(Arabidopsis_thaliana)_(DBD_0.88)

letter-probability matrix: alength= 4 w= 10 nsites= 1 E= 0
  0.208878	  0.213098	  0.358436	  0.219588	
  0.322167	  0.297397	  0.322167	  0.058269	
  0.029823	  0.022540	  0.017554	  0.930084	
  0.040252	  0.052204	  0.753821	  0.153723	
  0.902919	  0.003339	  0.023942	  0.069800	
  0.018592	  0.751999	  0.018224	  0.211185	
  0.128802	  0.097346	  0.698039	  0.075813	
  0.166144	  0.181790	  0.105938	  0.546128	
  0.288506	  0.345405	  0.183960	  0.182129	
  0.377030	  0.183520	  0.217528	  0.221922	

URL http://cisbp.ccbr.utoronto.ca/TFreport.php?searchTF=T027508_1.02

MOTIF M0327_1.02 (GSVIVG00010152001)_(Oryza_sativa)_(DBD_0.68)

letter-probability matrix: alength= 4 w= 11 nsites= 1 E= 0
  0.224291	  0.224291	  0.224291	  0.327127	
  0.179567	  0.179567	  0.393602	  0.247265	
  0.200034	  0.642630	  0.042356	  0.114980	
  0.000083	  0.927126	  0.072707	  0.000083	
  0.999751	  0.000083	  0.000083	  0.000083	
  0.000083	  0.999751	  0.000083	  0.000083	
  0.000083	  0.000083	  0.999751	  0.000083	
  0.000083	  0.000083	  0.000083	  0.999751	
  0.025792	  0.222354	  0.726062	  0.025792	
  0.267078	  0.070517	  0.187566	  0.474839	
  0.207727	  0.292628	  0.207727	  0.291917	

URL http://cisbp.ccbr.utoronto.ca/TFreport.php?searchTF=T027514_1.02

MOTIF M0329_1.02 (GSVIVG00029696001)_(Oryza_sativa)_(DBD_0.62)

letter-probability matrix: alength= 4 w= 8 nsites= 1 E= 0
  0.661184	  0.332237	  0.003289	  0.003289	
  0.003289	  0.990132	  0.003289	  0.003289	
  0.990132	  0.003289	  0.003289	  0.003289	
  0.003289	  0.990132	  0.003289	  0.003289	
  0.003289	  0.003289	  0.990132	  0.003289	
  0.003289	  0.003289	  0.003289	  0.990132	
  0.003289	  0.003289	  0.990132	  0.003289	
  0.004902	  0.004902	  0.495098	  0.495098	

URL http://cisbp.ccbr.utoronto.ca/TFreport.php?searchTF=T027538_1.02

MOTIF M0359_1.02 (GSVIVG00021790001)_(PBM_CONSTRUCTS)_(DBD_0.79)

letter-probability matrix: alength= 4 w= 12 nsites= 1 E= 0
  0.225796	  0.225796	  0.322612	  0.225796	
  0.278231	  0.305134	  0.208318	  0.208318	
  0.192260	  0.202200	  0.090785	  0.514756	
  0.046572	  0.360880	  0.470543	  0.122005	
  0.999801	  0.000066	  0.000066	  0.000066	
  0.000066	  0.999801	  0.000066	  0.000066	
  0.000066	  0.000066	  0.999801	  0.000066	
  0.000066	  0.000066	  0.000066	  0.999801	
  0.024270	  0.024270	  0.927189	  0.024270	
  0.041749	  0.041749	  0.529962	  0.386541	
  0.159282	  0.522155	  0.159282	  0.159282	
  0.389517	  0.203494	  0.203494	  0.203494	

URL http://cisbp.ccbr.utoronto.ca/TFreport.php?searchTF=T027528_1.02

MOTIF M0375_1.02 (GSVIVG00016182001)_(Arabidopsis_thaliana)_(DBD_0.93)

letter-probability matrix: alength= 4 w= 7 nsites= 1 E= 0
  0.250850	  0.241014	  0.294375	  0.213760	
  0.656797	  0.029886	  0.078836	  0.234481	
  0.059443	  0.338670	  0.563984	  0.037903	
  0.064886	  0.247803	  0.000105	  0.687206	
  0.323959	  0.079887	  0.399662	  0.196491	
  0.300849	  0.186160	  0.229662	  0.283329	
  0.266597	  0.246100	  0.243651	  0.243651	

URL http://cisbp.ccbr.utoronto.ca/TFreport.php?searchTF=T060581_1.02

MOTIF M0376_1.02 (GSVIVG00027719001)_(Arabidopsis_thaliana)_(DBD_0.87)

letter-probability matrix: alength= 4 w= 7 nsites= 1 E= 0
  0.255546	  0.243083	  0.260708	  0.240664	
  0.685538	  0.021982	  0.002387	  0.290094	
  0.095913	  0.344963	  0.557486	  0.001638	
  0.051208	  0.129788	  0.025943	  0.793061	
  0.212534	  0.149770	  0.307693	  0.330003	
  0.315258	  0.173017	  0.268645	  0.243080	
  0.257050	  0.251960	  0.192341	  0.298649	

URL http://cisbp.ccbr.utoronto.ca/TFreport.php?searchTF=T060594_1.02

MOTIF M0582_1.02 (GSVIVG00017670001)_(Arabidopsis_thaliana)_(DBD_0.80)

letter-probability matrix: alength= 4 w= 9 nsites= 1 E= 0
  0.312611	  0.203356	  0.220293	  0.263739	
  0.326944	  0.237410	  0.175878	  0.259768	
  0.392951	  0.120746	  0.243152	  0.243152	
  0.219861	  0.438339	  0.305819	  0.035981	
  0.026347	  0.954655	  0.007624	  0.011374	
  0.018307	  0.010562	  0.969973	  0.001159	
  0.031325	  0.681579	  0.007202	  0.279894	
  0.007983	  0.006601	  0.969971	  0.015445	
  0.007485	  0.010945	  0.053674	  0.927896	

URL http://cisbp.ccbr.utoronto.ca/TFreport.php?searchTF=T071661_1.02

MOTIF M0583_1.02 (GSVIVG00024055001)_(Arabidopsis_thaliana)_(DBD_0.74)

letter-probability matrix: alength= 4 w= 8 nsites= 1 E= 0
  0.003289	  0.003289	  0.332237	  0.661184	
  0.003289	  0.003289	  0.003289	  0.990132	
  0.003289	  0.003289	  0.003289	  0.990132	
  0.003289	  0.003289	  0.003289	  0.990132	
  0.003289	  0.003289	  0.003289	  0.990132	
  0.661184	  0.003289	  0.003289	  0.332237	
  0.003289	  0.003289	  0.003289	  0.990132	
  0.004902	  0.004902	  0.004902	  0.985294	

URL http://cisbp.ccbr.utoronto.ca/TFreport.php?searchTF=T072601_1.02

MOTIF M0587_1.02 (GSVIVG00018021001)_(Cannabis_sativa)_(DBD_0.95)

letter-probability matrix: alength= 4 w= 13 nsites= 1 E= 0
  0.294886	  0.294886	  0.205114	  0.205114	
  0.271117	  0.240964	  0.243960	  0.243960	
  0.678023	  0.107326	  0.107326	  0.107326	
  0.777623	  0.074126	  0.074126	  0.074126	
  0.820950	  0.032324	  0.032324	  0.114403	
  0.000091	  0.000091	  0.000091	  0.999727	
  0.000091	  0.000091	  0.000091	  0.999727	
  0.000091	  0.000091	  0.082170	  0.917648	
  0.262905	  0.127056	  0.131754	  0.478285	
  0.626998	  0.095904	  0.181194	  0.095904	
  0.571704	  0.142765	  0.142765	  0.142765	
  0.386975	  0.175965	  0.175965	  0.261094	
  0.346698	  0.217767	  0.217767	  0.217767	

URL http://cisbp.ccbr.utoronto.ca/TFreport.php?searchTF=T073962_1.02

MOTIF M0588_1.02 (GSVIVG00015363001)_(Arabidopsis_thaliana)_(DBD_0.93)

letter-probability matrix: alength= 4 w= 8 nsites= 1 E= 0
