MEME version 4

ALPHABET= ACGT

strands: + -

Background letter frequencies (from uniform background):
A 0.25000 C 0.25000 G 0.25000 T 0.25000 

MOTIF M0087_1.02 (YALI0D01573g)_(Aspergillus_nidulans)_(DBD_0.82)

letter-probability matrix: alength= 4 w= 10 nsites= 1 E= 0
  0.210612	  0.249640	  0.212729	  0.327019	
  0.368808	  0.131667	  0.206495	  0.293030	
  0.149880	  0.326959	  0.179439	  0.343722	
  0.597098	  0.299490	  0.068175	  0.035236	
  0.071367	  0.087168	  0.030810	  0.810654	
  0.109198	  0.003755	  0.882855	  0.004192	
  0.087997	  0.740485	  0.015916	  0.155603	
  0.743094	  0.000720	  0.194576	  0.061610	
  0.192295	  0.194228	  0.353906	  0.259571	
  0.226085	  0.210800	  0.403796	  0.159319	

URL http://cisbp.ccbr.utoronto.ca/TFreport.php?searchTF=T006966_1.02

MOTIF M0118_1.02 (YALI0F18612g)_(Arabidopsis_thaliana)_(DBD_0.60)

letter-probability matrix: alength= 4 w= 9 nsites= 1 E= 0
  0.241564	  0.266970	  0.261683	  0.229783	
  0.209390	  0.306188	  0.250685	  0.233737	
  0.345181	  0.182011	  0.303102	  0.169706	
  0.329720	  0.179153	  0.251701	  0.239426	
  0.411309	  0.042920	  0.202217	  0.343554	
  0.710467	  0.047747	  0.000515	  0.241271	
  0.886835	  0.000921	  0.045045	  0.067199	
  0.454667	  0.009772	  0.038075	  0.497485	
  0.212559	  0.177544	  0.097438	  0.512458	

URL http://cisbp.ccbr.utoronto.ca/TFreport.php?searchTF=T008932_1.02

MOTIF M0235_1.02 (YALI0C03564g)_(Neurospora_crassa)_(DBD_0.60)

letter-probability matrix: alength= 4 w= 8 nsites= 1 E= 0
  0.274385	  0.205312	  0.348812	  0.171491	
  0.190278	  0.136796	  0.336463	  0.336463	
  0.075030	  0.878218	  0.030505	  0.016247	
  0.751431	  0.000270	  0.135908	  0.112390	
  0.002837	  0.782682	  0.078471	  0.136010	
  0.236992	  0.000239	  0.711963	  0.050807	
  0.167264	  0.223536	  0.126415	  0.482785	
  0.153853	  0.085285	  0.605464	  0.155399	

URL http://cisbp.ccbr.utoronto.ca/TFreport.php?searchTF=T021804_1.02

MOTIF M0277_1.02 (YALI0F03388g)_(Aspergillus_nidulans)_(DBD_0.61)

letter-probability matrix: alength= 4 w= 10 nsites= 1 E= 0
  0.154221	  0.132739	  0.506936	  0.206105	
  0.384330	  0.442085	  0.102668	  0.070916	
  0.058696	  0.013228	  0.037054	  0.891022	
  0.007506	  0.030745	  0.385962	  0.575787	
  0.911092	  0.000094	  0.061846	  0.026968	
  0.063690	  0.586417	  0.169700	  0.180193	
  0.278427	  0.160639	  0.196204	  0.364730	
  0.518034	  0.154476	  0.059742	  0.267747	
  0.729176	  0.086653	  0.088404	  0.095767	
  0.258065	  0.140220	  0.224351	  0.377364	

URL http://cisbp.ccbr.utoronto.ca/TFreport.php?searchTF=T031558_1.02

MOTIF M0280_1.02 (YALI0D07744g)_(Aspergillus_nidulans)_(DBD_0.58)

letter-probability matrix: alength= 4 w= 10 nsites= 1 E= 0
  0.145649	  0.150084	  0.513473	  0.190794	
  0.418917	  0.431675	  0.089808	  0.059601	
  0.005884	  0.000005	  0.066837	  0.927274	
  0.023022	  0.048253	  0.291916	  0.636808	
  0.986170	  0.000006	  0.013788	  0.000036	
  0.019732	  0.609267	  0.192916	  0.178084	
  0.220193	  0.096015	  0.341896	  0.341896	
  0.331651	  0.171414	  0.040209	  0.456726	
  0.667716	  0.100873	  0.129524	  0.101887	
  0.435821	  0.122392	  0.214269	  0.227518	

URL http://cisbp.ccbr.utoronto.ca/TFreport.php?searchTF=T031553_1.02

MOTIF M0341_1.02 (YALI0D04466g)_(Schizosaccharomyces_pombe)_(DBD_0.62)

letter-probability matrix: alength= 4 w= 10 nsites= 1 E= 0
  0.570600	  0.126453	  0.170367	  0.132581	
  0.195785	  0.086320	  0.008371	  0.709524	
  0.193607	  0.163160	  0.313589	  0.329644	
  0.494817	  0.042071	  0.276108	  0.187005	
  0.071217	  0.695225	  0.054727	  0.178831	
  0.178831	  0.054727	  0.695225	  0.071217	
  0.187005	  0.276108	  0.042071	  0.494817	
  0.329644	  0.313589	  0.163160	  0.193607	
  0.709524	  0.008371	  0.086320	  0.195785	
  0.132581	  0.170367	  0.126453	  0.570600	

URL http://cisbp.ccbr.utoronto.ca/TFreport.php?searchTF=T031552_1.02

MOTIF M0469_1.02 (YALI0E31845g)_(Neurospora_crassa)_(DBD_0.70)

letter-probability matrix: alength= 4 w= 10 nsites= 1 E= 0
  0.135111	  0.173485	  0.132435	  0.558969	
  0.036396	  0.008797	  0.948091	  0.006716	
  0.090702	  0.038382	  0.076522	  0.794394	
  0.000618	  0.001681	  0.991595	  0.006106	
  0.003099	  0.000230	  0.993412	  0.003258	
  0.008631	  0.977890	  0.002171	  0.011307	
  0.083917	  0.020902	  0.487765	  0.407416	
  0.128276	  0.306184	  0.274290	  0.291251	
  0.384309	  0.167578	  0.230776	  0.217337	
  0.242545	  0.177894	  0.351141	  0.228420	

URL http://cisbp.ccbr.utoronto.ca/TFreport.php?searchTF=T069418_1.02

MOTIF M0477_1.02 (YALI0B22176g)_(Neurospora_crassa)_(DBD_0.71)

letter-probability matrix: alength= 4 w= 9 nsites= 1 E= 0
  0.150339	  0.311965	  0.076930	  0.460766	
  0.204481	  0.685724	  0.049426	  0.060369	
  0.857399	  0.044876	  0.048130	  0.049596	
  0.038252	  0.042275	  0.857654	  0.061818	
  0.034879	  0.050496	  0.813949	  0.100675	
  0.114329	  0.120191	  0.555064	  0.210415	
  0.264307	  0.126104	  0.511379	  0.098210	
  0.170320	  0.346429	  0.179053	  0.304198	
  0.357377	  0.210354	  0.230164	  0.202106	

URL http://cisbp.ccbr.utoronto.ca/TFreport.php?searchTF=T069403_1.02

MOTIF M0482_1.02 (YALI0E30789g)_(Neurospora_crassa)_(DBD_0.83)

letter-probability matrix: alength= 4 w= 10 nsites= 1 E= 0
  0.269622	  0.207893	  0.295014	  0.227471	
  0.221481	  0.230520	  0.308073	  0.239927	
  0.001518	  0.000218	  0.979590	  0.018674	
  0.174199	  0.441510	  0.029970	  0.354320	
  0.000399	  0.000217	  0.964849	  0.034535	
  0.001007	  0.065798	  0.885891	  0.047304	
  0.010090	  0.042164	  0.899247	  0.048500	
  0.083781	  0.065904	  0.733778	  0.116537	
  0.158734	  0.261708	  0.229805	  0.349754	
  0.323602	  0.206338	  0.239730	  0.230330	

URL http://cisbp.ccbr.utoronto.ca/TFreport.php?searchTF=T069417_1.02

MOTIF M0744_1.02 (YALI0C01463g)_(Neurospora_crassa)_(DBD_0.67)

letter-probability matrix: alength= 4 w= 8 nsites= 1 E= 0
  0.570513	  0.071937	  0.356838	  0.000712	
  0.059272	  0.000587	  0.000587	  0.939554	
  0.939554	  0.059272	  0.000587	  0.000587	
  0.998239	  0.000587	  0.000587	  0.000587	
  0.998239	  0.000587	  0.000587	  0.000587	
  0.000587	  0.880869	  0.000587	  0.117958	
  0.998239	  0.000587	  0.000587	  0.000587	
  0.499004	  0.200199	  0.000996	  0.299801	

URL http://cisbp.ccbr.utoronto.ca/TFreport.php?searchTF=T083611_1.02

MOTIF M0777_1.02 (YALI0E31757g)_(Dictyostelium_discoideum)_(DBD_0.72)

letter-probability matrix: alength= 4 w= 7 nsites= 1 E= 0
  0.151807	  0.377137	  0.119416	  0.351640	
  0.132535	  0.809849	  0.020022	  0.037594	
  0.000855	  0.009903	  0.985176	  0.004067	
  0.990153	  0.000349	  0.000218	  0.009280	
  0.016614	  0.000301	  0.000468	  0.982617	
  0.053147	  0.687494	  0.105959	  0.153401	
  0.160073	  0.197478	  0.303575	  0.338874	

URL http://cisbp.ccbr.utoronto.ca/TFreport.php?searchTF=T086458_1.02

MOTIF M0791_1.02 (YALI0F05346g)_(Neurospora_crassa)_(DBD_0.78)

letter-probability matrix: alength= 4 w= 9 nsites= 1 E= 0
  0.238290	  0.282447	  0.248015	  0.231248	
  0.249185	  0.272652	  0.259355	  0.218808	
  0.236587	  0.439798	  0.109543	  0.214073	
  0.059758	  0.068055	  0.757717	  0.114470	
  0.902683	  0.000129	  0.000123	  0.097064	
  0.048477	  0.051992	  0.000705	  0.898826	
  0.141843	  0.359503	  0.271706	  0.226948	
  0.208434	  0.289925	  0.254582	  0.247058	
  0.248381	  0.255945	  0.266390	  0.229284	

URL http://cisbp.ccbr.utoronto.ca/TFreport.php?searchTF=T086459_1.02

MOTIF M0792_1.02 (YALI0D20482g)_(Neurospora_crassa)_(DBD_0.91)

letter-probability matrix: alength= 4 w= 8 nsites= 1 E= 0
  0.246114	  0.263959	  0.251086	  0.238840	
  0.289615	  0.264688	  0.175661	  0.270036	
  0.101067	  0.108395	  0.696303	  0.094234	
  0.794489	  0.034733	  0.044598	  0.126179	
  0.025614	  0.062373	  0.046671	  0.865343	
  0.449630	  0.160521	  0.097361	  0.292488	
  0.295846	  0.232721	  0.265029	  0.206405	
  0.224078	  0.276441	  0.282025	  0.217456	

URL http://cisbp.ccbr.utoronto.ca/TFreport.php?searchTF=T086453_1.02

MOTIF M1297_1.02 (YALI0C06842g)_(Dictyostelium_discoideum)_(DBD_0.88)

letter-probability matrix: alength= 4 w= 10 nsites= 1 E= 0
  0.233777	  0.598464	  0.083460	  0.084299	
  0.030948	  0.562453	  0.044359	  0.362240	
  0.506429	  0.042836	  0.155615	  0.295120	
  0.524310	  0.062308	  0.043907	  0.369475	
  0.657133	  0.044163	  0.042009	  0.256695	
  0.290800	  0.112464	  0.066862	  0.529873	
  0.281986	  0.340992	  0.131875	  0.245147	
  0.228299	  0.247314	  0.296088	  0.228299	
  0.301159	  0.033037	  0.594451	  0.071353	
  0.207356	  0.056511	  0.520315	  0.215818	

URL http://cisbp.ccbr.utoronto.ca/TFreport.php?searchTF=T113256_1.02

MOTIF M1709_1.02 (YALI0F15037g)_(Histoplasma_capsulatum)_(DBD_0.76)

letter-probability matrix: alength= 4 w= 10 nsites= 1 E= 0
  0.210977	  0.265536	  0.252586	  0.270900	
  0.223875	  0.237718	  0.223875	  0.314532	
  0.351108	  0.077563	  0.183294	  0.388034	
  0.160399	  0.356975	  0.210117	  0.272508	
  0.001886	  0.996570	  0.000001	  0.001544	
  0.000100	  0.999832	  0.000051	  0.000017	
  0.018155	  0.000186	  0.981346	  0.000313	
  0.205945	  0.342958	  0.170308	  0.280790	
  0.272412	  0.232134	  0.246488	  0.248966	
  0.269485	  0.264149	  0.239012	  0.227355	

URL http://cisbp.ccbr.utoronto.ca/TFreport.php?searchTF=T167029_1.02

MOTIF M1749_1.02 (YALI0C19151g)_(Neurospora_crassa)_(DBD_0.82)

letter-probability matrix: alength= 4 w= 10 nsites= 1 E= 0
  0.193905	  0.256562	  0.229837	  0.319696	
  0.262957	  0.217455	  0.185303	  0.334284	
  0.188628	  0.270367	  0.242204	  0.298801	
  0.286552	  0.163681	  0.239348	  0.310418	
  0.105380	  0.177253	  0.220870	  0.496496	
  0.038875	  0.944224	  0.005873	  0.011027	
  0.000025	  0.881416	  0.118100	  0.000459	
  0.027096	  0.000343	  0.972013	  0.000548	
  0.314822	  0.135912	  0.344471	  0.204795	
  0.342729	  0.152466	  0.286271	  0.218534	

URL http://cisbp.ccbr.utoronto.ca/TFreport.php?searchTF=T166997_1.02

MOTIF M2118_1.02 (YALI0F23111g)_(Saccharomyces_cerevisiae)_(DBD_0.86)

letter-probability matrix: alength= 4 w= 5 nsites= 1 E= 0
  0.000000	  0.000000	  0.000000	  1.000000	
  0.000000	  0.000000	  0.010160	  0.989840	
  0.005578	  0.000000	  0.994422	  0.000000	
  0.000000	  0.000000	  0.998223	  0.001777	
  0.158006	  0.378979	  0.030665	  0.432350	

URL http://cisbp.ccbr.utoronto.ca/TFreport.php?searchTF=T070808_1.02

MOTIF M4252_1.02 (YALI0E24937g)_(Saccharomyces_cerevisiae)_(DBD_0.71)

letter-probability matrix: alength= 4 w= 8 nsites= 1 E= 0
  0.043475	  0.304405	  0.130404	  0.521715	
  0.304335	  0.000000	  0.695665	  0.000000	
  0.000000	  1.000000	  0.000000	  0.000000	
  0.000000	  0.000000	  0.956530	  0.043470	
  0.086934	  0.000000	  0.913066	  0.000000	
  0.000000	  1.000000	  0.000000	  0.000000	
  0.043480	  0.000000	  0.434743	  0.521777	
  0.043483	  0.347798	  0.260856	  0.347863	

URL http://cisbp.ccbr.utoronto.ca/TFreport.php?searchTF=T069416_1.02

MOTIF M4255_1.02 (YALI0E27742g)_(Saccharomyces_cerevisiae)_(DBD_0.64)

letter-probability matrix: alength= 4 w= 8 nsites= 1 E= 0
  0.538827	  0.103527	  0.357108	  0.000539	
  0.000997	  0.000997	  0.000997	  0.997009	
  0.000972	  0.000972	  0.972361	  0.025695	
  0.997009	  0.000997	  0.000997	  0.000997	
  0.000719	  0.719011	  0.275700	  0.004570	
  0.091972	  0.022445	  0.000885	  0.884699	
  0.105908	  0.888764	  0.000889	  0.004440	
  0.810068	  0.023153	  0.106526	  0.060253	

URL http://cisbp.ccbr.utoronto.ca/TFreport.php?searchTF=T031557_1.02

MOTIF M4265_1.02 (YALI0B21582g)_(Saccharomyces_cerevisiae)_(DBD_0.70)

letter-probability matrix: alength= 4 w= 9 nsites= 1 E= 0
  0.336788	  0.051813	  0.290155	  0.321244	
  0.751296	  0.036269	  0.000000	  0.212435	
  0.316062	  0.082902	  0.000000	  0.601036	
  1.000000	  0.000000	  0.000000	  0.000000	
  0.000000	  0.000000	  1.000000	  0.000000	
  0.000000	  0.000000	  1.000000	  0.000000	
  0.088083	  0.000000	  0.911917	  0.000000	
  0.020725	  0.005181	  0.974094	  0.000000	
  0.129534	  0.233161	  0.290155	  0.347150	

URL http://cisbp.ccbr.utoronto.ca/TFreport.php?searchTF=T069402_1.02

MOTIF M4266_1.02 (YALI0B23056g)_(Saccharomyces_cerevisiae)_(DBD_0.96)

letter-probability matrix: alength= 4 w= 21 nsites= 1 E= 0
  0.277896	  0.250994	  0.386874	  0.084236	
  0.337701	  0.191203	  0.147499	  0.323596	
  0.253161	  0.345476	  0.088062	  0.313301	
  0.160289	  0.200315	  0.154575	  0.484821	
  0.545495	  0.139664	  0.154641	  0.160199	
  0.115326	  0.098646	  0.701617	  0.084410	
  0.287085	  0.198825	  0.266325	  0.247765	
  0.332186	  0.110816	  0.027332	  0.529666	
  0.907072	  0.007916	  0.025927	  0.059085	
  0.012689	  0.007855	  0.023849	  0.955608	
  0.981186	  0.002417	  0.004390	  0.012006	
  0.038291	  0.001865	  0.005177	  0.954667	
  0.970929	  0.002253	  0.006019	  0.020798	
  0.044741	  0.004462	  0.003313	  0.947483	
  0.883835	  0.010075	  0.024913	  0.081177	
  0.186324	  0.062165	  0.094376	  0.657135	
  0.264806	  0.122748	  0.129197	  0.483248	
  0.137280	  0.380802	  0.369687	  0.112231	
  0.266096	  0.228247	  0.383999	  0.121658	
  0.350006	  0.176397	  0.172576	  0.301021	
  0.248908	  0.193837	  0.270884	  0.286371	

URL http://cisbp.ccbr.utoronto.ca/TFreport.php?searchTF=T151012_1.02

MOTIF M4276_1.02 (YALI0E07942g)_(Saccharomyces_cerevisiae)_(DBD_0.79)

letter-probability matrix: alength= 4 w= 7 nsites= 1 E= 0
  0.071259	  0.298663	  0.583022	  0.047056	
  0.007434	  0.498571	  0.033741	  0.460255	
  0.000000	  0.000000	  1.000000	  0.000000	
  0.000000	  0.000000	  1.000000	  0.000000	
  0.000000	  0.000000	  1.000000	  0.000000	
  0.008921	  0.011618	  0.969378	  0.010083	
  0.179476	  0.146057	  0.353710	  0.320756	

URL http://cisbp.ccbr.utoronto.ca/TFreport.php?searchTF=T069411_1.02

MOTIF M4296_1.02 (YALI0D09757g)_(Saccharomyces_cerevisiae)_(DBD_0.56)

letter-probability matrix: alength= 4 w= 8 nsites= 1 E= 0
  0.000997	  0.000997	  0.000997	  0.997009	
  0.000974	  0.000974	  0.023687	  0.974364	
  0.972947	  0.000973	  0.000973	  0.025107	
  0.000520	  0.520128	  0.478832	  0.000520	
  0.209451	  0.144356	  0.620503	  0.025690	
  0.035966	  0.036987	  0.028984	  0.898064	
  0.816276	  0.083576	  0.085666	  0.014483	
  0.992266	  0.000992	  0.000992	  0.005749	

URL http://cisbp.ccbr.utoronto.ca/TFreport.php?searchTF=T031554_1.02

MOTIF M4310_1.02 (YALI0C22990g)_(Saccharomyces_cerevisiae)_(DBD_0.82)

letter-probability matrix: alength= 4 w= 6 nsites= 1 E= 0
  0.470670	  0.001397	  0.001397	  0.526536	
  0.001397	  0.163408	  0.113128	  0.722067	
  0.001397	  0.995810	  0.001397	  0.001397	
  0.001397	  0.995810	  0.001397	  0.001397	
  0.001397	  0.001397	  0.995810	  0.001397	
  0.241620	  0.001397	  0.755587	  0.001397	

URL http://cisbp.ccbr.utoronto.ca/TFreport.php?searchTF=T166998_1.02

MOTIF M4320_1.02 (YALI0C22682g)_(Saccharomyces_cerevisiae)_(DBD_0.80)

letter-probability matrix: alength= 4 w= 6 nsites= 1 E= 0
  0.011904	  0.011904	  0.964289	  0.011904	
  0.964289	  0.011904	  0.011904	  0.011904	
  0.011904	  0.011904	  0.011904	  0.964289	
  0.964289	  0.011904	  0.011904	  0.011904	
  0.964289	  0.011904	  0.011904	  0.011904	
  0.011904	  0.011904	  0.964289	  0.011904	

URL http://cisbp.ccbr.utoronto.ca/TFreport.php?searchTF=T086452_1.02

MOTIF M4333_1.02 (YALI0E16577g)_(Saccharomyces_cerevisiae)_(DBD_0.71)

letter-probability matrix: alength= 4 w= 5 nsites= 1 E= 0
  1.000000	  0.000000	  0.000000	  0.000000	
  0.000000	  0.000000	  0.000000	  1.000000	
  0.000000	  1.000000	  0.000000	  0.000000	
  1.000000	  0.000000	  0.000000	  0.000000	
  0.500000	  0.000000	  0.500000	  0.000000	

URL http://cisbp.ccbr.utoronto.ca/TFreport.php?searchTF=T086456_1.02

MOTIF M4343_1.02 (YALI0E13596g)_(Saccharomyces_cerevisiae)_(DBD_0.55)

letter-probability matrix: alength= 4 w= 16 nsites= 1 E= 0
  0.088000	  0.066000	  0.637000	  0.209000	
  0.062000	  0.064000	  0.851000	  0.023000	
  0.030000	  0.113000	  0.052000	  0.805000	
  0.239000	  0.048000	  0.062000	  0.651000	
  0.200200	  0.127127	  0.624625	  0.048048	
  0.007007	  0.752753	  0.012012	  0.228228	
  0.038000	  0.702000	  0.054000	  0.206000	
  0.646000	  0.055000	  0.207000	  0.092000	
  0.027000	  0.190000	  0.060000	  0.723000	
  0.223000	  0.029000	  0.718000	  0.030000	
  0.215000	  0.199000	  0.535000	  0.051000	
  0.084000	  0.660000	  0.022000	  0.234000	
  0.616617	  0.109109	  0.240240	  0.034034	
  0.871000	  0.013000	  0.102000	  0.014000	
  0.083000	  0.749000	  0.109000	  0.059000	
  0.078000	  0.181000	  0.694000	  0.047000	

URL http://cisbp.ccbr.utoronto.ca/TFreport.php?searchTF=T139199_1.02

MOTIF M4351_1.02 (YALI0F11487g)_(Saccharomyces_cerevisiae)_(DBD_0.94)

letter-probability matrix: alength= 4 w= 21 nsites= 1 E= 0
  0.208696	  0.405151	  0.169819	  0.216333	
  0.324620	  0.374099	  0.083387	  0.217895	
  0.301249	  0.154976	  0.428176	  0.115598	
  0.306024	  0.165499	  0.201064	  0.327413	
  0.459041	  0.103429	  0.354844	  0.082686	
  0.376416	  0.091208	  0.405793	  0.126584	
  0.782067	  0.073699	  0.071140	  0.073094	
  0.898580	  0.035998	  0.046491	  0.018931	
  0.904580	  0.009331	  0.050773	  0.035316	
  0.855891	  0.014949	  0.042479	  0.086681	
  0.408314	  0.016047	  0.034020	  0.541619	
  0.086681	  0.042479	  0.014949	  0.855891	
  0.035316	  0.050773	  0.009331	  0.904580	
  0.018931	  0.046491	  0.035998	  0.898580	
  0.073094	  0.071140	  0.073699	  0.782067	
  0.082090	  0.342064	  0.042679	  0.533167	
  0.271462	  0.297502	  0.077857	  0.353179	
  0.238045	  0.293678	  0.217545	  0.250731	
  0.343065	  0.192549	  0.174988	  0.289398	
  0.309174	  0.194568	  0.293870	  0.202389	
  0.250790	  0.161885	  0.159905	  0.427421	

URL http://cisbp.ccbr.utoronto.ca/TFreport.php?searchTF=T069422_1.02

MOTIF M4375_1.02 (YALI0D01463g)_(Saccharomyces_cerevisiae)_(DBD_0.77)

letter-probability matrix: alength= 4 w= 9 nsites= 1 E= 0
  0.079001	  0.082062	  0.764130	  0.074807	
  0.212205	  0.071026	  0.295015	  0.421755	
  0.002743	  0.003419	  0.990721	  0.003117	
  0.000000	  0.000000	  1.000000	  0.000000	
  0.000000	  1.000000	  0.000000	  0.000000	
  0.005487	  0.006838	  0.356441	  0.631234	
  0.109965	  0.221151	  0.302010	  0.366874	
  0.324101	  0.172824	  0.217040	  0.286035	
  0.142660	  0.177801	  0.477983	  0.201556	

URL http://cisbp.ccbr.utoronto.ca/TFreport.php?searchTF=T069407_1.02

MOTIF M4376_1.02 (YALI0C09185g)_(Saccharomyces_cerevisiae)_(DBD_0.57)

letter-probability matrix: alength= 4 w= 20 nsites= 1 E= 0
  0.240122	  0.196861	  0.220816	  0.342201	
  0.277890	  0.146179	  0.267804	  0.308128	
  0.341839	  0.174534	  0.219739	  0.263888	
  0.571702	  0.146030	  0.143912	  0.138356	
  0.495698	  0.110596	  0.176615	  0.217091	
  0.379266	  0.157960	  0.126669	  0.336105	
  0.179551	  0.004748	  0.813593	  0.002108	
  0.014558	  0.004260	  0.000952	  0.980230	
  0.950367	  0.047308	  0.000771	  0.001554	
  0.979678	  0.011390	  0.000976	  0.007956	
  0.986667	  0.001016	  0.002691	  0.009625	
  0.001767	  0.797833	  0.001297	  0.199103	
  0.989636	  0.001249	  0.003667	  0.005447	
  0.823954	  0.069661	  0.032500	  0.073884	
  0.684172	  0.025110	  0.106580	  0.184138	
  0.212491	  0.210952	  0.446148	  0.130410	
  0.353169	  0.173423	  0.321436	  0.151971	
  0.208011	  0.239547	  0.274318	  0.278123	
  0.315164	  0.071640	  0.432442	  0.180754	
  0.338566	  0.263541	  0.274442	  0.123450	

URL http://cisbp.ccbr.utoronto.ca/TFreport.php?searchTF=T083612_1.02

MOTIF M4405_1.02 (YALI0F18788g)_(Saccharomyces_cerevisiae)_(DBD_0.75)

letter-probability matrix: alength= 4 w= 10 nsites= 1 E= 0
  0.000000	  0.921569	  0.039216	  0.039216	
  0.000000	  0.039216	  0.000000	  0.960784	
  0.901961	  0.000000	  0.019608	  0.078431	
  0.420000	  0.000000	  0.000000	  0.580000	
  0.320000	  0.000000	  0.000000	  0.680000	
  0.400000	  0.000000	  0.000000	  0.600000	
  0.460000	  0.000000	  0.000000	  0.540000	
  0.000000	  0.019608	  0.000000	  0.980392	
  0.823529	  0.058824	  0.098039	  0.019608	
  0.196078	  0.137255	  0.529412	  0.137255	

URL http://cisbp.ccbr.utoronto.ca/TFreport.php?searchTF=T113257_1.02

MOTIF M4414_1.02 (YALI0B08206g)_(Saccharomyces_cerevisiae)_(DBD_0.78)

letter-probability matrix: alength= 4 w= 6 nsites= 1 E= 0
  0.000000	  0.500000	  0.500000	  0.000000	
  0.500000	  0.500000	  0.000000	  0.000000	
  0.000000	  0.000000	  1.000000	  0.000000	
  0.000000	  0.000000	  1.000000	  0.000000	
  0.000000	  0.500000	  0.500000	  0.000000	
  0.000000	  0.000000	  1.000000	  0.000000	

URL http://cisbp.ccbr.utoronto.ca/TFreport.php?searchTF=T072010_1.02

MOTIF M4423_1.02 (YALI0B15246g)_(Saccharomyces_cerevisiae)_(DBD_0.52)

letter-probability matrix: alength= 4 w= 20 nsites= 1 E= 0
  0.358020	  0.140342	  0.278072	  0.223566	
  0.401635	  0.134922	  0.320149	  0.143294	
  0.417175	  0.154843	  0.175970	  0.252012	
  0.470693	  0.088730	  0.237797	  0.202780	
  0.271875	  0.115611	  0.229701	  0.382813	
  0.246210	  0.249028	  0.207354	  0.297407	
  0.046211	  0.098829	  0.837149	  0.017812	
  0.925629	  0.007049	  0.024517	  0.042805	
  0.003430	  0.984695	  0.002353	  0.009521	
  0.004466	  0.000750	  0.948713	  0.046071	
  0.007698	  0.986001	  0.002639	  0.003662	
  0.907970	  0.005663	  0.065578	  0.020790	
  0.648865	  0.210057	  0.047247	  0.093831	
  0.505596	  0.085607	  0.043778	  0.365020	
  0.236895	  0.183329	  0.177434	  0.402342	
  0.301089	  0.191764	  0.175525	  0.331623	
  0.257700	  0.286641	  0.179562	  0.276097	
  0.197181	  0.182345	  0.392219	  0.228254	
  0.271809	  0.113256	  0.143749	  0.471186	
  0.171648	  0.154837	  0.286854	  0.386661	

URL http://cisbp.ccbr.utoronto.ca/TFreport.php?searchTF=T083610_1.02

