MEME version 4

ALPHABET= ACGT

strands: + -

Background letter frequencies (from uniform background):
A 0.25000 C 0.25000 G 0.25000 T 0.25000 

MOTIF M0792_1.02 (ZYRO0F03520g)_(Neurospora_crassa)_(DBD_0.83)

letter-probability matrix: alength= 4 w= 8 nsites= 1 E= 0
  0.246114	  0.263959	  0.251086	  0.238840	
  0.289615	  0.264688	  0.175661	  0.270036	
  0.101067	  0.108395	  0.696303	  0.094234	
  0.794489	  0.034733	  0.044598	  0.126179	
  0.025614	  0.062373	  0.046671	  0.865343	
  0.449630	  0.160521	  0.097361	  0.292488	
  0.295846	  0.232721	  0.265029	  0.206405	
  0.224078	  0.276441	  0.282025	  0.217456	

URL http://cisbp.ccbr.utoronto.ca/TFreport.php?searchTF=T086466_1.02

MOTIF M1218_1.02 (ZYRO0A07194g)_(Kluyveromyces_lactis)_(DBD_0.77)

letter-probability matrix: alength= 4 w= 10 nsites= 1 E= 0
  0.231822	  0.269534	  0.267283	  0.231361	
  0.200699	  0.319573	  0.182522	  0.297206	
  0.339925	  0.217030	  0.204019	  0.239025	
  0.449614	  0.196016	  0.137032	  0.217338	
  0.233803	  0.072202	  0.130307	  0.563688	
  0.563688	  0.130307	  0.072202	  0.233803	
  0.217338	  0.137032	  0.196016	  0.449614	
  0.239025	  0.204019	  0.217030	  0.339925	
  0.297206	  0.182522	  0.319573	  0.200699	
  0.231361	  0.267283	  0.269534	  0.231822	

URL http://cisbp.ccbr.utoronto.ca/TFreport.php?searchTF=T103832_1.02

MOTIF M2118_1.02 (ZYRO0E09372g)_(Saccharomyces_cerevisiae)_(DBD_0.93)

letter-probability matrix: alength= 4 w= 5 nsites= 1 E= 0
  0.000000	  0.000000	  0.000000	  1.000000	
  0.000000	  0.000000	  0.010160	  0.989840	
  0.005578	  0.000000	  0.994422	  0.000000	
  0.000000	  0.000000	  0.998223	  0.001777	
  0.158006	  0.378979	  0.030665	  0.432350	

URL http://cisbp.ccbr.utoronto.ca/TFreport.php?searchTF=T070809_1.02

MOTIF M4195_1.02 (ZYRO0C00726g)_(Saccharomyces_cerevisiae)_(DBD_0.77)

letter-probability matrix: alength= 4 w= 24 nsites= 1 E= 0
  0.241758	  0.202797	  0.188811	  0.366633	
  0.017017	  0.729730	  0.202202	  0.051051	
  0.123000	  0.262000	  0.518000	  0.097000	
  0.055000	  0.329000	  0.500000	  0.116000	
  0.179000	  0.424000	  0.206000	  0.191000	
  0.142000	  0.253000	  0.402000	  0.203000	
  0.199000	  0.462000	  0.138000	  0.201000	
  0.218000	  0.350000	  0.240000	  0.192000	
  0.180000	  0.230000	  0.233000	  0.357000	
  0.116000	  0.179000	  0.160000	  0.545000	
  0.130000	  0.511000	  0.183000	  0.176000	
  0.131000	  0.219000	  0.108000	  0.542000	
  0.082000	  0.474000	  0.192000	  0.252000	
  0.150000	  0.202000	  0.397000	  0.251000	
  0.119119	  0.436436	  0.133133	  0.311311	
  0.158841	  0.369630	  0.356643	  0.114885	
  0.275275	  0.289289	  0.224224	  0.211211	
  0.223000	  0.178000	  0.390000	  0.209000	
  0.097097	  0.404404	  0.345345	  0.153153	
  0.360360	  0.178178	  0.203203	  0.258258	
  0.057000	  0.699000	  0.210000	  0.034000	
  0.066066	  0.778779	  0.060060	  0.095095	
  0.065000	  0.081000	  0.813000	  0.041000	
  0.402000	  0.286000	  0.156000	  0.156000	

URL http://cisbp.ccbr.utoronto.ca/TFreport.php?searchTF=T167044_1.02

MOTIF M4199_1.02 (ZYRO0F13222g)_(Saccharomyces_cerevisiae)_(DBD_0.82)

letter-probability matrix: alength= 4 w= 11 nsites= 1 E= 0
  0.184000	  0.252000	  0.295000	  0.269000	
  0.535000	  0.090000	  0.247000	  0.128000	
  0.033000	  0.039000	  0.040000	  0.888000	
  0.047047	  0.219219	  0.584585	  0.149149	
  0.809191	  0.092907	  0.039960	  0.057942	
  0.005005	  0.969970	  0.003003	  0.022022	
  0.040000	  0.067000	  0.156000	  0.737000	
  0.055000	  0.780000	  0.102000	  0.063000	
  0.525000	  0.102000	  0.159000	  0.214000	
  0.021000	  0.275000	  0.123000	  0.581000	
  0.206000	  0.356000	  0.143000	  0.295000	

URL http://cisbp.ccbr.utoronto.ca/TFreport.php?searchTF=T021816_1.02

MOTIF M4208_1.02 (ZYRO0A13464g)_(Saccharomyces_cerevisiae)_(DBD_0.86)

letter-probability matrix: alength= 4 w= 21 nsites= 1 E= 0
  0.261529	  0.229270	  0.172952	  0.336249	
  0.168474	  0.201074	  0.381034	  0.249418	
  0.097684	  0.455860	  0.290116	  0.156340	
  0.269202	  0.101553	  0.104155	  0.525089	
  0.279409	  0.271500	  0.275034	  0.174056	
  0.393314	  0.146775	  0.262911	  0.196999	
  0.130193	  0.147261	  0.085376	  0.637170	
  0.402545	  0.060597	  0.041016	  0.495841	
  0.097427	  0.234068	  0.033912	  0.634593	
  0.750868	  0.125165	  0.046003	  0.077965	
  0.865617	  0.018378	  0.018798	  0.097207	
  0.097207	  0.018798	  0.018378	  0.865617	
  0.077965	  0.046003	  0.125165	  0.750868	
  0.634593	  0.033912	  0.234068	  0.097427	
  0.350237	  0.112232	  0.128639	  0.408892	
  0.637170	  0.085376	  0.147261	  0.130193	
  0.149412	  0.047445	  0.623403	  0.179740	
  0.201987	  0.158587	  0.554009	  0.085417	
  0.196195	  0.137159	  0.097629	  0.569017	
  0.356039	  0.265821	  0.188299	  0.189841	
  0.409458	  0.235182	  0.244325	  0.111035	

URL http://cisbp.ccbr.utoronto.ca/TFreport.php?searchTF=T113258_1.02

MOTIF M4209_1.02 (ZYRO0G21582g)_(Saccharomyces_cerevisiae)_(DBD_0.83)

letter-probability matrix: alength= 4 w= 8 nsites= 1 E= 0
  0.279412	  0.044118	  0.632353	  0.044118	
  0.000000	  0.000000	  0.000000	  1.000000	
  0.000000	  0.000000	  0.000000	  1.000000	
  0.000000	  1.000000	  0.000000	  0.000000	
  0.000000	  1.000000	  0.000000	  0.000000	
  0.000000	  0.000000	  1.000000	  0.000000	
  0.411765	  0.058824	  0.470588	  0.058824	
  0.161765	  0.220588	  0.102941	  0.514706	

URL http://cisbp.ccbr.utoronto.ca/TFreport.php?searchTF=T167079_1.02

MOTIF M4217_1.02 (ZYRO0D08426g)_(Saccharomyces_cerevisiae)_(DBD_0.76)

letter-probability matrix: alength= 4 w= 8 nsites= 1 E= 0
  0.513075	  0.160895	  0.248858	  0.077172	
  0.272549	  0.076780	  0.041351	  0.609320	
  0.670106	  0.315845	  0.006581	  0.007468	
  0.946809	  0.053191	  0.000000	  0.000000	
  1.000000	  0.000000	  0.000000	  0.000000	
  0.007021	  0.855953	  0.004388	  0.132638	
  0.950104	  0.017114	  0.015356	  0.017426	
  0.580308	  0.170674	  0.108697	  0.140321	

URL http://cisbp.ccbr.utoronto.ca/TFreport.php?searchTF=T083615_1.02

MOTIF M4221_1.02 (ZYRO0A05302g)_(Saccharomyces_cerevisiae)_(DBD_0.90)

letter-probability matrix: alength= 4 w= 12 nsites= 1 E= 0
  0.169865	  0.287326	  0.266798	  0.276011	
  0.272993	  0.270890	  0.251143	  0.204974	
  0.206112	  0.315978	  0.275699	  0.202211	
  0.253691	  0.000659	  0.654353	  0.091297	
  0.000966	  0.000965	  0.965054	  0.033015	
  0.057495	  0.000905	  0.036680	  0.904920	
  0.000954	  0.033970	  0.953655	  0.011421	
  0.000995	  0.000996	  0.995144	  0.002865	
  0.014215	  0.983817	  0.000984	  0.000984	
  0.591337	  0.000597	  0.406590	  0.001477	
  0.916221	  0.000916	  0.001313	  0.081550	
  0.586225	  0.204251	  0.070524	  0.139000	

URL http://cisbp.ccbr.utoronto.ca/TFreport.php?searchTF=T069427_1.02

MOTIF M4228_1.02 (ZYRO0A03058g)_(Saccharomyces_cerevisiae)_(DBD_0.90)

letter-probability matrix: alength= 4 w= 15 nsites= 1 E= 0
  0.600000	  0.000000	  0.000000	  0.400000	
  0.600000	  0.000000	  0.000000	  0.400000	
  0.000000	  0.000000	  0.000000	  1.000000	
  0.100000	  0.000000	  0.100000	  0.800000	
  0.000000	  1.000000	  0.000000	  0.000000	
  0.000000	  1.000000	  0.000000	  0.000000	
  0.400000	  0.100000	  0.500000	  0.000000	
  0.200000	  0.300000	  0.400000	  0.100000	
  0.100000	  0.600000	  0.000000	  0.300000	
  0.000000	  0.000000	  1.000000	  0.000000	
  0.000000	  0.000000	  1.000000	  0.000000	
  0.600000	  0.100000	  0.200000	  0.100000	
  0.900000	  0.000000	  0.000000	  0.100000	
  0.300000	  0.000000	  0.100000	  0.600000	
  0.200000	  0.200000	  0.000000	  0.600000	

URL http://cisbp.ccbr.utoronto.ca/TFreport.php?searchTF=T167034_1.02

MOTIF M4230_1.02 (ZYRO0C13508g)_(Saccharomyces_cerevisiae)_(DBD_0.77)

letter-probability matrix: alength= 4 w= 7 nsites= 1 E= 0
  0.732659	  0.061211	  0.139365	  0.066764	
  0.008657	  0.003863	  0.980637	  0.006844	
  0.025744	  0.009533	  0.960008	  0.004715	
  0.028381	  0.009908	  0.935487	  0.026224	
  0.105717	  0.019929	  0.004239	  0.870115	
  0.059933	  0.803422	  0.034584	  0.102061	
  0.018447	  0.683620	  0.041876	  0.256057	

URL http://cisbp.ccbr.utoronto.ca/TFreport.php?searchTF=T069436_1.02

MOTIF M4233_1.02 (ZYRO0B11770g)_(Saccharomyces_cerevisiae)_(DBD_0.88)

letter-probability matrix: alength= 4 w= 9 nsites= 1 E= 0
  0.300733	  0.183374	  0.193154	  0.322738	
  0.273839	  0.156479	  0.110024	  0.459658	
  0.317848	  0.151589	  0.044010	  0.486553	
  1.000000	  0.000000	  0.000000	  0.000000	
  0.127139	  0.000000	  0.872861	  0.000000	
  0.000000	  0.000000	  1.000000	  0.000000	
  0.000000	  0.000000	  1.000000	  0.000000	
  0.029340	  0.000000	  0.970660	  0.000000	
  0.251834	  0.124694	  0.215159	  0.408313	

URL http://cisbp.ccbr.utoronto.ca/TFreport.php?searchTF=T069431_1.02

MOTIF M4235_1.02 (ZYRO0F10428g)_(Saccharomyces_cerevisiae)_(DBD_0.81)

letter-probability matrix: alength= 4 w= 8 nsites= 1 E= 0
  0.076923	  0.076923	  0.230769	  0.615385	
  0.000000	  0.000000	  1.000000	  0.000000	
  0.000000	  1.000000	  0.000000	  0.000000	
  0.000000	  0.000000	  0.000000	  1.000000	
  0.000000	  0.000000	  1.000000	  0.000000	
  0.000000	  0.000000	  1.000000	  0.000000	
  0.038462	  0.038462	  0.269231	  0.653846	
  0.250000	  0.250000	  0.096154	  0.403846	

URL http://cisbp.ccbr.utoronto.ca/TFreport.php?searchTF=T069443_1.02

MOTIF M4237_1.02 (ZYRO0C04686g)_(Saccharomyces_cerevisiae)_(DBD_0.79)

letter-probability matrix: alength= 4 w= 9 nsites= 1 E= 0
  0.125000	  0.187500	  0.125000	  0.562500	
  0.421875	  0.046875	  0.109375	  0.421875	
  0.390625	  0.078125	  0.515625	  0.015625	
  0.000000	  0.812500	  0.187500	  0.000000	
  0.000000	  1.000000	  0.000000	  0.000000	
  0.000000	  0.000000	  1.000000	  0.000000	
  0.000000	  1.000000	  0.000000	  0.000000	
  0.031250	  0.218750	  0.656250	  0.093750	
  0.187500	  0.187500	  0.437500	  0.187500	

URL http://cisbp.ccbr.utoronto.ca/TFreport.php?searchTF=T167045_1.02

MOTIF M4239_1.02 (ZYRO0A09416g)_(Saccharomyces_cerevisiae)_(DBD_0.81)

letter-probability matrix: alength= 4 w= 7 nsites= 1 E= 0
  0.093123	  0.059999	  0.505577	  0.341301	
  0.095242	  0.202811	  0.059809	  0.642138	
  0.000000	  0.000000	  1.000000	  0.000000	
  0.000000	  0.000000	  1.000000	  0.000000	
  0.146597	  0.000000	  0.853403	  0.000000	
  0.001114	  0.001304	  0.996309	  0.001273	
  0.221005	  0.130670	  0.241650	  0.406675	

URL http://cisbp.ccbr.utoronto.ca/TFreport.php?searchTF=T069428_1.02

MOTIF M4240_1.02 (ZYRO0F08162g)_(Saccharomyces_cerevisiae)_(DBD_0.85)

letter-probability matrix: alength= 4 w= 8 nsites= 1 E= 0
  0.149579	  0.113163	  0.070576	  0.666681	
  0.084934	  0.000888	  0.887596	  0.026582	
  0.045697	  0.041194	  0.013738	  0.899371	
  0.000997	  0.000997	  0.997009	  0.000997	
  0.000793	  0.101753	  0.792847	  0.104608	
  0.187352	  0.603413	  0.093865	  0.115371	
  0.440019	  0.021210	  0.348251	  0.190519	
  0.080985	  0.408432	  0.236464	  0.274119	

URL http://cisbp.ccbr.utoronto.ca/TFreport.php?searchTF=T069442_1.02

MOTIF M4243_1.02 (ZYRO0C13882g)_(Saccharomyces_cerevisiae)_(DBD_0.88)

letter-probability matrix: alength= 4 w= 7 nsites= 1 E= 0
  0.176573	  0.337413	  0.260490	  0.225524	
  0.141608	  0.365385	  0.302448	  0.190559	
  0.204545	  0.183566	  0.547203	  0.064685	
  0.001748	  0.994755	  0.001748	  0.001748	
  0.001748	  0.001748	  0.994755	  0.001748	
  0.001748	  0.994755	  0.001748	  0.001748	
  0.036713	  0.050699	  0.910839	  0.001748	

URL http://cisbp.ccbr.utoronto.ca/TFreport.php?searchTF=T167047_1.02

MOTIF M4255_1.02 (ZYRO0D09174g)_(Saccharomyces_cerevisiae)_(DBD_0.61)

letter-probability matrix: alength= 4 w= 8 nsites= 1 E= 0
  0.538827	  0.103527	  0.357108	  0.000539	
  0.000997	  0.000997	  0.000997	  0.997009	
  0.000972	  0.000972	  0.972361	  0.025695	
  0.997009	  0.000997	  0.000997	  0.000997	
  0.000719	  0.719011	  0.275700	  0.004570	
  0.091972	  0.022445	  0.000885	  0.884699	
  0.105908	  0.888764	  0.000889	  0.004440	
  0.810068	  0.023153	  0.106526	  0.060253	

URL http://cisbp.ccbr.utoronto.ca/TFreport.php?searchTF=T031563_1.02

MOTIF M4256_1.02 (ZYRO0E08426g)_(Saccharomyces_cerevisiae)_(DBD_0.88)

letter-probability matrix: alength= 4 w= 7 nsites= 1 E= 0
  0.142406	  0.230826	  0.221607	  0.405160	
  0.090188	  0.165111	  0.690994	  0.053707	
  0.013951	  0.552753	  0.020831	  0.412465	
  0.000000	  0.000000	  1.000000	  0.000000	
  0.000000	  0.000000	  1.000000	  0.000000	
  0.060345	  0.000000	  0.939655	  0.000000	
  0.006976	  0.009135	  0.975932	  0.007957	

URL http://cisbp.ccbr.utoronto.ca/TFreport.php?searchTF=T069440_1.02

MOTIF M4257_1.02 (ZYRO0E08910g)_(Saccharomyces_cerevisiae)_(DBD_0.83)

letter-probability matrix: alength= 4 w= 5 nsites= 1 E= 0
  0.000454	  0.000454	  0.998639	  0.000454	
  0.998639	  0.000454	  0.000454	  0.000454	
  0.000454	  0.000454	  0.000454	  0.998639	
  0.742740	  0.000454	  0.000454	  0.256352	
  0.613884	  0.000454	  0.269056	  0.116606	

URL http://cisbp.ccbr.utoronto.ca/TFreport.php?searchTF=T086465_1.02

MOTIF M4265_1.02 (ZYRO0G19140g)_(Saccharomyces_cerevisiae)_(DBD_0.86)

letter-probability matrix: alength= 4 w= 9 nsites= 1 E= 0
  0.336788	  0.051813	  0.290155	  0.321244	
  0.751296	  0.036269	  0.000000	  0.212435	
  0.316062	  0.082902	  0.000000	  0.601036	
  1.000000	  0.000000	  0.000000	  0.000000	
  0.000000	  0.000000	  1.000000	  0.000000	
  0.000000	  0.000000	  1.000000	  0.000000	
  0.088083	  0.000000	  0.911917	  0.000000	
  0.020725	  0.005181	  0.974094	  0.000000	
  0.129534	  0.233161	  0.290155	  0.347150	

URL http://cisbp.ccbr.utoronto.ca/TFreport.php?searchTF=T069446_1.02

MOTIF M4266_1.02 (ZYRO0G14806g)_(Saccharomyces_cerevisiae)_(DBD_0.99)

letter-probability matrix: alength= 4 w= 21 nsites= 1 E= 0
  0.277896	  0.250994	  0.386874	  0.084236	
  0.337701	  0.191203	  0.147499	  0.323596	
  0.253161	  0.345476	  0.088062	  0.313301	
  0.160289	  0.200315	  0.154575	  0.484821	
  0.545495	  0.139664	  0.154641	  0.160199	
  0.115326	  0.098646	  0.701617	  0.084410	
  0.287085	  0.198825	  0.266325	  0.247765	
  0.332186	  0.110816	  0.027332	  0.529666	
  0.907072	  0.007916	  0.025927	  0.059085	
  0.012689	  0.007855	  0.023849	  0.955608	
  0.981186	  0.002417	  0.004390	  0.012006	
  0.038291	  0.001865	  0.005177	  0.954667	
  0.970929	  0.002253	  0.006019	  0.020798	
  0.044741	  0.004462	  0.003313	  0.947483	
  0.883835	  0.010075	  0.024913	  0.081177	
  0.186324	  0.062165	  0.094376	  0.657135	
  0.264806	  0.122748	  0.129197	  0.483248	
  0.137280	  0.380802	  0.369687	  0.112231	
  0.266096	  0.228247	  0.383999	  0.121658	
  0.350006	  0.176397	  0.172576	  0.301021	
  0.248908	  0.193837	  0.270884	  0.286371	

URL http://cisbp.ccbr.utoronto.ca/TFreport.php?searchTF=T151013_1.02

MOTIF M4271_1.02 (ZYRO0F03102g)_(Saccharomyces_cerevisiae)_(DBD_0.60)

letter-probability matrix: alength= 4 w= 12 nsites= 1 E= 0
  0.515737	  0.048552	  0.135243	  0.300467	
  0.202883	  0.055139	  0.546926	  0.195052	
  0.100050	  0.000885	  0.884810	  0.014255	
  0.739152	  0.243117	  0.000741	  0.016990	
  0.028217	  0.918421	  0.000919	  0.052443	
  0.979716	  0.000980	  0.000980	  0.018325	
  0.000972	  0.970252	  0.007485	  0.021291	
  0.067383	  0.062527	  0.869221	  0.000869	
  0.085060	  0.087673	  0.101073	  0.726194	
  0.563717	  0.120622	  0.254631	  0.061029	
  0.087230	  0.278291	  0.061829	  0.572651	
  0.199688	  0.313834	  0.377010	  0.109468	

URL http://cisbp.ccbr.utoronto.ca/TFreport.php?searchTF=T031567_1.02

MOTIF M4276_1.02 (ZYRO0G09438g)_(Saccharomyces_cerevisiae)_(DBD_0.88)

letter-probability matrix: alength= 4 w= 7 nsites= 1 E= 0
  0.071259	  0.298663	  0.583022	  0.047056	
  0.007434	  0.498571	  0.033741	  0.460255	
  0.000000	  0.000000	  1.000000	  0.000000	
  0.000000	  0.000000	  1.000000	  0.000000	
  0.000000	  0.000000	  1.000000	  0.000000	
  0.008921	  0.011618	  0.969378	  0.010083	
  0.179476	  0.146057	  0.353710	  0.320756	

URL http://cisbp.ccbr.utoronto.ca/TFreport.php?searchTF=T069445_1.02

MOTIF M4279_1.02 (ZYRO0G08734g)_(Saccharomyces_cerevisiae)_(DBD_0.83)

letter-probability matrix: alength= 4 w= 8 nsites= 1 E= 0
  0.040000	  0.103000	  0.047000	  0.810000	
  0.010000	  0.021000	  0.025000	  0.944000	
  0.036000	  0.939000	  0.021000	  0.004000	
  0.001998	  0.001998	  0.002997	  0.993007	
  0.740000	  0.059000	  0.178000	  0.023000	
  0.029029	  0.033033	  0.733734	  0.204204	
  0.979000	  0.013000	  0.006000	  0.002000	
  0.844000	  0.057000	  0.045000	  0.054000	

URL http://cisbp.ccbr.utoronto.ca/TFreport.php?searchTF=T107328_1.02

MOTIF M4294_1.02 (ZYRO0B07568g)_(Saccharomyces_cerevisiae)_(DBD_0.81)

letter-probability matrix: alength= 4 w= 14 nsites= 1 E= 0
  0.246377	  0.258799	  0.238095	  0.256729	
  0.262940	  0.256729	  0.260870	  0.219462	
  0.265010	  0.260870	  0.219462	  0.254658	
  0.256729	  0.252588	  0.238095	  0.252588	
  0.298137	  0.202899	  0.258799	  0.240166	
  0.310559	  0.202899	  0.256729	  0.229814	
  0.308489	  0.165631	  0.260870	  0.265010	
  0.010352	  0.008282	  0.981366	  0.000000	
  0.279503	  0.308489	  0.004141	  0.407867	
  0.000000	  0.000000	  0.993789	  0.006211	
  0.000000	  0.000000	  1.000000	  0.000000	
  0.012422	  0.000000	  0.987578	  0.000000	
  0.000000	  0.000000	  1.000000	  0.000000	
  0.136646	  0.269151	  0.236025	  0.358178	

URL http://cisbp.ccbr.utoronto.ca/TFreport.php?searchTF=T069430_1.02

MOTIF M4296_1.02 (ZYRO0B01100g)_(Saccharomyces_cerevisiae)_(DBD_0.56)

letter-probability matrix: alength= 4 w= 8 nsites= 1 E= 0
  0.000997	  0.000997	  0.000997	  0.997009	
  0.000974	  0.000974	  0.023687	  0.974364	
  0.972947	  0.000973	  0.000973	  0.025107	
  0.000520	  0.520128	  0.478832	  0.000520	
  0.209451	  0.144356	  0.620503	  0.025690	
  0.035966	  0.036987	  0.028984	  0.898064	
  0.816276	  0.083576	  0.085666	  0.014483	
  0.992266	  0.000992	  0.000992	  0.005749	

URL http://cisbp.ccbr.utoronto.ca/TFreport.php?searchTF=T031561_1.02

MOTIF M4299_1.02 (ZYRO0D13992g)_(Saccharomyces_cerevisiae)_(DBD_0.71)

letter-probability matrix: alength= 4 w= 20 nsites= 1 E= 0
  0.268614	  0.122700	  0.265909	  0.342777	
  0.259140	  0.344374	  0.237752	  0.158734	
  0.179766	  0.161550	  0.427007	  0.231677	
  0.227787	  0.205416	  0.240489	  0.326307	
  0.109600	  0.359943	  0.312309	  0.218149	
  0.341145	  0.139832	  0.433015	  0.086007	
  0.030401	  0.338455	  0.012751	  0.618393	
  0.460697	  0.004604	  0.520591	  0.014108	
  0.029720	  0.948501	  0.013051	  0.008728	
  0.003829	  0.128114	  0.866343	  0.001714	
  0.001229	  0.148653	  0.849176	  0.000941	
  0.004278	  0.987781	  0.005756	  0.002185	
  0.312182	  0.005584	  0.647777	  0.034457	
  0.045966	  0.829086	  0.011156	  0.113792	
  0.081686	  0.567373	  0.111967	  0.238974	
  0.325874	  0.143008	  0.405070	  0.126048	
  0.336718	  0.176576	  0.209919	  0.276787	
  0.157047	  0.211317	  0.193514	  0.438122	
  0.174549	  0.293678	  0.242982	  0.288791	
  0.385744	  0.175089	  0.258547	  0.180619	

URL http://cisbp.ccbr.utoronto.ca/TFreport.php?searchTF=T069438_1.02

MOTIF M4305_1.02 (ZYRO0G00484g)_(Saccharomyces_cerevisiae)_(DBD_0.78)

letter-probability matrix: alength= 4 w= 9 nsites= 1 E= 0
  0.098098	  0.200200	  0.593594	  0.108108	
  0.035000	  0.030000	  0.913000	  0.022000	
  0.046000	  0.428000	  0.425000	  0.101000	
  0.017000	  0.876000	  0.072000	  0.035000	
  0.121000	  0.363000	  0.314000	  0.202000	
  0.324000	  0.309000	  0.313000	  0.054000	
  0.052000	  0.042000	  0.874000	  0.032000	
  0.217000	  0.279000	  0.420000	  0.084000	
  0.058941	  0.839161	  0.047952	  0.053946	

URL http://cisbp.ccbr.utoronto.ca/TFreport.php?searchTF=T107327_1.02

MOTIF M4307_1.02 (ZYRO0D16214g)_(Saccharomyces_cerevisiae)_(DBD_0.66)

letter-probability matrix: alength= 4 w= 9 nsites= 1 E= 0
  0.473684	  0.105263	  0.315789	  0.105263	
  0.013158	  0.013158	  0.013158	  0.960526	
  0.013158	  0.013158	  0.907895	  0.065789	
  1.000000	  0.000000	  0.000000	  0.000000	
  0.000000	  1.000000	  0.000000	  0.000000	
  0.052632	  0.000000	  0.947368	  0.000000	
  0.000000	  0.000000	  0.000000	  1.000000	
  0.447368	  0.289474	  0.078947	  0.184211	
  0.460526	  0.144737	  0.197368	  0.197368	

URL http://cisbp.ccbr.utoronto.ca/TFreport.php?searchTF=T031565_1.02

MOTIF M4308_1.02 (ZYRO0C08250g)_(Saccharomyces_cerevisiae)_(DBD_0.79)

letter-probability matrix: alength= 4 w= 16 nsites= 1 E= 0
  1.000000	  0.000000	  0.000000	  0.000000	
  1.000000	  0.000000	  0.000000	  0.000000	
  0.000000	  0.000000	  0.000000	  1.000000	
  0.000000	  1.000000	  0.000000	  0.000000	
  1.000000	  0.000000	  0.000000	  0.000000	
  0.250000	  0.250000	  0.250000	  0.250000	
  0.250000	  0.250000	  0.250000	  0.250000	
  0.250000	  0.250000	  0.250000	  0.250000	
  0.250000	  0.250000	  0.250000	  0.250000	
  0.250000	  0.250000	  0.250000	  0.250000	
  0.250000	  0.250000	  0.250000	  0.250000	
  0.250000	  0.250000	  0.250000	  0.250000	
  0.250000	  0.250000	  0.250000	  0.250000	
  0.000000	  0.000000	  0.000000	  1.000000	
  0.000000	  0.000000	  1.000000	  0.000000	
  1.000000	  0.000000	  0.000000	  0.000000	

URL http://cisbp.ccbr.utoronto.ca/TFreport.php?searchTF=T153830_1.02

MOTIF M4319_1.02 (ZYRO0F01804g)_(Saccharomyces_cerevisiae)_(DBD_0.76)

letter-probability matrix: alength= 4 w= 21 nsites= 1 E= 0
  0.322548	  0.207571	  0.190454	  0.279426	
  0.160074	  0.172216	  0.229316	  0.438395	
  0.219382	  0.289418	  0.168908	  0.322291	
  0.461381	  0.124628	  0.184273	  0.229718	
  0.349612	  0.201072	  0.233241	  0.216074	
  0.342502	  0.144311	  0.281900	  0.231287	
  0.566078	  0.022501	  0.017576	  0.393844	
  0.849427	  0.009370	  0.020674	  0.120529	
  0.400368	  0.164609	  0.182670	  0.252352	
  0.003731	  0.916518	  0.010544	  0.069207	
  0.004779	  0.177764	  0.038898	  0.778560	
  0.003126	  0.985672	  0.001336	  0.009866	
  0.000987	  0.972506	  0.025512	  0.000994	
  0.000802	  0.030741	  0.967169	  0.001288	
  0.136500	  0.004161	  0.849357	  0.009982	
  0.708847	  0.060727	  0.197735	  0.032691	
  0.289826	  0.183904	  0.438604	  0.087666	
  0.164184	  0.172297	  0.205085	  0.458434	
  0.373681	  0.101036	  0.232782	  0.292501	
  0.225637	  0.168325	  0.299085	  0.306953	
  0.322790	  0.212682	  0.195581	  0.268947	

URL http://cisbp.ccbr.utoronto.ca/TFreport.php?searchTF=T167066_1.02

MOTIF M4320_1.02 (ZYRO0D03894g)_(Saccharomyces_cerevisiae)_(DBD_0.86)

letter-probability matrix: alength= 4 w= 6 nsites= 1 E= 0
  0.011904	  0.011904	  0.964289	  0.011904	
  0.964289	  0.011904	  0.011904	  0.011904	
  0.011904	  0.011904	  0.011904	  0.964289	
  0.964289	  0.011904	  0.011904	  0.011904	
  0.964289	  0.011904	  0.011904	  0.011904	
  0.011904	  0.011904	  0.964289	  0.011904	

URL http://cisbp.ccbr.utoronto.ca/TFreport.php?searchTF=T086463_1.02

MOTIF M4322_1.02 (ZYRO0G04466g)_(Saccharomyces_cerevisiae)_(DBD_0.88)

letter-probability matrix: alength= 4 w= 8 nsites= 1 E= 0
  0.158101	  0.347706	  0.234064	  0.260129	
  0.054198	  0.943914	  0.000944	  0.000944	
  0.851276	  0.039799	  0.041101	  0.067825	
  0.008522	  0.707117	  0.049200	  0.235161	
  0.177276	  0.148503	  0.666920	  0.007302	
  0.144402	  0.101783	  0.043273	  0.710542	
  0.025363	  0.069058	  0.748548	  0.157031	
  0.394569	  0.153235	  0.157514	  0.294683	

URL http://cisbp.ccbr.utoronto.ca/TFreport.php?searchTF=T021817_1.02

MOTIF M4330_1.02 (ZYRO0F01012g)_(Saccharomyces_cerevisiae)_(DBD_0.96)

letter-probability matrix: alength= 4 w= 5 nsites= 1 E= 0
  0.831197	  0.002137	  0.164530	  0.002137	
  0.002137	  0.002137	  0.993590	  0.002137	
  0.002137	  0.002137	  0.993590	  0.002137	
  0.002137	  0.002137	  0.993590	  0.002137	
  0.002137	  0.002137	  0.985043	  0.010684	

URL http://cisbp.ccbr.utoronto.ca/TFreport.php?searchTF=T069441_1.02

MOTIF M4333_1.02 (ZYRO0B13134g)_(Saccharomyces_cerevisiae)_(DBD_0.97)

letter-probability matrix: alength= 4 w= 5 nsites= 1 E= 0
  1.000000	  0.000000	  0.000000	  0.000000	
  0.000000	  0.000000	  0.000000	  1.000000	
  0.000000	  1.000000	  0.000000	  0.000000	
  1.000000	  0.000000	  0.000000	  0.000000	
  0.500000	  0.000000	  0.500000	  0.000000	

URL http://cisbp.ccbr.utoronto.ca/TFreport.php?searchTF=T086462_1.02

MOTIF M4340_1.02 (ZYRO0A10956g)_(Saccharomyces_cerevisiae)_(DBD_0.78)

letter-probability matrix: alength= 4 w= 14 nsites= 1 E= 0
  0.020000	  0.249000	  0.185000	  0.546000	
  0.012987	  0.864136	  0.109890	  0.012987	
  0.053000	  0.021000	  0.872000	  0.054000	
  0.013000	  0.029000	  0.877000	  0.081000	
  0.129000	  0.377000	  0.250000	  0.244000	
  0.548000	  0.294000	  0.145000	  0.013000	
  0.116000	  0.013000	  0.061000	  0.810000	
  0.029000	  0.123000	  0.101000	  0.747000	
  0.030000	  0.468000	  0.247000	  0.255000	
  0.021000	  0.065000	  0.407000	  0.507000	
  0.029000	  0.897000	  0.031000	  0.043000	
  0.206793	  0.739261	  0.022977	  0.030969	
  0.012987	  0.038961	  0.935065	  0.012987	
  0.851000	  0.021000	  0.115000	  0.013000	

URL http://cisbp.ccbr.utoronto.ca/TFreport.php?searchTF=T167037_1.02

MOTIF M4343_1.02 (ZYRO0E04642g)_(Saccharomyces_cerevisiae)_(DBD_0.85)

letter-probability matrix: alength= 4 w= 16 nsites= 1 E= 0
  0.088000	  0.066000	  0.637000	  0.209000	
  0.062000	  0.064000	  0.851000	  0.023000	
  0.030000	  0.113000	  0.052000	  0.805000	
  0.239000	  0.048000	  0.062000	  0.651000	
  0.200200	  0.127127	  0.624625	  0.048048	
  0.007007	  0.752753	  0.012012	  0.228228	
  0.038000	  0.702000	  0.054000	  0.206000	
  0.646000	  0.055000	  0.207000	  0.092000	
  0.027000	  0.190000	  0.060000	  0.723000	
  0.223000	  0.029000	  0.718000	  0.030000	
  0.215000	  0.199000	  0.535000	  0.051000	
  0.084000	  0.660000	  0.022000	  0.234000	
  0.616617	  0.109109	  0.240240	  0.034034	
  0.871000	  0.013000	  0.102000	  0.014000	
  0.083000	  0.749000	  0.109000	  0.059000	
  0.078000	  0.181000	  0.694000	  0.047000	

URL http://cisbp.ccbr.utoronto.ca/TFreport.php?searchTF=T139200_1.02

MOTIF M4345_1.02 (ZYRO0A09350g)_(Saccharomyces_cerevisiae)_(DBD_0.80)

letter-probability matrix: alength= 4 w= 18 nsites= 1 E= 0
  0.414968	  0.082292	  0.162334	  0.340406	
  0.226582	  0.137643	  0.295918	  0.339857	
  0.027706	  0.292985	  0.277355	  0.401955	
  0.015996	  0.050576	  0.006306	  0.927122	
  0.001571	  0.963026	  0.015847	  0.019556	
  0.001814	  0.951544	  0.040276	  0.006366	
  0.036857	  0.013387	  0.932452	  0.017304	
  0.123788	  0.108538	  0.416335	  0.351339	
  0.271721	  0.419889	  0.079190	  0.229200	
  0.127449	  0.349488	  0.295238	  0.227826	
  0.438519	  0.160786	  0.260295	  0.140399	
  0.023256	  0.711629	  0.021715	  0.243399	
  0.012954	  0.935754	  0.009399	  0.041893	
  0.010502	  0.944802	  0.031179	  0.013517	
  0.008397	  0.200540	  0.784300	  0.006763	
  0.285406	  0.127340	  0.526312	  0.060942	
  0.420875	  0.163441	  0.248870	  0.166814	
  0.338768	  0.203219	  0.202988	  0.255025	

URL http://cisbp.ccbr.utoronto.ca/TFreport.php?searchTF=T167036_1.02

MOTIF M4346_1.02 (ZYRO0E05412g)_(Saccharomyces_cerevisiae)_(DBD_0.90)

letter-probability matrix: alength= 4 w= 11 nsites= 1 E= 0
  0.035964	  0.615385	  0.328671	  0.019980	
  0.008000	  0.960000	  0.007000	  0.025000	
  0.007000	  0.004000	  0.973000	  0.016000	
  0.499000	  0.103000	  0.172000	  0.226000	
  0.107107	  0.009009	  0.012012	  0.871872	
  0.832000	  0.040000	  0.062000	  0.066000	
  0.292000	  0.012000	  0.033000	  0.663000	
  0.111000	  0.242000	  0.064000	  0.583000	
  0.091908	  0.075924	  0.252747	  0.579421	
  0.007000	  0.948000	  0.021000	  0.024000	
  0.017000	  0.955000	  0.019000	  0.009000	

URL http://cisbp.ccbr.utoronto.ca/TFreport.php?searchTF=T167062_1.02

MOTIF M4351_1.02 (ZYRO0B12738g)_(Saccharomyces_cerevisiae)_(DBD_0.96)

letter-probability matrix: alength= 4 w= 21 nsites= 1 E= 0
  0.208696	  0.405151	  0.169819	  0.216333	
  0.324620	  0.374099	  0.083387	  0.217895	
  0.301249	  0.154976	  0.428176	  0.115598	
  0.306024	  0.165499	  0.201064	  0.327413	
  0.459041	  0.103429	  0.354844	  0.082686	
  0.376416	  0.091208	  0.405793	  0.126584	
  0.782067	  0.073699	  0.071140	  0.073094	
  0.898580	  0.035998	  0.046491	  0.018931	
  0.904580	  0.009331	  0.050773	  0.035316	
  0.855891	  0.014949	  0.042479	  0.086681	
  0.408314	  0.016047	  0.034020	  0.541619	
  0.086681	  0.042479	  0.014949	  0.855891	
  0.035316	  0.050773	  0.009331	  0.904580	
  0.018931	  0.046491	  0.035998	  0.898580	
  0.073094	  0.071140	  0.073699	  0.782067	
  0.082090	  0.342064	  0.042679	  0.533167	
  0.271462	  0.297502	  0.077857	  0.353179	
  0.238045	  0.293678	  0.217545	  0.250731	
  0.343065	  0.192549	  0.174988	  0.289398	
  0.309174	  0.194568	  0.293870	  0.202389	
  0.250790	  0.161885	  0.159905	  0.427421	

URL http://cisbp.ccbr.utoronto.ca/TFreport.php?searchTF=T069432_1.02

MOTIF M4352_1.02 (ZYRO0D01650g)_(Saccharomyces_cerevisiae)_(DBD_0.88)

letter-probability matrix: alength= 4 w= 10 nsites= 1 E= 0
  0.022314	  0.657563	  0.295462	  0.024661	
  0.006604	  0.980187	  0.006604	  0.006604	
  0.022796	  0.004452	  0.660673	  0.312080	
  0.172038	  0.232227	  0.395855	  0.199880	
  0.224192	  0.166086	  0.142951	  0.466771	
  0.466771	  0.142951	  0.166086	  0.224192	
  0.199880	  0.395855	  0.232227	  0.172038	
  0.312080	  0.660673	  0.004452	  0.022796	
  0.006604	  0.006604	  0.980187	  0.006604	
  0.024661	  0.295462	  0.657563	  0.022314	

URL http://cisbp.ccbr.utoronto.ca/TFreport.php?searchTF=T167051_1.02

MOTIF M4353_1.02 (ZYRO0D12584g)_(Saccharomyces_cerevisiae)_(DBD_0.66)

letter-probability matrix: alength= 4 w= 8 nsites= 1 E= 0
  0.008288	  0.000990	  0.000990	  0.989732	
  0.010035	  0.000973	  0.015509	  0.973482	
  0.737797	  0.104878	  0.104929	  0.052396	
  0.015762	  0.590638	  0.309112	  0.084488	
  0.254049	  0.072890	  0.672389	  0.000672	
  0.031668	  0.000966	  0.000966	  0.966400	
  0.727478	  0.081121	  0.190673	  0.000727	
  0.990765	  0.003606	  0.004638	  0.000991	

URL http://cisbp.ccbr.utoronto.ca/TFreport.php?searchTF=T031564_1.02

MOTIF M4355_1.02 (ZYRO0D13596g)_(Saccharomyces_cerevisiae)_(DBD_0.77)

letter-probability matrix: alength= 4 w= 8 nsites= 1 E= 0
  0.014706	  0.250000	  0.073529	  0.661765	
  0.000000	  0.000000	  0.000000	  1.000000	
  1.000000	  0.000000	  0.000000	  0.000000	
  1.000000	  0.000000	  0.000000	  0.000000	
  0.000000	  0.000000	  0.000000	  1.000000	
  0.000000	  0.000000	  0.000000	  1.000000	
  0.617647	  0.029412	  0.147059	  0.205882	
  0.544118	  0.132353	  0.132353	  0.191176	

URL http://cisbp.ccbr.utoronto.ca/TFreport.php?searchTF=T103834_1.02

MOTIF M4358_1.02 (ZYRO0B14894g)_(Saccharomyces_cerevisiae)_(DBD_0.96)

letter-probability matrix: alength= 4 w= 21 nsites= 1 E= 0
  0.238137	  0.351012	  0.318876	  0.091974	
  0.304244	  0.218676	  0.268163	  0.208917	
  0.183252	  0.334601	  0.161611	  0.320536	
  0.380384	  0.205961	  0.136230	  0.277425	
  0.361194	  0.083363	  0.272196	  0.283247	
  0.314341	  0.158488	  0.325605	  0.201566	
  0.223861	  0.008509	  0.078272	  0.689359	
  0.001687	  0.002580	  0.991893	  0.003841	
  0.081869	  0.803549	  0.002038	  0.112544	
  0.002807	  0.003670	  0.992575	  0.000947	
  0.001829	  0.002616	  0.993720	  0.001835	
  0.028000	  0.000382	  0.970390	  0.001228	
  0.001832	  0.000673	  0.957292	  0.040203	
  0.055743	  0.069990	  0.081078	  0.793189	
  0.692062	  0.073178	  0.107723	  0.127037	
  0.311437	  0.113318	  0.345056	  0.230189	
  0.091252	  0.320491	  0.122052	  0.466205	
  0.368966	  0.155747	  0.180509	  0.294778	
  0.144665	  0.505633	  0.101710	  0.247992	
  0.391596	  0.070070	  0.375890	  0.162444	
  0.233430	  0.281348	  0.171032	  0.314191	

URL http://cisbp.ccbr.utoronto.ca/TFreport.php?searchTF=T069434_1.02

MOTIF M4359_1.02 (ZYRO0A00440g)_(Saccharomyces_cerevisiae)_(DBD_0.90)

letter-probability matrix: alength= 4 w= 9 nsites= 1 E= 0
  0.172172	  0.679680	  0.129129	  0.019019	
  0.126873	  0.689311	  0.120879	  0.062937	
  0.055000	  0.153000	  0.754000	  0.038000	
  0.571000	  0.314000	  0.034000	  0.081000	
  0.075000	  0.149000	  0.167000	  0.609000	
  0.648000	  0.023000	  0.270000	  0.059000	
  0.039000	  0.761000	  0.175000	  0.025000	
  0.022000	  0.870000	  0.095000	  0.013000	
  0.015000	  0.034000	  0.856000	  0.095000	

URL http://cisbp.ccbr.utoronto.ca/TFreport.php?searchTF=T167033_1.02

MOTIF M4361_1.02 (ZYRO0E06248g)_(Saccharomyces_cerevisiae)_(DBD_0.86)

letter-probability matrix: alength= 4 w= 8 nsites= 1 E= 0
  0.163000	  0.157000	  0.122000	  0.558000	
  0.182000	  0.198000	  0.213000	  0.407000	
  0.110889	  0.503497	  0.232767	  0.152847	
  0.139860	  0.743257	  0.079920	  0.036963	
  0.008000	  0.134000	  0.005000	  0.853000	
  0.008000	  0.005000	  0.947000	  0.040000	
  0.014000	  0.946000	  0.005000	  0.035000	
  0.619000	  0.108000	  0.190000	  0.083000	

URL http://cisbp.ccbr.utoronto.ca/TFreport.php?searchTF=T006970_1.02

MOTIF M4363_1.02 (ZYRO0E06336g)_(Saccharomyces_cerevisiae)_(DBD_0.78)

letter-probability matrix: alength= 4 w= 8 nsites= 1 E= 0
  0.066010	  0.379270	  0.000000	  0.554719	
  0.000000	  0.000000	  1.000000	  0.000000	
  1.000000	  0.000000	  0.000000	  0.000000	
  0.000000	  0.000000	  1.000000	  0.000000	
  0.000000	  0.932362	  0.000000	  0.067638	
  1.000000	  0.000000	  0.000000	  0.000000	
  0.824901	  0.124503	  0.000000	  0.050597	
  0.937967	  0.000000	  0.000000	  0.062033	

URL http://cisbp.ccbr.utoronto.ca/TFreport.php?searchTF=T072012_1.02

MOTIF M4365_1.02 (ZYRO0F00748g)_(Saccharomyces_cerevisiae)_(DBD_0.88)

letter-probability matrix: alength= 4 w= 16 nsites= 1 E= 0
  0.035000	  0.244000	  0.101000	  0.620000	
  0.030969	  0.085914	  0.087912	  0.795205	
  0.158000	  0.102000	  0.199000	  0.541000	
  0.074000	  0.564000	  0.133000	  0.229000	
  0.051051	  0.836837	  0.060060	  0.052052	
  0.229000	  0.168000	  0.355000	  0.248000	
  0.175824	  0.372627	  0.101898	  0.349650	
  0.359640	  0.321678	  0.295704	  0.022977	
  0.123000	  0.355000	  0.283000	  0.239000	
  0.199000	  0.147000	  0.326000	  0.328000	
  0.426573	  0.257742	  0.219780	  0.095904	
  0.029000	  0.024000	  0.929000	  0.018000	
  0.123000	  0.268000	  0.366000	  0.243000	
  0.310000	  0.340000	  0.100000	  0.250000	
  0.164000	  0.327000	  0.316000	  0.193000	
  0.210210	  0.271271	  0.300300	  0.218218	

URL http://cisbp.ccbr.utoronto.ca/TFreport.php?searchTF=T113260_1.02

MOTIF M4366_1.02 (ZYRO0F00726g)_(Saccharomyces_cerevisiae)_(DBD_1.00)

letter-probability matrix: alength= 4 w= 20 nsites= 1 E= 0
  0.247387	  0.159698	  0.111426	  0.481488	
  0.167380	  0.275851	  0.314154	  0.242614	
  0.169124	  0.204936	  0.102300	  0.523640	
  0.089436	  0.084552	  0.161973	  0.664039	
  0.170372	  0.033669	  0.129287	  0.666672	
  0.130139	  0.808174	  0.009383	  0.052304	
  0.011105	  0.812592	  0.007233	  0.169071	
  0.121686	  0.405354	  0.243077	  0.229883	
  0.601855	  0.076270	  0.171089	  0.150786	
  0.663071	  0.007104	  0.035697	  0.294128	
  0.294128	  0.035697	  0.007104	  0.663071	
  0.150786	  0.171089	  0.076270	  0.601855	
  0.169982	  0.443223	  0.270397	  0.116398	
  0.169071	  0.007233	  0.812592	  0.011105	
  0.052304	  0.009383	  0.808174	  0.130139	
  0.721932	  0.093347	  0.103155	  0.081565	
  0.479693	  0.291824	  0.080904	  0.147579	
  0.547301	  0.066068	  0.216109	  0.170522	
  0.176817	  0.317440	  0.108132	  0.397611	
  0.247463	  0.235867	  0.262819	  0.253851	

URL http://cisbp.ccbr.utoronto.ca/TFreport.php?searchTF=T113259_1.02

MOTIF M4368_1.02 (ZYRO0B02002g)_(Saccharomyces_cerevisiae)_(DBD_0.83)

letter-probability matrix: alength= 4 w= 6 nsites= 1 E= 0
  0.329357	  0.329357	  0.011930	  0.329357	
  0.964289	  0.011904	  0.011904	  0.011904	
  0.011904	  0.011904	  0.964289	  0.011904	
  0.011904	  0.011904	  0.964289	  0.011904	
  0.011909	  0.488091	  0.011909	  0.488091	
  0.964289	  0.011904	  0.011904	  0.011904	

URL http://cisbp.ccbr.utoronto.ca/TFreport.php?searchTF=T069429_1.02

MOTIF M4374_1.02 (ZYRO0G14278g)_(Saccharomyces_cerevisiae)_(DBD_0.88)

letter-probability matrix: alength= 4 w= 14 nsites= 1 E= 0
  0.224066	  0.244813	  0.228216	  0.302905	
  0.141414	  0.308081	  0.181818	  0.368687	
  0.054348	  0.793478	  0.108696	  0.043478	
  0.024691	  0.901235	  0.037037	  0.037037	
  0.270370	  0.174074	  0.344444	  0.211111	
  0.078313	  0.319277	  0.162651	  0.439759	
  0.220000	  0.200000	  0.093333	  0.486667	
  0.200913	  0.333333	  0.255708	  0.210046	
  0.347619	  0.142857	  0.352381	  0.157143	
  0.179487	  0.184615	  0.261538	  0.374359	
  0.023529	  0.858824	  0.105882	  0.011765	
  0.013158	  0.960526	  0.013158	  0.013158	
  0.066667	  0.055556	  0.811111	  0.066667	
  0.300412	  0.218107	  0.292181	  0.189300	

URL http://cisbp.ccbr.utoronto.ca/TFreport.php?searchTF=T167075_1.02

MOTIF M4375_1.02 (ZYRO0A02288g)_(Saccharomyces_cerevisiae)_(DBD_0.90)

letter-probability matrix: alength= 4 w= 9 nsites= 1 E= 0
  0.079001	  0.082062	  0.764130	  0.074807	
  0.212205	  0.071026	  0.295015	  0.421755	
  0.002743	  0.003419	  0.990721	  0.003117	
  0.000000	  0.000000	  1.000000	  0.000000	
  0.000000	  1.000000	  0.000000	  0.000000	
  0.005487	  0.006838	  0.356441	  0.631234	
  0.109965	  0.221151	  0.302010	  0.366874	
  0.324101	  0.172824	  0.217040	  0.286035	
  0.142660	  0.177801	  0.477983	  0.201556	

URL http://cisbp.ccbr.utoronto.ca/TFreport.php?searchTF=T069426_1.02

MOTIF M4376_1.02 (ZYRO0A01254g)_(Saccharomyces_cerevisiae)_(DBD_0.90)

letter-probability matrix: alength= 4 w= 20 nsites= 1 E= 0
  0.240122	  0.196861	  0.220816	  0.342201	
  0.277890	  0.146179	  0.267804	  0.308128	
  0.341839	  0.174534	  0.219739	  0.263888	
  0.571702	  0.146030	  0.143912	  0.138356	
  0.495698	  0.110596	  0.176615	  0.217091	
  0.379266	  0.157960	  0.126669	  0.336105	
  0.179551	  0.004748	  0.813593	  0.002108	
  0.014558	  0.004260	  0.000952	  0.980230	
  0.950367	  0.047308	  0.000771	  0.001554	
  0.979678	  0.011390	  0.000976	  0.007956	
  0.986667	  0.001016	  0.002691	  0.009625	
  0.001767	  0.797833	  0.001297	  0.199103	
  0.989636	  0.001249	  0.003667	  0.005447	
  0.823954	  0.069661	  0.032500	  0.073884	
  0.684172	  0.025110	  0.106580	  0.184138	
  0.212491	  0.210952	  0.446148	  0.130410	
  0.353169	  0.173423	  0.321436	  0.151971	
  0.208011	  0.239547	  0.274318	  0.278123	
  0.315164	  0.071640	  0.432442	  0.180754	
  0.338566	  0.263541	  0.274442	  0.123450	

URL http://cisbp.ccbr.utoronto.ca/TFreport.php?searchTF=T083613_1.02

MOTIF M4378_1.02 (ZYRO0G05016g)_(Saccharomyces_cerevisiae)_(DBD_0.65)

letter-probability matrix: alength= 4 w= 8 nsites= 1 E= 0
  0.608837	  0.055475	  0.209127	  0.126560	
  0.550979	  0.093494	  0.220766	  0.134761	
  0.065601	  0.052550	  0.031814	  0.850034	
  0.021085	  0.064965	  0.658255	  0.255695	
  0.873141	  0.017828	  0.063305	  0.045726	
  0.000863	  0.862996	  0.012969	  0.123172	
  0.073458	  0.060235	  0.865441	  0.000865	
  0.038916	  0.186428	  0.047516	  0.727140	

URL http://cisbp.ccbr.utoronto.ca/TFreport.php?searchTF=T031570_1.02

MOTIF M4387_1.02 (ZYRO0C02376g)_(Saccharomyces_cerevisiae)_(DBD_0.75)

letter-probability matrix: alength= 4 w= 8 nsites= 1 E= 0
  0.008465	  0.000990	  0.989556	  0.000990	
  0.006459	  0.000969	  0.023418	  0.969154	
  0.028187	  0.957965	  0.000958	  0.012890	
  0.048737	  0.737543	  0.036474	  0.177247	
  0.306391	  0.229026	  0.147592	  0.316990	
  0.428071	  0.132570	  0.104105	  0.335255	
  0.772683	  0.007055	  0.096063	  0.124199	
  0.111995	  0.036040	  0.015598	  0.836367	

URL http://cisbp.ccbr.utoronto.ca/TFreport.php?searchTF=T087106_1.02

MOTIF M4392_1.02 (ZYRO0B16148g)_(Saccharomyces_cerevisiae)_(DBD_0.80)

letter-probability matrix: alength= 4 w= 9 nsites= 1 E= 0
  0.625000	  0.125000	  0.125000	  0.125000	
  1.000000	  0.000000	  0.000000	  0.000000	
  1.000000	  0.000000	  0.000000	  0.000000	
  0.875000	  0.125000	  0.000000	  0.000000	
  0.750000	  0.000000	  0.250000	  0.000000	
