MEME version 4

ALPHABET= ACGT

strands: + -

Background letter frequencies (from uniform background):
A 0.25000 C 0.25000 G 0.25000 T 0.25000 

MOTIF M0104_1.02 (Aqu1.213820)_(Mus_musculus)_(DBD_0.67)

letter-probability matrix: alength= 4 w= 11 nsites= 1 E= 0
  0.467943	  0.177352	  0.177352	  0.177352	
  0.273411	  0.080067	  0.080067	  0.566454	
  0.609177	  0.119174	  0.033749	  0.237901	
  0.104443	  0.000141	  0.000141	  0.895276	
  0.000141	  0.000141	  0.000141	  0.999578	
  0.999578	  0.000141	  0.000141	  0.000141	
  0.910941	  0.000141	  0.000141	  0.088778	
  0.088778	  0.000141	  0.000141	  0.910941	
  0.261793	  0.167866	  0.072788	  0.497552	
  0.489780	  0.170073	  0.170073	  0.170073	
  0.350824	  0.216392	  0.216392	  0.216392	

URL http://cisbp.ccbr.utoronto.ca/TFreport.php?searchTF=T007957_1.02

MOTIF M0122_1.02 (Aqu1.201152)_(Aspergillus_nidulans)_(DBD_0.62)

letter-probability matrix: alength= 4 w= 9 nsites= 1 E= 0
  0.245292	  0.273814	  0.242851	  0.238043	
  0.237806	  0.293376	  0.242610	  0.226208	
  0.216345	  0.251357	  0.297935	  0.234364	
  0.258630	  0.241145	  0.263855	  0.236370	
  0.502489	  0.000517	  0.411403	  0.085591	
  0.353817	  0.295533	  0.000353	  0.350297	
  0.360997	  0.114305	  0.184725	  0.339974	
  0.355533	  0.121951	  0.207186	  0.315330	
  0.338774	  0.180428	  0.203432	  0.277365	

URL http://cisbp.ccbr.utoronto.ca/TFreport.php?searchTF=T008782_1.02

MOTIF M0138_1.02 (Aqu1.222605)_(Neurospora_crassa)_(DBD_0.48)

letter-probability matrix: alength= 4 w= 10 nsites= 1 E= 0
  0.606435	  0.100113	  0.193339	  0.100113	
  0.558535	  0.133577	  0.047162	  0.260727	
  0.808690	  0.000196	  0.088314	  0.102800	
  0.231969	  0.000196	  0.000196	  0.767638	
  0.889933	  0.000196	  0.000196	  0.109675	
  0.290663	  0.000196	  0.000196	  0.708945	
  0.267391	  0.000196	  0.000196	  0.732217	
  0.000196	  0.093423	  0.000196	  0.906185	
  0.460241	  0.150083	  0.150083	  0.239593	
  0.203034	  0.291152	  0.203034	  0.302779	

URL http://cisbp.ccbr.utoronto.ca/TFreport.php?searchTF=T008784_1.02

MOTIF M0140_1.02 (Aqu1.229849)_(Caenorhabditis_elegans)_(DBD_0.51)

letter-probability matrix: alength= 4 w= 7 nsites= 1 E= 0
  0.272989	  0.275733	  0.247011	  0.204268	
  0.311542	  0.190859	  0.252531	  0.245068	
  0.409498	  0.106158	  0.183999	  0.300345	
  0.464798	  0.095737	  0.154718	  0.284747	
  0.582238	  0.128622	  0.014110	  0.275030	
  0.576040	  0.000723	  0.229563	  0.193674	
  0.235345	  0.212949	  0.048475	  0.503232	

URL http://cisbp.ccbr.utoronto.ca/TFreport.php?searchTF=T008785_1.02

MOTIF M0221_1.02 (Aqu1.224841)_(Mus_musculus)_(DBD_0.77)

letter-probability matrix: alength= 4 w= 9 nsites= 1 E= 0
  0.188660	  0.365019	  0.265058	  0.181263	
  0.161107	  0.707733	  0.075344	  0.055816	
  0.553702	  0.064497	  0.272224	  0.109577	
  0.016383	  0.817513	  0.076422	  0.089682	
  0.280383	  0.069142	  0.649469	  0.001006	
  0.058979	  0.006216	  0.030483	  0.904321	
  0.000165	  0.000010	  0.999805	  0.000020	
  0.194467	  0.254745	  0.333707	  0.217080	
  0.178079	  0.273753	  0.233277	  0.314891	

URL http://cisbp.ccbr.utoronto.ca/TFreport.php?searchTF=T018662_1.02

MOTIF M0415_1.02 (Aqu1.219264)_(Mus_musculus)_(DBD_0.75)

letter-probability matrix: alength= 4 w= 8 nsites= 1 E= 0
  0.314286	  0.285714	  0.257143	  0.142857	
  0.018519	  0.018519	  0.018519	  0.944444	
  0.946429	  0.017857	  0.017857	  0.017857	
  0.875000	  0.017857	  0.089286	  0.017857	
  0.017857	  0.946429	  0.017857	  0.017857	
  0.017857	  0.017857	  0.946429	  0.017857	
  0.017857	  0.017857	  0.910714	  0.053571	
  0.200000	  0.225000	  0.200000	  0.375000	

URL http://cisbp.ccbr.utoronto.ca/TFreport.php?searchTF=T062225_1.02

MOTIF M0718_1.02 (Aqu1.200709)_(Homo_sapiens)_(DBD_0.59)

letter-probability matrix: alength= 4 w= 10 nsites= 1 E= 0
  0.364427	  0.172143	  0.259388	  0.204042	
  0.192073	  0.241743	  0.201921	  0.364263	
  0.281319	  0.128958	  0.507496	  0.082227	
  0.241794	  0.114216	  0.116523	  0.527467	
  0.557937	  0.300139	  0.050615	  0.091309	
  0.662656	  0.166710	  0.045890	  0.124743	
  0.823562	  0.052649	  0.065604	  0.058186	
  0.058280	  0.682155	  0.018454	  0.241111	
  0.764554	  0.054017	  0.078988	  0.102442	
  0.403726	  0.208666	  0.159291	  0.228317	

URL http://cisbp.ccbr.utoronto.ca/TFreport.php?searchTF=T083011_1.02

MOTIF M0719_1.02 (Aqu1.225717)_(Homo_sapiens)_(DBD_0.60)

letter-probability matrix: alength= 4 w= 8 nsites= 1 E= 0
  0.374378	  0.001244	  0.623134	  0.001244	
  0.001106	  0.001106	  0.001106	  0.996681	
  0.996681	  0.001106	  0.001106	  0.001106	
  0.996681	  0.001106	  0.001106	  0.001106	
  0.996681	  0.001106	  0.001106	  0.001106	
  0.001106	  0.996681	  0.001106	  0.001106	
  0.996681	  0.001106	  0.001106	  0.001106	
  0.498344	  0.167219	  0.001656	  0.332781	

URL http://cisbp.ccbr.utoronto.ca/TFreport.php?searchTF=T083026_1.02

MOTIF M0723_1.02 (Aqu1.219337)_(Mus_musculus)_(DBD_0.89)

letter-probability matrix: alength= 4 w= 10 nsites= 1 E= 0
  0.304424	  0.223279	  0.262020	  0.210276	
  0.213777	  0.233909	  0.245902	  0.306412	
  0.293934	  0.159709	  0.385043	  0.161314	
  0.246234	  0.175262	  0.129837	  0.448667	
  0.528194	  0.286995	  0.062145	  0.122666	
  0.598965	  0.187767	  0.067034	  0.146233	
  0.718961	  0.066540	  0.146615	  0.067884	
  0.033458	  0.590092	  0.077500	  0.298951	
  0.671272	  0.049858	  0.121410	  0.157460	
  0.326891	  0.210530	  0.210530	  0.252050	

URL http://cisbp.ccbr.utoronto.ca/TFreport.php?searchTF=T083020_1.02

MOTIF M0733_1.02 (Aqu1.211498)_(Mus_musculus)_(DBD_0.54)

letter-probability matrix: alength= 4 w= 8 nsites= 1 E= 0
  0.346154	  0.076923	  0.557692	  0.019231	
  0.181818	  0.038961	  0.012987	  0.766234	
  0.650602	  0.277108	  0.024096	  0.048193	
  0.916667	  0.035714	  0.011905	  0.035714	
  0.952381	  0.011905	  0.011905	  0.023810	
  0.011905	  0.845238	  0.011905	  0.130952	
  0.964286	  0.011905	  0.011905	  0.011905	
  0.571429	  0.142857	  0.126984	  0.158730	

URL http://cisbp.ccbr.utoronto.ca/TFreport.php?searchTF=T083016_1.02

MOTIF M0747_1.02 (Aqu1.225869)_(Mus_musculus)_(DBD_0.69)

letter-probability matrix: alength= 4 w= 10 nsites= 1 E= 0
  0.366283	  0.166235	  0.164581	  0.302901	
  0.345139	  0.171391	  0.195185	  0.288285	
  0.267836	  0.181340	  0.196443	  0.354381	
  0.346821	  0.108724	  0.419393	  0.125062	
  0.146969	  0.100507	  0.031824	  0.720700	
  0.700016	  0.254959	  0.000720	  0.044305	
  0.906192	  0.053477	  0.000316	  0.040015	
  0.934400	  0.000771	  0.023568	  0.041260	
  0.033048	  0.600627	  0.033381	  0.332944	
  0.853101	  0.047889	  0.045553	  0.053457	

URL http://cisbp.ccbr.utoronto.ca/TFreport.php?searchTF=T083027_1.02

MOTIF M1000_1.02 (Aqu1.218149)_(Mus_musculus)_(DBD_0.82)

letter-probability matrix: alength= 4 w= 8 nsites= 1 E= 0
  0.216987	  0.314139	  0.148389	  0.320485	
  0.078163	  0.026544	  0.007454	  0.887839	
  0.853506	  0.044228	  0.065324	  0.036942	
  0.978482	  0.000211	  0.008551	  0.012756	
  0.002825	  0.026803	  0.027897	  0.942475	
  0.104556	  0.090897	  0.098468	  0.706079	
  0.391058	  0.094524	  0.371986	  0.142431	
  0.297757	  0.193694	  0.374758	  0.133791	

URL http://cisbp.ccbr.utoronto.ca/TFreport.php?searchTF=T100671_1.02

MOTIF M1087_1.02 (Aqu1.227096)_(Caenorhabditis_elegans)_(DBD_0.74)

letter-probability matrix: alength= 4 w= 9 nsites= 1 E= 0
  0.293701	  0.219766	  0.271120	  0.215414	
  0.240582	  0.344834	  0.285164	  0.129420	
  0.118736	  0.506187	  0.055529	  0.319548	
  0.556942	  0.135974	  0.064229	  0.242854	
  0.177806	  0.658981	  0.069456	  0.093756	
  0.130078	  0.015152	  0.010785	  0.843985	
  0.100215	  0.295102	  0.056110	  0.548573	
  0.336411	  0.198013	  0.323220	  0.142356	
  0.424037	  0.145448	  0.175883	  0.254632	

URL http://cisbp.ccbr.utoronto.ca/TFreport.php?searchTF=T100688_1.02

MOTIF M1093_1.02 (Aqu1.221502)_(Drosophila_melanogaster)_(DBD_0.87)

letter-probability matrix: alength= 4 w= 9 nsites= 1 E= 0
  0.144762	  0.222536	  0.161594	  0.471108	
  0.154684	  0.080752	  0.561934	  0.202630	
  0.881466	  0.062903	  0.033838	  0.021793	
  0.038868	  0.179502	  0.060958	  0.720672	
  0.692055	  0.307866	  0.000069	  0.000010	
  0.074677	  0.546305	  0.076186	  0.302832	
  0.143399	  0.405708	  0.241202	  0.209691	
  0.216642	  0.316792	  0.182773	  0.283793	
  0.200709	  0.305472	  0.185278	  0.308542	

URL http://cisbp.ccbr.utoronto.ca/TFreport.php?searchTF=T100675_1.02

MOTIF M1526_1.02 (Aqu1.223490)_(Cavia_porcellus)_(DBD_0.50)

letter-probability matrix: alength= 4 w= 10 nsites= 1 E= 0
  0.171776	  0.401896	  0.256260	  0.170067	
  0.084066	  0.653013	  0.139994	  0.122928	
  0.244961	  0.340732	  0.159349	  0.254958	
  0.198205	  0.214713	  0.175792	  0.411291	
  0.297979	  0.137968	  0.496222	  0.067831	
  0.218249	  0.083566	  0.636278	  0.061907	
  0.227621	  0.462979	  0.057840	  0.251560	
  0.432530	  0.055682	  0.259732	  0.252056	
  0.742173	  0.119055	  0.084740	  0.054032	
  0.011204	  0.801302	  0.041109	  0.146385	

URL http://cisbp.ccbr.utoronto.ca/TFreport.php?searchTF=T139087_1.02

MOTIF M1528_1.02 (Aqu1.223491)_(Mus_musculus)_(DBD_0.62)

letter-probability matrix: alength= 4 w= 10 nsites= 1 E= 0
  0.197054	  0.369991	  0.263349	  0.169606	
  0.065864	  0.656936	  0.168610	  0.108591	
  0.308958	  0.265923	  0.156524	  0.268595	
  0.134548	  0.150193	  0.135900	  0.579359	
  0.429537	  0.091168	  0.451560	  0.027735	
  0.273736	  0.064210	  0.621518	  0.040535	
  0.195662	  0.476462	  0.050219	  0.277657	
  0.505373	  0.035350	  0.195449	  0.263828	
  0.811192	  0.082972	  0.062085	  0.043751	
  0.023718	  0.876757	  0.027556	  0.071969	

URL http://cisbp.ccbr.utoronto.ca/TFreport.php?searchTF=T139088_1.02

MOTIF M1539_1.02 (Aqu1.223787)_(Hydra_magnipapillata)_(DBD_0.82)

letter-probability matrix: alength= 4 w= 10 nsites= 1 E= 0
  0.208665	  0.347489	  0.247332	  0.196514	
  0.120215	  0.533404	  0.175788	  0.170593	
  0.302492	  0.260357	  0.157915	  0.279236	
  0.183894	  0.141792	  0.105042	  0.569272	
  0.352835	  0.131105	  0.439659	  0.076401	
  0.221844	  0.105845	  0.573623	  0.098689	
  0.223753	  0.450583	  0.070848	  0.254816	
  0.448053	  0.052716	  0.248368	  0.250864	
  0.808478	  0.073343	  0.070468	  0.047711	
  0.048938	  0.773214	  0.000066	  0.177782	

URL http://cisbp.ccbr.utoronto.ca/TFreport.php?searchTF=T139089_1.02

MOTIF M1640_1.02 (Aqu1.217884)_(Strongylocentrotus_purpuratus)_(DBD_0.66)

letter-probability matrix: alength= 4 w= 8 nsites= 1 E= 0
  0.000996	  0.200199	  0.000996	  0.797809	
  0.285613	  0.285613	  0.428063	  0.000712	
  0.939554	  0.000587	  0.000587	  0.059272	
  0.000587	  0.939554	  0.000587	  0.059272	
  0.998239	  0.000587	  0.000587	  0.000587	
  0.000587	  0.998239	  0.000587	  0.000587	
  0.117958	  0.880869	  0.000587	  0.000587	
  0.000712	  0.000712	  0.000712	  0.997863	

URL http://cisbp.ccbr.utoronto.ca/TFreport.php?searchTF=T150173_1.02

MOTIF M1890_1.02 (Aqu1.224085)_(Homo_sapiens)_(DBD_0.84)

letter-probability matrix: alength= 4 w= 18 nsites= 1 E= 0
  0.536953	  0.172787	  0.112112	  0.178148	
  0.135379	  0.112568	  0.522354	  0.229699	
  0.404653	  0.257299	  0.247263	  0.090785	
  0.137203	  0.339074	  0.453695	  0.070027	
  0.208257	  0.267336	  0.035698	  0.488709	
  0.021898	  0.095119	  0.546077	  0.336907	
  0.027030	  0.842153	  0.054859	  0.075958	
  0.001825	  0.113253	  0.027600	  0.857322	
  0.025319	  0.116104	  0.819001	  0.039576	
  0.975707	  0.000228	  0.017108	  0.006957	
  0.000570	  0.005931	  0.000912	  0.992587	
  0.001141	  0.000570	  0.000570	  0.997719	
  0.003307	  0.001141	  0.994526	  0.001026	
  0.001369	  0.007984	  0.990306	  0.000342	
  0.042997	  0.305315	  0.001711	  0.649977	
  0.052464	  0.449703	  0.213618	  0.284215	
  0.175297	  0.476277	  0.253992	  0.094434	
  0.485972	  0.129562	  0.308736	  0.075730	

URL http://cisbp.ccbr.utoronto.ca/TFreport.php?searchTF=T070609_1.02

MOTIF M1919_1.02 (Aqu1.223280)_(Homo_sapiens)_(DBD_0.92)

letter-probability matrix: alength= 4 w= 12 nsites= 1 E= 0
  0.157021	  0.639102	  0.111700	  0.092177	
  0.972668	  0.000000	  0.025241	  0.002092	
  0.940036	  0.013806	  0.037373	  0.008785	
  0.349463	  0.155766	  0.457677	  0.037094	
  1.000000	  0.000000	  0.000000	  0.000000	
  0.000000	  0.001673	  0.000000	  0.998327	
  0.001534	  0.000000	  0.998466	  0.000000	
  0.001813	  0.000000	  0.998187	  0.000000	
  0.113234	  0.786083	  0.005299	  0.095384	
  0.120904	  0.234416	  0.385581	  0.259099	
  0.125366	  0.122019	  0.649142	  0.103472	
  0.185748	  0.637010	  0.054525	  0.122716	

URL http://cisbp.ccbr.utoronto.ca/TFreport.php?searchTF=T062236_1.02

MOTIF M1922_1.02 (Aqu1.220474)_(Mus_musculus)_(DBD_0.75)

letter-probability matrix: alength= 4 w= 15 nsites= 1 E= 0
  0.268737	  0.252677	  0.336724	  0.141863	
  0.380621	  0.165418	  0.290150	  0.163812	
  0.324946	  0.233940	  0.362955	  0.078158	
  0.622056	  0.033191	  0.309957	  0.034797	
  0.062634	  0.761242	  0.176124	  0.000000	
  0.916488	  0.083512	  0.000000	  0.000000	
  0.000000	  0.000000	  1.000000	  0.000000	
  0.000000	  0.000000	  1.000000	  0.000000	
  1.000000	  0.000000	  0.000000	  0.000000	
  0.823876	  0.000000	  0.000000	  0.176124	
  0.191113	  0.002141	  0.806745	  0.000000	
  0.064775	  0.241435	  0.062634	  0.631156	
  0.227516	  0.100107	  0.531585	  0.140792	
  0.170771	  0.130621	  0.620985	  0.077623	
  0.186831	  0.224839	  0.357602	  0.230728	

URL http://cisbp.ccbr.utoronto.ca/TFreport.php?searchTF=T078978_1.02

MOTIF M1971_1.02 (Aqu1.227156)_(Homo_sapiens)_(DBD_0.80)

letter-probability matrix: alength= 4 w= 14 nsites= 1 E= 0
  0.140503	  0.156087	  0.456511	  0.246899	
  0.080532	  0.115862	  0.803606	  0.000000	
  0.268358	  0.538430	  0.000000	  0.193211	
  0.024804	  0.000000	  0.975196	  0.000000	
  0.019827	  0.000000	  0.682196	  0.297977	
  0.121655	  0.049853	  0.828492	  0.000000	
  0.032963	  0.000000	  0.967037	  0.000000	
  0.000000	  0.000000	  1.000000	  0.000000	
  0.204390	  0.558094	  0.000000	  0.237516	
  0.036635	  0.000000	  0.944354	  0.019011	
  0.039980	  0.000000	  0.851093	  0.108926	
  0.228215	  0.183584	  0.493554	  0.094648	
  0.207572	  0.110884	  0.558665	  0.122879	
  0.191498	  0.251550	  0.467363	  0.089589	

URL http://cisbp.ccbr.utoronto.ca/TFreport.php?searchTF=T062241_1.02

MOTIF M1981_1.02 (Aqu1.218592)_(Drosophila_melanogaster)_(DBD_0.74)

letter-probability matrix: alength= 4 w= 7 nsites= 1 E= 0
  0.000000	  0.200000	  0.000000	  0.800000	
  0.000000	  0.133333	  0.000000	  0.866667	
  1.000000	  0.000000	  0.000000	  0.000000	
  1.000000	  0.000000	  0.000000	  0.000000	
  0.000000	  0.000000	  0.000000	  1.000000	
  0.000000	  0.000000	  0.000000	  1.000000	
  1.000000	  0.000000	  0.000000	  0.000000	

URL http://cisbp.ccbr.utoronto.ca/TFreport.php?searchTF=T100672_1.02

MOTIF M2017_1.02 (Aqu1.228546)_(Drosophila_melanogaster)_(DBD_0.86)

letter-probability matrix: alength= 4 w= 7 nsites= 1 E= 0
  0.000000	  0.000000	  0.000000	  1.000000	
  1.000000	  0.000000	  0.000000	  0.000000	
  1.000000	  0.000000	  0.000000	  0.000000	
  0.000000	  0.000000	  0.000000	  1.000000	
  0.000000	  0.000000	  0.000000	  1.000000	
  0.850000	  0.000000	  0.150000	  0.000000	
  0.900000	  0.000000	  0.100000	  0.000000	

URL http://cisbp.ccbr.utoronto.ca/TFreport.php?searchTF=T100691_1.02

MOTIF M2276_1.02 (Aqu1.220463)_(Mus_musculus)_(DBD_0.71)

letter-probability matrix: alength= 4 w= 11 nsites= 1 E= 0
  0.563759	  0.013810	  0.351169	  0.071262	
  0.088061	  0.626711	  0.283135	  0.002092	
  0.956956	  0.041430	  0.001614	  0.000000	
  0.000000	  0.000000	  1.000000	  0.000000	
  0.000000	  0.000000	  1.000000	  0.000000	
  1.000000	  0.000000	  0.000000	  0.000000	
  0.991212	  0.000000	  0.000000	  0.008788	
  0.193938	  0.000000	  0.806062	  0.000000	
  0.093860	  0.241406	  0.128296	  0.536438	
  0.296108	  0.089556	  0.490465	  0.123872	
  0.272494	  0.147905	  0.480780	  0.098822	

URL http://cisbp.ccbr.utoronto.ca/TFreport.php?searchTF=T078976_1.02

MOTIF M2283_1.02 (Aqu1.228862)_(Homo_sapiens)_(DBD_0.62)

letter-probability matrix: alength= 4 w= 15 nsites= 1 E= 0
  0.331190	  0.347267	  0.154341	  0.167203	
  0.421222	  0.183280	  0.176849	  0.218650	
  0.498392	  0.125402	  0.128617	  0.247588	
  0.578778	  0.135048	  0.170418	  0.115756	
  0.443730	  0.019293	  0.282958	  0.254019	
  0.254019	  0.035370	  0.710611	  0.000000	
  0.228296	  0.012862	  0.000000	  0.758842	
  1.000000	  0.000000	  0.000000	  0.000000	
  1.000000	  0.000000	  0.000000	  0.000000	
  1.000000	  0.000000	  0.000000	  0.000000	
  0.051447	  0.893891	  0.032154	  0.022508	
  1.000000	  0.000000	  0.000000	  0.000000	
  0.565916	  0.247588	  0.183280	  0.003215	
  0.781350	  0.057878	  0.073955	  0.086817	
  0.327974	  0.135048	  0.414791	  0.122186	

URL http://cisbp.ccbr.utoronto.ca/TFreport.php?searchTF=T083029_1.02

MOTIF M2391_1.02 (Aqu1.218097)_(Homo_sapiens)_(DBD_0.75)

letter-probability matrix: alength= 4 w= 10 nsites= 1 E= 0
  0.301300	  0.000000	  0.411065	  0.287635	
  0.034972	  0.000000	  0.965028	  0.000000	
  0.000000	  0.000000	  1.000000	  0.000000	
  0.000000	  0.000000	  1.000000	  0.000000	
  0.248182	  0.380721	  0.000000	  0.371097	
  0.000000	  0.000000	  1.000000	  0.000000	
  0.041511	  0.000000	  0.703034	  0.255455	
  0.117772	  0.000000	  0.882228	  0.000000	
  0.125707	  0.000000	  0.874293	  0.000000	
  0.190067	  0.556315	  0.148630	  0.104989	

URL http://cisbp.ccbr.utoronto.ca/TFreport.php?searchTF=T062221_1.02

MOTIF M4461_1.02 (Aqu1.220473)_(Homo_sapiens)_(DBD_0.86)

letter-probability matrix: alength= 4 w= 21 nsites= 1 E= 0
  0.019481	  0.032468	  0.922077	  0.025974	
  0.038961	  0.681818	  0.188312	  0.090909	
  0.389610	  0.487013	  0.045455	  0.077922	
  0.000000	  0.266234	  0.019481	  0.714285	
  0.019481	  0.220779	  0.363636	  0.396104	
  0.090909	  0.720779	  0.103896	  0.084416	
  0.000000	  0.194805	  0.012987	  0.792208	
  0.006494	  0.000000	  0.993506	  0.000000	
  0.000000	  0.000000	  1.000000	  0.000000	
  0.051948	  0.000000	  0.941558	  0.006494	
  0.876622	  0.032468	  0.071429	  0.019481	
  0.474026	  0.149351	  0.279221	  0.097403	
  0.285714	  0.116883	  0.110390	  0.487013	
  0.012987	  0.064935	  0.038961	  0.883117	
  0.006494	  0.012987	  0.980519	  0.000000	
  0.006494	  0.051948	  0.058442	  0.883116	
  0.967532	  0.000000	  0.025974	  0.006494	
  0.000000	  0.000000	  0.993506	  0.006494	
  0.000000	  0.000000	  0.019481	  0.980519	
  0.006494	  0.409091	  0.019481	  0.564934	
  0.019481	  0.636363	  0.032468	  0.311688	

URL http://cisbp.ccbr.utoronto.ca/TFreport.php?searchTF=T078977_1.02

MOTIF M4477_1.02 (Aqu1.224560)_(Homo_sapiens)_(DBD_0.90)

letter-probability matrix: alength= 4 w= 19 nsites= 1 E= 0
  0.299342	  0.325658	  0.190789	  0.184211	
  0.171053	  0.338816	  0.154605	  0.335526	
  0.444079	  0.174342	  0.210526	  0.171053	
  0.233553	  0.131579	  0.082237	  0.552631	
  0.141447	  0.108553	  0.519737	  0.230263	
  0.233553	  0.286184	  0.302632	  0.177632	
  0.023026	  0.950659	  0.016447	  0.009868	
  0.003289	  0.934211	  0.000000	  0.062500	
  0.756579	  0.055921	  0.006579	  0.180921	
  0.483553	  0.006579	  0.026316	  0.483553	
  0.950658	  0.000000	  0.042763	  0.006579	
  0.299342	  0.078947	  0.026316	  0.595395	
  0.888158	  0.013158	  0.019737	  0.078947	
  0.644736	  0.013158	  0.052632	  0.289474	
  0.032895	  0.000000	  0.967105	  0.000000	
  0.016447	  0.003289	  0.973685	  0.006579	
  0.226974	  0.424342	  0.184211	  0.164474	
  0.450658	  0.302632	  0.154605	  0.092105	
  0.555920	  0.095395	  0.164474	  0.184211	

URL http://cisbp.ccbr.utoronto.ca/TFreport.php?searchTF=T112094_1.02

MOTIF M4479_1.02 (Aqu1.223566)_(Homo_sapiens)_(DBD_0.76)

letter-probability matrix: alength= 4 w= 11 nsites= 1 E= 0
  0.320000	  0.191111	  0.351111	  0.137778	
  0.182222	  0.451111	  0.313333	  0.053333	
  0.484444	  0.117778	  0.180000	  0.217778	
  0.155556	  0.206667	  0.637777	  0.000000	
  0.000000	  1.000000	  0.000000	  0.000000	
  1.000000	  0.000000	  0.000000	  0.000000	
  0.000000	  0.035556	  0.964444	  0.000000	
  0.062222	  0.593334	  0.344444	  0.000000	
  0.000000	  0.000000	  0.000000	  1.000000	
  0.000000	  0.000000	  1.000000	  0.000000	
  0.037778	  0.248889	  0.320000	  0.393333	

URL http://cisbp.ccbr.utoronto.ca/TFreport.php?searchTF=T018660_1.02

MOTIF M4660_1.02 (Aqu1.223181)_(Homo_sapiens)_(DBD_0.70)

letter-probability matrix: alength= 4 w= 10 nsites= 1 E= 0
  0.165236	  0.418455	  0.332618	  0.083691	
  0.680258	  0.000000	  0.000000	  0.319742	
  0.000000	  0.000000	  1.000000	  0.000000	
  1.000000	  0.000000	  0.000000	  0.000000	
  0.000000	  0.000000	  0.000000	  1.000000	
  0.785407	  0.012876	  0.038627	  0.163090	
  0.716738	  0.000000	  0.236052	  0.047210	
  0.173820	  0.208155	  0.519313	  0.098712	
  0.384120	  0.216738	  0.336910	  0.062232	
  0.401288	  0.152361	  0.216738	  0.229614	

URL http://cisbp.ccbr.utoronto.ca/TFreport.php?searchTF=T085297_1.02

MOTIF M4708_1.02 (Aqu1.225918)_(Homo_sapiens)_(DBD_0.87)

letter-probability matrix: alength= 4 w= 10 nsites= 1 E= 0
  0.161765	  0.161765	  0.058824	  0.617646	
  1.000000	  0.000000	  0.000000	  0.000000	
  0.014706	  0.000000	  0.029412	  0.955882	
  0.191176	  0.000000	  0.691177	  0.117647	
  0.000000	  0.779412	  0.000000	  0.220588	
  0.779412	  0.000000	  0.000000	  0.220588	
  0.838235	  0.000000	  0.161765	  0.000000	
  0.808824	  0.088235	  0.000000	  0.102941	
  0.117647	  0.044118	  0.029412	  0.808823	
  0.632353	  0.044118	  0.205882	  0.117647	

URL http://cisbp.ccbr.utoronto.ca/TFreport.php?searchTF=T150809_1.02

MOTIF M4985_1.02 (Aqu1.227223)_(Drosophila_melanogaster)_(DBD_0.73)

letter-probability matrix: alength= 4 w= 12 nsites= 1 E= 0
  1.000000	  0.000000	  0.000000	  0.000000	
  0.000000	  0.000000	  0.200000	  0.800000	
  0.000000	  0.000000	  0.000000	  1.000000	
  0.000000	  0.000000	  0.200000	  0.800000	
  0.200000	  0.400000	  0.400000	  0.000000	
  0.800000	  0.200000	  0.000000	  0.000000	
  0.600000	  0.000000	  0.000000	  0.400000	
  0.000000	  0.000000	  0.800000	  0.200000	
  0.200000	  0.200000	  0.400000	  0.200000	
  0.600000	  0.000000	  0.400000	  0.000000	
  0.000000	  0.000000	  0.000000	  1.000000	
  0.400000	  0.200000	  0.000000	  0.400000	

URL http://cisbp.ccbr.utoronto.ca/TFreport.php?searchTF=T062243_1.02

MOTIF M5099_1.02 (Aqu1.228116)_(Drosophila_melanogaster)_(DBD_0.76)

letter-probability matrix: alength= 4 w= 10 nsites= 1 E= 0
  0.050000	  0.600000	  0.250000	  0.100000	
  0.050000	  0.250000	  0.350000	  0.350000	
  0.150000	  0.000000	  0.800000	  0.050000	
  0.150000	  0.400000	  0.400000	  0.050000	
  0.000000	  0.800000	  0.050000	  0.150000	
  0.000000	  0.000000	  1.000000	  0.000000	
  0.300000	  0.100000	  0.300000	  0.300000	
  0.000000	  0.750000	  0.200000	  0.050000	
  0.250000	  0.000000	  0.750000	  0.000000	
  0.050000	  0.750000	  0.000000	  0.200000	

URL http://cisbp.ccbr.utoronto.ca/TFreport.php?searchTF=T142350_1.02

MOTIF M5209_1.02 (Aqu1.217455)_(Drosophila_melanogaster)_(DBD_0.71)

letter-probability matrix: alength= 4 w= 11 nsites= 1 E= 0
  0.181818	  0.136364	  0.636364	  0.045455	
  0.136364	  0.000000	  0.318182	  0.545455	
  0.136364	  0.000000	  0.863636	  0.000000	
  0.000000	  0.000000	  1.000000	  0.000000	
  0.000000	  0.000000	  0.954545	  0.045455	
  0.090909	  0.863636	  0.000000	  0.045455	
  0.000000	  0.000000	  1.000000	  0.000000	
  0.000000	  0.000000	  0.454545	  0.545455	
  0.409091	  0.000000	  0.590909	  0.000000	
  0.181818	  0.090909	  0.454545	  0.272727	
  0.181818	  0.590909	  0.045455	  0.181818	

URL http://cisbp.ccbr.utoronto.ca/TFreport.php?searchTF=T062217_1.02

MOTIF M5445_1.02 (Aqu1.221488)_(Homo_sapiens)_(DBD_0.72)

letter-probability matrix: alength= 4 w= 14 nsites= 1 E= 0
  0.352201	  0.150314	  0.179874	  0.317610	
  0.393060	  0.076223	  0.511377	  0.019340	
  0.134047	  0.141598	  0.040277	  0.684078	
  0.594837	  0.297419	  0.000000	  0.107744	
  0.914796	  0.039724	  0.008636	  0.036845	
  0.951497	  0.009581	  0.000000	  0.038922	
  0.000000	  0.262264	  0.000000	  0.737736	
  0.683718	  0.000000	  0.307548	  0.008734	
  0.095106	  0.007230	  0.013904	  0.883760	
  0.053819	  0.009838	  0.016782	  0.919560	
  0.453172	  0.008459	  0.031420	  0.506949	
  0.359119	  0.030818	  0.228931	  0.381132	
  0.014827	  0.366831	  0.112576	  0.505766	
  0.244025	  0.160377	  0.198742	  0.396855	

URL http://cisbp.ccbr.utoronto.ca/TFreport.php?searchTF=T083021_1.02

MOTIF M5660_1.02 (Aqu1.229078)_(Homo_sapiens)_(DBD_0.77)

letter-probability matrix: alength= 4 w= 15 nsites= 1 E= 0
  0.014730	  0.039708	  0.004012	  0.941551	
  0.000000	  0.000512	  0.005759	  0.993729	
  0.000134	  0.000000	  0.999698	  0.000168	
  0.000168	  0.000034	  0.999629	  0.000168	
  0.022730	  0.976780	  0.000070	  0.000420	
  0.698634	  0.062830	  0.099508	  0.139027	
  0.229970	  0.363455	  0.175663	  0.230911	
  0.246711	  0.250408	  0.259070	  0.243811	
  0.231629	  0.152879	  0.387159	  0.228333	
  0.132193	  0.097795	  0.066161	  0.703851	
  0.000359	  0.000261	  0.972085	  0.027295	
  0.000364	  0.999127	  0.000182	  0.000327	
  0.000289	  0.999494	  0.000072	  0.000144	
  0.993089	  0.006312	  0.000400	  0.000200	
  0.530965	  0.002401	  0.456706	  0.009928	

URL http://cisbp.ccbr.utoronto.ca/TFreport.php?searchTF=T142351_1.02

MOTIF M6152_1.02 (Aqu1.229614)_(Homo_sapiens)_(DBD_0.73)

letter-probability matrix: alength= 4 w= 10 nsites= 1 E= 0
  0.306298	  0.340649	  0.340649	  0.012405	
  0.000000	  0.000000	  0.000000	  1.000000	
  0.000000	  0.000000	  1.000000	  0.000000	
  1.000000	  0.000000	  0.000000	  0.000000	
  0.000000	  0.969466	  0.030534	  0.000000	
  0.030534	  0.000000	  0.969466	  0.000000	
  0.019084	  0.070611	  0.000000	  0.910305	
  0.082061	  0.562977	  0.263359	  0.091603	
  0.742366	  0.156489	  0.062977	  0.038168	
  0.193702	  0.392176	  0.296756	  0.117366	

URL http://cisbp.ccbr.utoronto.ca/TFreport.php?searchTF=T028493_1.02

MOTIF M6166_1.02 (Aqu1.208614)_(Homo_sapiens)_(DBD_0.90)

letter-probability matrix: alength= 4 w= 15 nsites= 1 E= 0
  0.475000	  0.175000	  0.275000	  0.075000	
  0.300000	  0.100000	  0.000000	  0.600000	
  0.000000	  0.100000	  0.100000	  0.800000	
  0.700000	  0.000000	  0.100000	  0.200000	
  0.100000	  0.300000	  0.000000	  0.600000	
  0.300000	  0.000000	  0.600000	  0.100000	
  0.200000	  0.000000	  0.000000	  0.800000	
  0.000000	  0.100000	  0.000000	  0.900000	
  0.900000	  0.000000	  0.000000	  0.100000	
  0.600000	  0.200000	  0.000000	  0.200000	
  0.600000	  0.300000	  0.100000	  0.000000	
  0.300000	  0.100000	  0.100000	  0.500000	
  0.000000	  0.800000	  0.000000	  0.200000	
  0.400000	  0.400000	  0.200000	  0.000000	
  0.050000	  0.650000	  0.150000	  0.150000	

URL http://cisbp.ccbr.utoronto.ca/TFreport.php?searchTF=T121934_1.02

MOTIF M6173_1.02 (Aqu1.224615)_(Homo_sapiens)_(DBD_0.56)

letter-probability matrix: alength= 4 w= 13 nsites= 1 E= 0
  0.297143	  0.365714	  0.240000	  0.097143	
  0.601429	  0.218571	  0.087143	  0.092857	
  0.125714	  0.237143	  0.514286	  0.122857	
  0.805714	  0.028571	  0.165714	  0.000000	
  0.000000	  0.000000	  0.000000	  1.000000	
  0.000000	  0.000000	  0.000000	  1.000000	
  0.208571	  0.000000	  0.671429	  0.120000	
  0.000000	  0.840000	  0.160000	  0.000000	
  0.491429	  0.222857	  0.160000	  0.125714	
  0.401429	  0.390000	  0.007143	  0.201429	
  0.691429	  0.262857	  0.045714	  0.000000	
  1.000000	  0.000000	  0.000000	  0.000000	
  0.074286	  0.148571	  0.177143	  0.600000	

URL http://cisbp.ccbr.utoronto.ca/TFreport.php?searchTF=T028482_1.02

MOTIF M6235_1.02 (Aqu1.208751)_(Homo_sapiens)_(DBD_0.69)

letter-probability matrix: alength= 4 w= 15 nsites= 1 E= 0
  0.115385	  0.576923	  0.269231	  0.038462	
  0.076923	  0.269231	  0.192308	  0.461538	
  0.346154	  0.000000	  0.000000	  0.653846	
  0.807692	  0.000000	  0.192308	  0.000000	
  0.653846	  0.000000	  0.115385	  0.230769	
  0.269231	  0.000000	  0.730769	  0.000000	
  0.038462	  0.000000	  0.000000	  0.961538	
  0.961538	  0.038462	  0.000000	  0.000000	
  0.961538	  0.000000	  0.000000	  0.038462	
  0.961538	  0.000000	  0.000000	  0.038462	
  0.000000	  1.000000	  0.000000	  0.000000	
  1.000000	  0.000000	  0.000000	  0.000000	
  0.500000	  0.076923	  0.153846	  0.269231	
  0.230769	  0.346154	  0.076923	  0.346154	
  0.211538	  0.173077	  0.480769	  0.134615	

URL http://cisbp.ccbr.utoronto.ca/TFreport.php?searchTF=T083013_1.02

MOTIF M6236_1.02 (Aqu1.211129)_(Homo_sapiens)_(DBD_0.59)

letter-probability matrix: alength= 4 w= 15 nsites= 1 E= 0
  0.196429	  0.267857	  0.053571	  0.482143	
  0.000000	  0.857143	  0.142857	  0.000000	
  0.000000	  0.000000	  0.000000	  1.000000	
  0.357143	  0.000000	  0.642857	  0.000000	
  0.357143	  0.000000	  0.428571	  0.214286	
  0.000000	  0.642857	  0.357143	  0.000000	
  0.642857	  0.000000	  0.000000	  0.357143	
  0.571429	  0.214286	  0.000000	  0.214286	
  1.000000	  0.000000	  0.000000	  0.000000	
  1.000000	  0.000000	  0.000000	  0.000000	
  0.000000	  0.785714	  0.000000	  0.214286	
  1.000000	  0.000000	  0.000000	  0.000000	
  0.785714	  0.000000	  0.214286	  0.000000	
  0.571429	  0.000000	  0.214286	  0.214286	
  0.267857	  0.625000	  0.053571	  0.053571	

URL http://cisbp.ccbr.utoronto.ca/TFreport.php?searchTF=T083015_1.02

MOTIF M6243_1.02 (Aqu1.223978)_(Homo_sapiens)_(DBD_0.71)

letter-probability matrix: alength= 4 w= 13 nsites= 1 E= 0
  0.432642	  0.138458	  0.070379	  0.358521	
  0.967191	  0.016808	  0.010135	  0.005866	
  0.918097	  0.029121	  0.000000	  0.052782	
  0.630299	  0.325679	  0.000000	  0.044022	
  0.456508	  0.430210	  0.000000	  0.113282	
  0.928887	  0.000000	  0.071113	  0.000000	
  0.144831	  0.036927	  0.000000	  0.818242	
  0.815473	  0.175693	  0.000000	  0.008834	
  1.000000	  0.000000	  0.000000	  0.000000	
  0.998926	  0.000000	  0.000000	  0.001074	
  0.002685	  0.914380	  0.000000	  0.082935	
  1.000000	  0.000000	  0.000000	  0.000000	
  0.494743	  0.164690	  0.146471	  0.194096	

URL http://cisbp.ccbr.utoronto.ca/TFreport.php?searchTF=T083024_1.02

MOTIF M6246_1.02 (Aqu1.217829)_(Homo_sapiens)_(DBD_0.52)

letter-probability matrix: alength= 4 w= 13 nsites= 1 E= 0
  0.474466	  0.245596	  0.083976	  0.195962	
  0.167389	  0.086860	  0.386100	  0.359650	
  0.245161	  0.159679	  0.548283	  0.046877	
  0.335341	  0.000000	  0.107287	  0.557372	
  0.980698	  0.000000	  0.011030	  0.008272	
  0.988970	  0.000000	  0.011030	  0.000000	
  0.962774	  0.000000	  0.037226	  0.000000	
  0.000000	  0.819640	  0.000000	  0.180360	
  0.956697	  0.000000	  0.000000	  0.043303	
  0.547975	  0.198030	  0.174845	  0.079150	
  0.471582	  0.106725	  0.395497	  0.026196	
  0.150844	  0.494766	  0.026196	  0.328193	
  0.422510	  0.341981	  0.080529	  0.154981	

URL http://cisbp.ccbr.utoronto.ca/TFreport.php?searchTF=T083018_1.02

MOTIF M6273_1.02 (Aqu1.218726)_(Homo_sapiens)_(DBD_0.89)

letter-probability matrix: alength= 4 w= 17 nsites= 1 E= 0
  0.000000	  0.000000	  0.878788	  0.121212	
  0.000000	  0.242424	  0.500000	  0.257576	
  0.000000	  0.257576	  0.378788	  0.363636	
  0.000000	  0.257576	  0.621212	  0.121212	
  0.136364	  0.000000	  0.863636	  0.000000	
  0.000000	  0.863636	  0.000000	  0.136364	
  0.500000	  0.000000	  0.121212	  0.378788	
  0.000000	  0.878788	  0.121212	  0.000000	
  0.000000	  0.121212	  0.878788	  0.000000	
  0.000000	  0.121212	  0.000000	  0.878788	
  0.000000	  0.000000	  1.000000	  0.000000	
  0.121212	  0.242424	  0.636364	  0.000000	
  0.121212	  0.742424	  0.136364	  0.000000	
  0.363636	  0.257576	  0.121212	  0.257576	
  0.000000	  0.257576	  0.121212	  0.621212	
  0.000000	  0.257576	  0.363636	  0.378788	
  0.367424	  0.261364	  0.246212	  0.125000	

URL http://cisbp.ccbr.utoronto.ca/TFreport.php?searchTF=T018653_1.02

MOTIF M6315_1.02 (Aqu1.230128)_(Homo_sapiens)_(DBD_0.76)

letter-probability matrix: alength= 4 w= 7 nsites= 1 E= 0
  0.028509	  0.432018	  0.510965	  0.028509	
  0.000000	  0.359649	  0.175439	  0.464912	
  0.087719	  0.000000	  0.000000	  0.912281	
  1.000000	  0.000000	  0.000000	  0.000000	
  1.000000	  0.000000	  0.000000	  0.000000	
  0.000000	  0.000000	  0.000000	  1.000000	
  0.412281	  0.000000	  0.587719	  0.000000	

URL http://cisbp.ccbr.utoronto.ca/TFreport.php?searchTF=T100692_1.02

MOTIF M6321_1.02 (Aqu1.224794)_(Homo_sapiens)_(DBD_0.74)

letter-probability matrix: alength= 4 w= 17 nsites= 1 E= 0
  0.454327	  0.021635	  0.502404	  0.021635	
  0.000000	  0.432692	  0.480769	  0.086538	
  0.259615	  0.480769	  0.086538	  0.173077	
  0.086538	  0.000000	  0.480769	  0.432692	
  0.000000	  0.086538	  0.740385	  0.173077	
  0.000000	  0.221154	  0.778846	  0.000000	
  0.000000	  0.259615	  0.740385	  0.000000	
  0.778846	  0.000000	  0.221154	  0.000000	
  0.000000	  0.000000	  0.913462	  0.086538	
  0.259615	  0.000000	  0.480769	  0.259615	
  0.086538	  0.000000	  0.307692	  0.605769	
  0.086538	  0.086538	  0.567308	  0.259615	
  0.000000	  0.048077	  0.951923	  0.000000	
  0.086538	  0.173077	  0.653846	  0.086538	
  0.086538	  0.000000	  0.740385	  0.173077	
  0.048077	  0.432692	  0.519231	  0.000000	
  0.021635	  0.454327	  0.415865	  0.108173	

URL http://cisbp.ccbr.utoronto.ca/TFreport.php?searchTF=T062239_1.02

MOTIF M6323_1.02 (Aqu1.216622)_(Homo_sapiens)_(DBD_0.86)

letter-probability matrix: alength= 4 w= 15 nsites= 1 E= 0
  0.328125	  0.265625	  0.000000	  0.406250	
  0.390625	  0.140625	  0.468750	  0.000000	
  0.000000	  0.796875	  0.125000	  0.078125	
  0.140625	  0.390625	  0.125000	  0.343750	
  0.343750	  0.000000	  0.125000	  0.531250	
  0.140625	  0.000000	  0.859375	  0.000000	
  0.000000	  0.000000	  0.859375	  0.140625	
  0.000000	  0.000000	  1.000000	  0.000000	
  0.000000	  0.000000	  0.000000	  1.000000	
  0.140625	  0.000000	  0.859375	  0.000000	
  0.000000	  0.000000	  0.390625	  0.609375	
  0.140625	  0.265625	  0.593750	  0.000000	
  0.000000	  0.125000	  0.734375	  0.140625	
  0.203125	  0.515625	  0.140625	  0.140625	
  0.238281	  0.035156	  0.035156	  0.691406	

URL http://cisbp.ccbr.utoronto.ca/TFreport.php?searchTF=T062216_1.02

MOTIF M6347_1.02 (Aqu1.227093)_(Homo_sapiens)_(DBD_0.81)

letter-probability matrix: alength= 4 w= 7 nsites= 1 E= 0
  0.000000	  0.000000	  0.081633	  0.918367	
  0.918367	  0.000000	  0.081633	  0.000000	
  0.908163	  0.000000	  0.091837	  0.000000	
  0.000000	  0.000000	  0.000000	  1.000000	
  0.193878	  0.000000	  0.000000	  0.806122	
  0.183673	  0.173469	  0.357143	  0.285714	
  0.114796	  0.125000	  0.288265	  0.471939	

URL http://cisbp.ccbr.utoronto.ca/TFreport.php?searchTF=T100687_1.02

MOTIF M6466_1.02 (Aqu1.215833)_(Homo_sapiens)_(DBD_0.86)

letter-probability matrix: alength= 4 w= 9 nsites= 1 E= 0
  0.138372	  0.127519	  0.096512	  0.637597	
  0.000000	  0.074419	  0.913178	  0.012403	
  0.000000	  0.026357	  0.000000	  0.973643	
  0.000000	  1.000000	  0.000000	  0.000000	
  0.000000	  0.000000	  0.000000	  1.000000	
  0.170543	  0.000000	  0.829457	  0.000000	
  0.100775	  0.220155	  0.400000	  0.279070	
  0.255814	  0.565891	  0.120930	  0.057364	
  0.129070	  0.422093	  0.125969	  0.322868	

URL http://cisbp.ccbr.utoronto.ca/TFreport.php?searchTF=T142345_1.02

MOTIF M6482_1.02 (Aqu1.217456)_(Homo_sapiens)_(DBD_0.89)

letter-probability matrix: alength= 4 w= 20 nsites= 1 E= 0
  0.207605	  0.226431	  0.418599	  0.147364	
  0.175602	  0.218373	  0.474849	  0.131175	
  0.228012	  0.220030	  0.439006	  0.112952	
  0.276205	  0.219277	  0.389307	  0.115211	
  0.171837	  0.199699	  0.554669	  0.073795	
  0.120783	  0.075000	  0.638253	  0.165964	
  0.138554	  0.002410	  0.854819	  0.004217	
  0.002410	  0.010241	  0.977410	  0.009940	
  0.009639	  0.019578	  0.966265	  0.004518	
  0.234488	  0.627560	  0.050602	  0.087349	
  0.044428	  0.034337	  0.890211	  0.031024	
  0.007229	  0.014759	  0.871687	  0.106325	
  0.189458	  0.034940	  0.719277	  0.056325	
  0.095181	  0.133133	  0.734639	  0.037048	
  0.114157	  0.553916	  0.239157	  0.092771	
  0.112048	  0.367169	  0.315512	  0.205271	
  0.257530	  0.132982	  0.449849	  0.159639	
  0.200602	  0.167470	  0.515813	  0.116114	
  0.163855	  0.265060	  0.455572	  0.115512	
  0.182078	  0.241867	  0.449849	  0.126205	

URL http://cisbp.ccbr.utoronto.ca/TFreport.php?searchTF=T062218_1.02

MOTIF M6513_1.02 (Aqu1.219962)_(Homo_sapiens)_(DBD_0.69)

letter-probability matrix: alength= 4 w= 11 nsites= 1 E= 0
  0.296512	  0.162791	  0.470930	  0.069767	
  0.209302	  0.488372	  0.000000	  0.302326	
  0.000000	  1.000000	  0.000000	  0.000000	
  1.000000	  0.000000	  0.000000	  0.000000	
  0.000000	  0.000000	  1.000000	  0.000000	
  0.000000	  1.000000	  0.000000	  0.000000	
  0.000000	  0.000000	  0.093023	  0.906977	
  0.000000	  0.000000	  1.000000	  0.000000	
  0.000000	  0.523256	  0.081395	  0.395349	
  0.209302	  0.174419	  0.500000	  0.116279	
  0.000000	  0.174419	  0.825581	  0.000000	

URL http://cisbp.ccbr.utoronto.ca/TFreport.php?searchTF=T018655_1.02

MOTIF M6517_1.02 (Aqu1.213654)_(Homo_sapiens)_(DBD_0.69)

letter-probability matrix: alength= 4 w= 10 nsites= 1 E= 0
  0.450000	  0.064815	  0.472222	  0.012963	
  0.281481	  0.000000	  0.651852	  0.066667	
  0.244444	  0.066667	  0.000000	  0.688889	
  0.000000	  1.000000	  0.000000	  0.000000	
  1.000000	  0.000000	  0.000000	  0.000000	
  0.066667	  0.385185	  0.066667	  0.481481	
  0.000000	  0.170370	  0.829630	  0.000000	
  0.066667	  0.000000	  0.000000	  0.933333	
  0.000000	  0.000000	  1.000000	  0.000000	
  0.229630	  0.222222	  0.400000	  0.148148	

URL http://cisbp.ccbr.utoronto.ca/TFreport.php?searchTF=T018649_1.02

MOTIF M6535_1.02 (Aqu1.215671)_(Homo_sapiens)_(DBD_0.72)

letter-probability matrix: alength= 4 w= 13 nsites= 1 E= 0
  0.031944	  0.168056	  0.720833	  0.079167	
  0.252778	  0.497222	  0.086111	  0.163889	
  0.019444	  0.077778	  0.902778	  0.000000	
  0.130556	  0.200000	  0.483333	  0.186111	
  0.097222	  0.000000	  0.902778	  0.000000	
  0.025000	  0.000000	  0.883333	  0.091667	
  0.000000	  0.027778	  0.958333	  0.013889	
  0.158333	  0.594444	  0.022222	  0.225000	
  0.000000	  0.000000	  1.000000	  0.000000	
  0.063889	  0.119444	  0.531944	  0.284722	
  0.188889	  0.077778	  0.705556	  0.027778	
  0.072222	  0.125000	  0.620833	  0.181944	
  0.052083	  0.204861	  0.665972	  0.077083	

URL http://cisbp.ccbr.utoronto.ca/TFreport.php?searchTF=T062214_1.02

MOTIF M6537_1.02 (Aqu1.220698)_(Homo_sapiens)_(DBD_0.75)

letter-probability matrix: alength= 4 w= 11 nsites= 1 E= 0
  0.134842	  0.189140	  0.358371	  0.317647	
  0.061538	  0.331222	  0.529412	  0.077828	
  0.090498	  0.124887	  0.420814	  0.363801	
  0.108597	  0.200905	  0.674208	  0.016290	
  0.739367	  0.162896	  0.032579	  0.065158	
  0.000000	  0.118552	  0.000000	  0.881448	
  0.000000	  0.048869	  0.117647	  0.833484	
  0.000000	  0.336652	  0.539367	  0.123982	
  0.014480	  0.340271	  0.539367	  0.105882	
  0.115837	  0.714027	  0.016290	  0.153846	
  0.081448	  0.491403	  0.047059	  0.380090	

URL http://cisbp.ccbr.utoronto.ca/TFreport.php?searchTF=T072747_1.02

