MEME version 4

ALPHABET= ACGT

strands: + -

Background letter frequencies (from uniform background):
A 0.25000 C 0.25000 G 0.25000 T 0.25000 

MOTIF M0719_1.02 (estExt_fgenesh1_pg.C_40396)_(Homo_sapiens)_(DBD_0.41)

letter-probability matrix: alength= 4 w= 8 nsites= 1 E= 0
  0.374378	  0.001244	  0.623134	  0.001244	
  0.001106	  0.001106	  0.001106	  0.996681	
  0.996681	  0.001106	  0.001106	  0.001106	
  0.996681	  0.001106	  0.001106	  0.001106	
  0.996681	  0.001106	  0.001106	  0.001106	
  0.001106	  0.996681	  0.001106	  0.001106	
  0.996681	  0.001106	  0.001106	  0.001106	
  0.498344	  0.167219	  0.001656	  0.332781	

URL http://cisbp.ccbr.utoronto.ca/TFreport.php?searchTF=T083116_1.02

MOTIF M1297_1.02 (gw1.12.228.1)_(Dictyostelium_discoideum)_(DBD_0.96)

letter-probability matrix: alength= 4 w= 10 nsites= 1 E= 0
  0.233777	  0.598464	  0.083460	  0.084299	
  0.030948	  0.562453	  0.044359	  0.362240	
  0.506429	  0.042836	  0.155615	  0.295120	
  0.524310	  0.062308	  0.043907	  0.369475	
  0.657133	  0.044163	  0.042009	  0.256695	
  0.290800	  0.112464	  0.066862	  0.529873	
  0.281986	  0.340992	  0.131875	  0.245147	
  0.228299	  0.247314	  0.296088	  0.228299	
  0.301159	  0.033037	  0.594451	  0.071353	
  0.207356	  0.056511	  0.520315	  0.215818	

URL http://cisbp.ccbr.utoronto.ca/TFreport.php?searchTF=T112494_1.02

MOTIF M2372_1.02 (estExt_fgenesh1_pg.C_130146)_(Arabidopsis_thaliana)_(DBD_0.89)

letter-probability matrix: alength= 4 w= 11 nsites= 1 E= 0
  0.140000	  0.450000	  0.230000	  0.180000	
  0.160000	  0.270000	  0.550000	  0.020000	
  0.000000	  0.919192	  0.040404	  0.040404	
  0.000000	  0.050000	  0.930000	  0.020000	
  0.040404	  0.939394	  0.000000	  0.020202	
  0.040404	  0.020202	  0.020202	  0.919192	
  0.080808	  0.000000	  0.858586	  0.060606	
  0.960000	  0.000000	  0.020000	  0.020000	
  0.040000	  0.040000	  0.920000	  0.000000	
  0.020000	  0.550000	  0.260000	  0.170000	
  0.151515	  0.323232	  0.242424	  0.282828	

URL http://cisbp.ccbr.utoronto.ca/TFreport.php?searchTF=T122898_1.02

MOTIF M4266_1.02 (GP3.060340)_(Saccharomyces_cerevisiae)_(DBD_0.94)

letter-probability matrix: alength= 4 w= 21 nsites= 1 E= 0
  0.277896	  0.250994	  0.386874	  0.084236	
  0.337701	  0.191203	  0.147499	  0.323596	
  0.253161	  0.345476	  0.088062	  0.313301	
  0.160289	  0.200315	  0.154575	  0.484821	
  0.545495	  0.139664	  0.154641	  0.160199	
  0.115326	  0.098646	  0.701617	  0.084410	
  0.287085	  0.198825	  0.266325	  0.247765	
  0.332186	  0.110816	  0.027332	  0.529666	
  0.907072	  0.007916	  0.025927	  0.059085	
  0.012689	  0.007855	  0.023849	  0.955608	
  0.981186	  0.002417	  0.004390	  0.012006	
  0.038291	  0.001865	  0.005177	  0.954667	
  0.970929	  0.002253	  0.006019	  0.020798	
  0.044741	  0.004462	  0.003313	  0.947483	
  0.883835	  0.010075	  0.024913	  0.081177	
  0.186324	  0.062165	  0.094376	  0.657135	
  0.264806	  0.122748	  0.129197	  0.483248	
  0.137280	  0.380802	  0.369687	  0.112231	
  0.266096	  0.228247	  0.383999	  0.121658	
  0.350006	  0.176397	  0.172576	  0.301021	
  0.248908	  0.193837	  0.270884	  0.286371	

URL http://cisbp.ccbr.utoronto.ca/TFreport.php?searchTF=T150875_1.02

MOTIF M4376_1.02 (GP3.004660)_(Saccharomyces_cerevisiae)_(DBD_0.40)

letter-probability matrix: alength= 4 w= 20 nsites= 1 E= 0
  0.240122	  0.196861	  0.220816	  0.342201	
  0.277890	  0.146179	  0.267804	  0.308128	
  0.341839	  0.174534	  0.219739	  0.263888	
  0.571702	  0.146030	  0.143912	  0.138356	
  0.495698	  0.110596	  0.176615	  0.217091	
  0.379266	  0.157960	  0.126669	  0.336105	
  0.179551	  0.004748	  0.813593	  0.002108	
  0.014558	  0.004260	  0.000952	  0.980230	
  0.950367	  0.047308	  0.000771	  0.001554	
  0.979678	  0.011390	  0.000976	  0.007956	
  0.986667	  0.001016	  0.002691	  0.009625	
  0.001767	  0.797833	  0.001297	  0.199103	
  0.989636	  0.001249	  0.003667	  0.005447	
  0.823954	  0.069661	  0.032500	  0.073884	
  0.684172	  0.025110	  0.106580	  0.184138	
  0.212491	  0.210952	  0.446148	  0.130410	
  0.353169	  0.173423	  0.321436	  0.151971	
  0.208011	  0.239547	  0.274318	  0.278123	
  0.315164	  0.071640	  0.432442	  0.180754	
  0.338566	  0.263541	  0.274442	  0.123450	

URL http://cisbp.ccbr.utoronto.ca/TFreport.php?searchTF=T083253_1.02

