MEME version 4

ALPHABET= ACGT

strands: + -

Background letter frequencies (from uniform background):
A 0.25000 C 0.25000 G 0.25000 T 0.25000 

MOTIF M0086_1.02 (BC1G_13179)_(Histoplasma_capsulatum)_(DBD_0.94)

letter-probability matrix: alength= 4 w= 10 nsites= 1 E= 0
  0.287386	  0.184982	  0.164060	  0.363572	
  0.268823	  0.245690	  0.172342	  0.313145	
  0.339997	  0.263260	  0.151658	  0.245086	
  0.153137	  0.201022	  0.101791	  0.544050	
  0.240409	  0.109919	  0.541436	  0.108237	
  0.108237	  0.541436	  0.109919	  0.240409	
  0.544050	  0.101791	  0.201022	  0.153137	
  0.245086	  0.151658	  0.263260	  0.339997	
  0.313145	  0.172342	  0.245690	  0.268823	
  0.363572	  0.164060	  0.184982	  0.287386	

URL http://cisbp.ccbr.utoronto.ca/TFreport.php?searchTF=T005113_1.02

MOTIF M0112_1.02 (BC1G_05510)_(Neurospora_crassa)_(DBD_0.80)

letter-probability matrix: alength= 4 w= 8 nsites= 1 E= 0
  0.231893	  0.272129	  0.231893	  0.264086	
  0.199782	  0.275126	  0.241587	  0.283505	
  0.239406	  0.256765	  0.190216	  0.313613	
  0.169991	  0.163325	  0.418109	  0.248575	
  0.699238	  0.072966	  0.111051	  0.116745	
  0.096923	  0.120773	  0.014210	  0.768095	
  0.556969	  0.037808	  0.314980	  0.090243	
  0.186997	  0.278967	  0.206664	  0.327371	

URL http://cisbp.ccbr.utoronto.ca/TFreport.php?searchTF=T006980_1.02

MOTIF M0139_1.02 (BC1G_06390)_(Neurospora_crassa)_(DBD_0.54)

letter-probability matrix: alength= 4 w= 10 nsites= 1 E= 0
  0.201025	  0.307957	  0.244501	  0.246517	
  0.321984	  0.166011	  0.320153	  0.191852	
  0.414247	  0.188211	  0.192640	  0.204903	
  0.431510	  0.064433	  0.100297	  0.403760	
  0.423723	  0.047936	  0.000049	  0.528292	
  0.528292	  0.000049	  0.047936	  0.423723	
  0.403760	  0.100297	  0.064433	  0.431510	
  0.204903	  0.192640	  0.188211	  0.414247	
  0.191852	  0.320153	  0.166011	  0.321984	
  0.246517	  0.244501	  0.307957	  0.201025	

URL http://cisbp.ccbr.utoronto.ca/TFreport.php?searchTF=T008535_1.02

MOTIF M0140_1.02 (BC1G_16323)_(Caenorhabditis_elegans)_(DBD_0.47)

letter-probability matrix: alength= 4 w= 7 nsites= 1 E= 0
  0.272989	  0.275733	  0.247011	  0.204268	
  0.311542	  0.190859	  0.252531	  0.245068	
  0.409498	  0.106158	  0.183999	  0.300345	
  0.464798	  0.095737	  0.154718	  0.284747	
  0.582238	  0.128622	  0.014110	  0.275030	
  0.576040	  0.000723	  0.229563	  0.193674	
  0.235345	  0.212949	  0.048475	  0.503232	

URL http://cisbp.ccbr.utoronto.ca/TFreport.php?searchTF=T008536_1.02

MOTIF M0232_1.02 (BC1G_00439)_(Neurospora_crassa)_(DBD_0.65)

letter-probability matrix: alength= 4 w= 10 nsites= 1 E= 0
  0.388135	  0.112825	  0.260346	  0.238694	
  0.249054	  0.172339	  0.128937	  0.449670	
  0.199250	  0.410304	  0.162487	  0.227958	
  0.479655	  0.034839	  0.286042	  0.199464	
  0.129912	  0.429844	  0.141336	  0.298908	
  0.298908	  0.141336	  0.429844	  0.129912	
  0.199464	  0.286042	  0.034839	  0.479655	
  0.227958	  0.162487	  0.410304	  0.199250	
  0.449670	  0.128937	  0.172339	  0.249054	
  0.238694	  0.260346	  0.112825	  0.388135	

URL http://cisbp.ccbr.utoronto.ca/TFreport.php?searchTF=T011353_1.02

MOTIF M0233_1.02 (BC1G_16026)_(Neurospora_crassa)_(DBD_0.77)

letter-probability matrix: alength= 4 w= 10 nsites= 1 E= 0
  0.372697	  0.131267	  0.368992	  0.127044	
  0.132630	  0.120618	  0.150348	  0.596405	
  0.053806	  0.833998	  0.040004	  0.072192	
  0.860550	  0.014337	  0.062962	  0.062150	
  0.049765	  0.733895	  0.036448	  0.179892	
  0.179892	  0.036448	  0.733895	  0.049765	
  0.062150	  0.062962	  0.014337	  0.860550	
  0.072192	  0.040004	  0.833998	  0.053806	
  0.596405	  0.150348	  0.120618	  0.132630	
  0.127044	  0.368992	  0.131267	  0.372697	

URL http://cisbp.ccbr.utoronto.ca/TFreport.php?searchTF=T011360_1.02

MOTIF M0234_1.02 (BC1G_02700)_(Neurospora_crassa)_(DBD_0.87)

letter-probability matrix: alength= 4 w= 9 nsites= 1 E= 0
  0.269108	  0.205431	  0.331993	  0.193468	
  0.159193	  0.533850	  0.206462	  0.100496	
  0.059491	  0.939955	  0.000044	  0.000510	
  0.935853	  0.000093	  0.018384	  0.045671	
  0.000144	  0.750505	  0.011714	  0.237638	
  0.079917	  0.020105	  0.889792	  0.010186	
  0.149161	  0.300373	  0.065041	  0.485425	
  0.093731	  0.070841	  0.652254	  0.183174	
  0.241695	  0.256640	  0.267114	  0.234551	

URL http://cisbp.ccbr.utoronto.ca/TFreport.php?searchTF=T011354_1.02

MOTIF M0235_1.02 (BC1G_11180)_(Neurospora_crassa)_(DBD_0.90)

letter-probability matrix: alength= 4 w= 8 nsites= 1 E= 0
  0.274385	  0.205312	  0.348812	  0.171491	
  0.190278	  0.136796	  0.336463	  0.336463	
  0.075030	  0.878218	  0.030505	  0.016247	
  0.751431	  0.000270	  0.135908	  0.112390	
  0.002837	  0.782682	  0.078471	  0.136010	
  0.236992	  0.000239	  0.711963	  0.050807	
  0.167264	  0.223536	  0.126415	  0.482785	
  0.153853	  0.085285	  0.605464	  0.155399	

URL http://cisbp.ccbr.utoronto.ca/TFreport.php?searchTF=T011357_1.02

MOTIF M0277_1.02 (BC1G_14094)_(Aspergillus_nidulans)_(DBD_0.77)

letter-probability matrix: alength= 4 w= 10 nsites= 1 E= 0
  0.154221	  0.132739	  0.506936	  0.206105	
  0.384330	  0.442085	  0.102668	  0.070916	
  0.058696	  0.013228	  0.037054	  0.891022	
  0.007506	  0.030745	  0.385962	  0.575787	
  0.911092	  0.000094	  0.061846	  0.026968	
  0.063690	  0.586417	  0.169700	  0.180193	
  0.278427	  0.160639	  0.196204	  0.364730	
  0.518034	  0.154476	  0.059742	  0.267747	
  0.729176	  0.086653	  0.088404	  0.095767	
  0.258065	  0.140220	  0.224351	  0.377364	

URL http://cisbp.ccbr.utoronto.ca/TFreport.php?searchTF=T022414_1.02

MOTIF M0279_1.02 (BC1G_07936)_(Aspergillus_nidulans)_(DBD_0.69)

letter-probability matrix: alength= 4 w= 10 nsites= 1 E= 0
  0.246840	  0.196081	  0.257201	  0.299878	
  0.404547	  0.230507	  0.142781	  0.222165	
  0.184351	  0.378595	  0.128283	  0.308771	
  0.636412	  0.020156	  0.194119	  0.149314	
  0.177436	  0.522892	  0.092598	  0.207075	
  0.207075	  0.092598	  0.522892	  0.177436	
  0.149314	  0.194119	  0.020156	  0.636412	
  0.308771	  0.128283	  0.378595	  0.184351	
  0.222165	  0.142781	  0.230507	  0.404547	
  0.299878	  0.257201	  0.196081	  0.246840	

URL http://cisbp.ccbr.utoronto.ca/TFreport.php?searchTF=T022406_1.02

MOTIF M0330_1.02 (BC1G_15578)_(Neurospora_crassa)_(DBD_0.89)

letter-probability matrix: alength= 4 w= 8 nsites= 1 E= 0
  0.690951	  0.077454	  0.154141	  0.077454	
  0.000525	  0.000525	  0.000525	  0.998424	
  0.053046	  0.000525	  0.053046	  0.893382	
  0.998424	  0.000525	  0.000525	  0.000525	
  0.000525	  0.945903	  0.053046	  0.000525	
  0.053046	  0.000525	  0.893382	  0.053046	
  0.000525	  0.053046	  0.000525	  0.945903	
  0.784188	  0.071937	  0.071937	  0.071937	

URL http://cisbp.ccbr.utoronto.ca/TFreport.php?searchTF=T022416_1.02

MOTIF M0331_1.02 (BC1G_01237)_(Neurospora_crassa)_(DBD_0.68)

letter-probability matrix: alength= 4 w= 10 nsites= 1 E= 0
  0.138972	  0.117246	  0.552400	  0.191382	
  0.407664	  0.450538	  0.049921	  0.091876	
  0.018202	  0.000228	  0.064170	  0.917399	
  0.109798	  0.113142	  0.249297	  0.527762	
  0.898816	  0.005480	  0.085719	  0.009985	
  0.003372	  0.668907	  0.109469	  0.218251	
  0.178122	  0.123035	  0.455988	  0.242856	
  0.305077	  0.126541	  0.094686	  0.473696	
  0.502827	  0.177727	  0.146973	  0.172474	
  0.496385	  0.129976	  0.163588	  0.210051	

URL http://cisbp.ccbr.utoronto.ca/TFreport.php?searchTF=T022397_1.02

MOTIF M0333_1.02 (BC1G_05207)_(Neurospora_crassa)_(DBD_0.60)

letter-probability matrix: alength= 4 w= 9 nsites= 1 E= 0
  0.226007	  0.214985	  0.259970	  0.299037	
  0.362284	  0.189129	  0.305646	  0.142941	
  0.035974	  0.098770	  0.000200	  0.865056	
  0.112334	  0.000555	  0.714424	  0.172686	
  0.745300	  0.051614	  0.051100	  0.151986	
  0.120675	  0.535446	  0.187373	  0.156507	
  0.203170	  0.147532	  0.236050	  0.413247	
  0.260935	  0.335047	  0.220141	  0.183877	
  0.299449	  0.221837	  0.250121	  0.228593	

URL http://cisbp.ccbr.utoronto.ca/TFreport.php?searchTF=T022402_1.02

MOTIF M0334_1.02 (BC1G_00118)_(Neurospora_crassa)_(DBD_0.87)

letter-probability matrix: alength= 4 w= 8 nsites= 1 E= 0
  0.115790	  0.106888	  0.483852	  0.293471	
  0.303746	  0.537105	  0.071250	  0.087899	
  0.128523	  0.032334	  0.037944	  0.801199	
  0.083192	  0.144194	  0.330682	  0.441932	
  0.921731	  0.000168	  0.035739	  0.042362	
  0.031981	  0.592974	  0.113881	  0.261164	
  0.229837	  0.193905	  0.319696	  0.256562	
  0.236428	  0.220444	  0.227158	  0.315969	

URL http://cisbp.ccbr.utoronto.ca/TFreport.php?searchTF=T022395_1.02

MOTIF M0335_1.02 (BC1G_14044)_(Neurospora_crassa)_(DBD_0.74)

letter-probability matrix: alength= 4 w= 10 nsites= 1 E= 0
  0.205745	  0.195711	  0.371161	  0.227383	
  0.348492	  0.331496	  0.141686	  0.178326	
  0.158625	  0.112904	  0.146429	  0.582042	
  0.129977	  0.140802	  0.261741	  0.467480	
  0.680697	  0.045291	  0.180029	  0.093983	
  0.046524	  0.572470	  0.141169	  0.239837	
  0.243006	  0.136059	  0.341411	  0.279524	
  0.305636	  0.191023	  0.151775	  0.351566	
  0.458175	  0.155594	  0.171958	  0.214273	
  0.354470	  0.165774	  0.217158	  0.262598	

URL http://cisbp.ccbr.utoronto.ca/TFreport.php?searchTF=T022413_1.02

MOTIF M0469_1.02 (BC1G_11850)_(Neurospora_crassa)_(DBD_0.96)

letter-probability matrix: alength= 4 w= 10 nsites= 1 E= 0
  0.135111	  0.173485	  0.132435	  0.558969	
  0.036396	  0.008797	  0.948091	  0.006716	
  0.090702	  0.038382	  0.076522	  0.794394	
  0.000618	  0.001681	  0.991595	  0.006106	
  0.003099	  0.000230	  0.993412	  0.003258	
  0.008631	  0.977890	  0.002171	  0.011307	
  0.083917	  0.020902	  0.487765	  0.407416	
  0.128276	  0.306184	  0.274290	  0.291251	
  0.384309	  0.167578	  0.230776	  0.217337	
  0.242545	  0.177894	  0.351141	  0.228420	

URL http://cisbp.ccbr.utoronto.ca/TFreport.php?searchTF=T032593_1.02

MOTIF M0473_1.02 (BC1G_08824)_(Neurospora_crassa)_(DBD_0.92)

letter-probability matrix: alength= 4 w= 10 nsites= 1 E= 0
  0.289992	  0.212694	  0.304860	  0.192453	
  0.226165	  0.376631	  0.131797	  0.265407	
  0.199332	  0.017725	  0.681959	  0.100985	
  0.075701	  0.801743	  0.000218	  0.122338	
  0.645987	  0.007697	  0.129125	  0.217192	
  0.158375	  0.581123	  0.012121	  0.248381	
  0.244520	  0.088173	  0.432376	  0.234932	
  0.170600	  0.075893	  0.538789	  0.214718	
  0.377946	  0.137655	  0.240989	  0.243411	
  0.151477	  0.459636	  0.144089	  0.244798	

URL http://cisbp.ccbr.utoronto.ca/TFreport.php?searchTF=T032584_1.02

MOTIF M0482_1.02 (BC1G_07603)_(Neurospora_crassa)_(DBD_0.96)

letter-probability matrix: alength= 4 w= 10 nsites= 1 E= 0
  0.269622	  0.207893	  0.295014	  0.227471	
  0.221481	  0.230520	  0.308073	  0.239927	
  0.001518	  0.000218	  0.979590	  0.018674	
  0.174199	  0.441510	  0.029970	  0.354320	
  0.000399	  0.000217	  0.964849	  0.034535	
  0.001007	  0.065798	  0.885891	  0.047304	
  0.010090	  0.042164	  0.899247	  0.048500	
  0.083781	  0.065904	  0.733778	  0.116537	
  0.158734	  0.261708	  0.229805	  0.349754	
  0.323602	  0.206338	  0.239730	  0.230330	

URL http://cisbp.ccbr.utoronto.ca/TFreport.php?searchTF=T032580_1.02

MOTIF M0483_1.02 (BC1G_10340)_(Neurospora_crassa)_(DBD_0.85)

letter-probability matrix: alength= 4 w= 10 nsites= 1 E= 0
  0.309407	  0.173236	  0.322034	  0.195323	
  0.212288	  0.170365	  0.398594	  0.218753	
  0.182019	  0.056493	  0.688221	  0.073267	
  0.205430	  0.081868	  0.250913	  0.461789	
  0.005887	  0.032875	  0.927699	  0.033539	
  0.000760	  0.000020	  0.997902	  0.001317	
  0.000226	  0.805566	  0.018021	  0.176187	
  0.115535	  0.065995	  0.310932	  0.507539	
  0.149767	  0.109846	  0.644891	  0.095496	
  0.194711	  0.078376	  0.602759	  0.124153	

URL http://cisbp.ccbr.utoronto.ca/TFreport.php?searchTF=T032590_1.02

MOTIF M0484_1.02 (BC1G_00093)_(Neurospora_crassa)_(DBD_0.81)

letter-probability matrix: alength= 4 w= 9 nsites= 1 E= 0
  0.263824	  0.057701	  0.599012	  0.079462	
  0.306847	  0.094288	  0.136503	  0.462362	
  0.003417	  0.000402	  0.811461	  0.184719	
  0.000117	  0.000000	  0.999883	  0.000000	
  0.000079	  0.986535	  0.000000	  0.013386	
  0.095950	  0.004322	  0.443116	  0.456611	
  0.156563	  0.315279	  0.296918	  0.231240	
  0.534596	  0.081574	  0.087489	  0.296341	
  0.157278	  0.059028	  0.644202	  0.139493	

URL http://cisbp.ccbr.utoronto.ca/TFreport.php?searchTF=T032566_1.02

MOTIF M0486_1.02 (BC1G_11939)_(Neurospora_crassa)_(DBD_0.83)

letter-probability matrix: alength= 4 w= 10 nsites= 1 E= 0
  0.205413	  0.261131	  0.227016	  0.306440	
  0.399144	  0.225726	  0.088175	  0.286954	
  0.999703	  0.000032	  0.000053	  0.000212	
  0.001910	  0.001333	  0.979689	  0.017069	
  0.017715	  0.020997	  0.948033	  0.013255	
  0.047779	  0.801580	  0.014106	  0.136535	
  0.448288	  0.211756	  0.140532	  0.199424	
  0.246607	  0.199896	  0.269831	  0.283666	
  0.233805	  0.300212	  0.220190	  0.245793	
  0.264966	  0.237366	  0.219116	  0.278551	

URL http://cisbp.ccbr.utoronto.ca/TFreport.php?searchTF=T032594_1.02

MOTIF M0743_1.02 (BC1G_15884)_(Neurospora_crassa)_(DBD_0.41)

letter-probability matrix: alength= 4 w= 12 nsites= 1 E= 0
  0.325852	  0.224716	  0.224716	  0.224716	
  0.224716	  0.224716	  0.224716	  0.325852	
  0.320320	  0.126731	  0.230111	  0.322838	
  0.150068	  0.054508	  0.740916	  0.054508	
  0.110630	  0.000255	  0.000255	  0.888861	
  0.802598	  0.101332	  0.000255	  0.095815	
  0.999235	  0.000255	  0.000255	  0.000255	
  0.898099	  0.000255	  0.000255	  0.101392	
  0.025539	  0.521340	  0.025539	  0.427581	
  0.923383	  0.025539	  0.025539	  0.025539	
  0.438479	  0.218912	  0.123524	  0.219085	
  0.412759	  0.195747	  0.195747	  0.195747	

URL http://cisbp.ccbr.utoronto.ca/TFreport.php?searchTF=T080664_1.02

MOTIF M0744_1.02 (BC1G_06590)_(Neurospora_crassa)_(DBD_0.72)

letter-probability matrix: alength= 4 w= 8 nsites= 1 E= 0
  0.570513	  0.071937	  0.356838	  0.000712	
  0.059272	  0.000587	  0.000587	  0.939554	
  0.939554	  0.059272	  0.000587	  0.000587	
  0.998239	  0.000587	  0.000587	  0.000587	
  0.998239	  0.000587	  0.000587	  0.000587	
  0.000587	  0.880869	  0.000587	  0.117958	
  0.998239	  0.000587	  0.000587	  0.000587	
  0.499004	  0.200199	  0.000996	  0.299801	

URL http://cisbp.ccbr.utoronto.ca/TFreport.php?searchTF=T080663_1.02

MOTIF M0745_1.02 (BC1G_01619)_(Neurospora_crassa)_(DBD_0.45)

letter-probability matrix: alength= 4 w= 10 nsites= 1 E= 0
  0.227337	  0.227337	  0.227337	  0.317989	
  0.358861	  0.170204	  0.298544	  0.172391	
  0.484493	  0.000117	  0.515274	  0.000117	
  0.000117	  0.999650	  0.000117	  0.000117	
  0.999650	  0.000117	  0.000117	  0.000117	
  0.999650	  0.000117	  0.000117	  0.000117	
  0.999650	  0.000117	  0.000117	  0.000117	
  0.000117	  0.999650	  0.000117	  0.000117	
  0.931661	  0.022780	  0.022780	  0.022780	
  0.168823	  0.298703	  0.256580	  0.275894	

URL http://cisbp.ccbr.utoronto.ca/TFreport.php?searchTF=T080661_1.02

MOTIF M0791_1.02 (BC1G_01840)_(Neurospora_crassa)_(DBD_0.89)

letter-probability matrix: alength= 4 w= 9 nsites= 1 E= 0
  0.238290	  0.282447	  0.248015	  0.231248	
  0.249185	  0.272652	  0.259355	  0.218808	
  0.236587	  0.439798	  0.109543	  0.214073	
  0.059758	  0.068055	  0.757717	  0.114470	
  0.902683	  0.000129	  0.000123	  0.097064	
  0.048477	  0.051992	  0.000705	  0.898826	
  0.141843	  0.359503	  0.271706	  0.226948	
  0.208434	  0.289925	  0.254582	  0.247058	
  0.248381	  0.255945	  0.266390	  0.229284	

URL http://cisbp.ccbr.utoronto.ca/TFreport.php?searchTF=T083837_1.02

MOTIF M0792_1.02 (BC1G_09852)_(Neurospora_crassa)_(DBD_0.94)

letter-probability matrix: alength= 4 w= 8 nsites= 1 E= 0
  0.246114	  0.263959	  0.251086	  0.238840	
  0.289615	  0.264688	  0.175661	  0.270036	
  0.101067	  0.108395	  0.696303	  0.094234	
  0.794489	  0.034733	  0.044598	  0.126179	
  0.025614	  0.062373	  0.046671	  0.865343	
  0.449630	  0.160521	  0.097361	  0.292488	
  0.295846	  0.232721	  0.265029	  0.206405	
  0.224078	  0.276441	  0.282025	  0.217456	

URL http://cisbp.ccbr.utoronto.ca/TFreport.php?searchTF=T083839_1.02

MOTIF M0828_1.02 (BC1G_06341)_(Fusarium_graminearum)_(DBD_0.73)

letter-probability matrix: alength= 4 w= 10 nsites= 1 E= 0
  0.270983	  0.228619	  0.255202	  0.245196	
  0.216975	  0.340285	  0.223583	  0.219156	
  0.365503	  0.167549	  0.219483	  0.247466	
  0.185416	  0.183571	  0.095833	  0.535180	
  0.195033	  0.020972	  0.701464	  0.082531	
  0.127597	  0.214621	  0.000001	  0.657782	
  0.257506	  0.459915	  0.121637	  0.160942	
  0.447523	  0.162997	  0.235976	  0.153504	
  0.372269	  0.155963	  0.151353	  0.320415	
  0.277862	  0.241561	  0.182568	  0.298009	

URL http://cisbp.ccbr.utoronto.ca/TFreport.php?searchTF=T089102_1.02

MOTIF M1114_1.02 (BC1G_10953)_(Neurospora_crassa)_(DBD_0.95)

letter-probability matrix: alength= 4 w= 8 nsites= 1 E= 0
  0.209810	  0.248689	  0.243765	  0.297735	
  0.169404	  0.268348	  0.296570	  0.265678	
  0.128561	  0.266774	  0.173539	  0.431126	
  0.418284	  0.236550	  0.131126	  0.214040	
  0.620568	  0.129106	  0.226022	  0.024304	
  0.203970	  0.136725	  0.099283	  0.560021	
  0.279320	  0.235653	  0.176330	  0.308697	
  0.292088	  0.158706	  0.150966	  0.398240	

URL http://cisbp.ccbr.utoronto.ca/TFreport.php?searchTF=T089106_1.02

MOTIF M1115_1.02 (BC1G_06476)_(Neurospora_crassa)_(DBD_0.98)

letter-probability matrix: alength= 4 w= 8 nsites= 1 E= 0
  0.059048	  0.059048	  0.176557	  0.705347	
  0.061378	  0.142945	  0.000204	  0.795473	
  0.881857	  0.019788	  0.000196	  0.098158	
  0.941776	  0.038624	  0.000192	  0.019408	
  0.019408	  0.000192	  0.000192	  0.980208	
  0.699640	  0.040168	  0.000200	  0.259992	
  0.087098	  0.021937	  0.000217	  0.890747	
  0.884989	  0.057363	  0.057363	  0.000285	

URL http://cisbp.ccbr.utoronto.ca/TFreport.php?searchTF=T089103_1.02

MOTIF M1250_1.02 (BC1G_02819)_(Neurospora_crassa)_(DBD_0.94)

letter-probability matrix: alength= 4 w= 10 nsites= 1 E= 0
  0.283600	  0.227595	  0.232192	  0.256612	
  0.230392	  0.212679	  0.304839	  0.252089	
  0.293438	  0.240247	  0.235489	  0.230826	
  0.116548	  0.031134	  0.065255	  0.787062	
  0.076460	  0.000184	  0.028411	  0.894946	
  0.057969	  0.862560	  0.029076	  0.050396	
  0.020561	  0.408869	  0.193136	  0.377434	
  0.547873	  0.105219	  0.207689	  0.139218	
  0.169023	  0.290044	  0.145479	  0.395454	
  0.259381	  0.227762	  0.298359	  0.214498	

URL http://cisbp.ccbr.utoronto.ca/TFreport.php?searchTF=T105477_1.02

MOTIF M1367_1.02 (BC1G_02506)_(Neurospora_crassa)_(DBD_0.89)

letter-probability matrix: alength= 4 w= 10 nsites= 1 E= 0
  0.301236	  0.210165	  0.218742	  0.269857	
  0.276538	  0.228686	  0.268365	  0.226410	
  0.203728	  0.266877	  0.248834	  0.280560	
  0.281877	  0.242614	  0.270824	  0.204685	
  0.137148	  0.101602	  0.633374	  0.127876	
  0.227355	  0.051240	  0.003375	  0.718030	
  0.161004	  0.050980	  0.101639	  0.686377	
  0.170377	  0.482032	  0.139493	  0.208098	
  0.261423	  0.180574	  0.356431	  0.201571	
  0.216521	  0.275252	  0.172033	  0.336194	

URL http://cisbp.ccbr.utoronto.ca/TFreport.php?searchTF=T115518_1.02

MOTIF M1705_1.02 BC1G_11044

letter-probability matrix: alength= 4 w= 8 nsites= 1 E= 0
  0.191567	  0.356109	  0.215991	  0.236332	
  0.161870	  0.286230	  0.205777	  0.346123	
  0.002701	  0.957000	  0.039009	  0.001289	
  0.000422	  0.999438	  0.000104	  0.000036	
  0.013375	  0.000158	  0.985709	  0.000758	
  0.338398	  0.185716	  0.255755	  0.220131	
  0.254124	  0.218727	  0.278056	  0.249092	
  0.253865	  0.258993	  0.264225	  0.222917	

URL http://cisbp.ccbr.utoronto.ca/TFreport.php?searchTF=T155964_1.02

MOTIF M1718_1.02 (BC1G_08816)_(Neurospora_crassa)_(DBD_0.98)

letter-probability matrix: alength= 4 w= 10 nsites= 1 E= 0
  0.259404	  0.225515	  0.225515	  0.289567	
  0.287950	  0.207014	  0.183605	  0.321432	
  0.292654	  0.188480	  0.234861	  0.284005	
  0.315695	  0.158345	  0.183971	  0.341989	
  0.230782	  0.217343	  0.351242	  0.200633	
  0.038458	  0.897466	  0.043797	  0.020279	
  0.000328	  0.858858	  0.140556	  0.000258	
  0.000636	  0.000140	  0.999054	  0.000170	
  0.384504	  0.230893	  0.204784	  0.179820	
  0.250394	  0.215516	  0.312010	  0.222080	

URL http://cisbp.ccbr.utoronto.ca/TFreport.php?searchTF=T155948_1.02

MOTIF M1721_1.02 (BC1G_13741)_(Neurospora_crassa)_(DBD_0.82)

letter-probability matrix: alength= 4 w= 10 nsites= 1 E= 0
  0.471842	  0.188038	  0.186167	  0.153953	
  0.513380	  0.098595	  0.133089	  0.254937	
  0.284168	  0.230342	  0.225781	  0.259710	
  0.147861	  0.011897	  0.006211	  0.834032	
  0.274820	  0.122256	  0.564599	  0.038326	
  0.004606	  0.989604	  0.000165	  0.005625	
  0.000176	  0.993184	  0.005876	  0.000764	
  0.016142	  0.008260	  0.964336	  0.011262	
  0.362695	  0.124407	  0.341573	  0.171325	
  0.272857	  0.210387	  0.295582	  0.221174	

URL http://cisbp.ccbr.utoronto.ca/TFreport.php?searchTF=T155981_1.02

MOTIF M1722_1.02 (BC1G_01932)_(Neurospora_crassa)_(DBD_0.95)

letter-probability matrix: alength= 4 w= 9 nsites= 1 E= 0
  0.253258	  0.248243	  0.271621	  0.226877	
  0.203860	  0.223058	  0.277947	  0.295135	
  0.344665	  0.129357	  0.125534	  0.400444	
  0.105804	  0.210942	  0.179753	  0.503501	
  0.006588	  0.987517	  0.000393	  0.005502	
  0.000099	  0.978024	  0.021661	  0.000216	
  0.015357	  0.000607	  0.983943	  0.000093	
  0.304515	  0.127577	  0.375673	  0.192235	
  0.256613	  0.212209	  0.310309	  0.220869	

URL http://cisbp.ccbr.utoronto.ca/TFreport.php?searchTF=T155900_1.02

MOTIF M1726_1.02 (BC1G_08086)_(Neurospora_crassa)_(DBD_0.88)

letter-probability matrix: alength= 4 w= 10 nsites= 1 E= 0
  0.219060	  0.219060	  0.219060	  0.342819	
  0.043666	  0.148034	  0.043666	  0.764634	
  0.340157	  0.000122	  0.189712	  0.470010	
  0.592947	  0.189712	  0.217220	  0.000122	
  0.000122	  0.312616	  0.687140	  0.000122	
  0.000122	  0.999634	  0.000122	  0.000122	
  0.000122	  0.092567	  0.907189	  0.000122	
  0.000122	  0.907189	  0.092567	  0.000122	
  0.031062	  0.123507	  0.814370	  0.031062	
  0.206456	  0.291677	  0.295411	  0.206456	

URL http://cisbp.ccbr.utoronto.ca/TFreport.php?searchTF=T155942_1.02

MOTIF M1730_1.02 (BC1G_03285)_(Neurospora_crassa)_(DBD_0.77)

letter-probability matrix: alength= 4 w= 10 nsites= 1 E= 0
  0.257162	  0.210546	  0.188614	  0.343678	
  0.266932	  0.214218	  0.186232	  0.332618	
  0.279339	  0.211120	  0.200824	  0.308717	
  0.229727	  0.283410	  0.197728	  0.289135	
  0.199745	  0.272338	  0.160299	  0.367618	
  0.239888	  0.459516	  0.139794	  0.160802	
  0.127531	  0.588962	  0.060241	  0.223265	
  0.247156	  0.004759	  0.566808	  0.181276	
  0.365025	  0.196363	  0.196363	  0.242249	
  0.223324	  0.244355	  0.227835	  0.304485	

URL http://cisbp.ccbr.utoronto.ca/TFreport.php?searchTF=T155914_1.02

MOTIF M1732_1.02 (BC1G_10735)_(Neurospora_crassa)_(DBD_0.79)

letter-probability matrix: alength= 4 w= 9 nsites= 1 E= 0
  0.273340	  0.228313	  0.133049	  0.365299	
  0.083299	  0.384688	  0.093919	  0.438094	
  0.095422	  0.794972	  0.104408	  0.005198	
  0.000113	  0.969885	  0.027036	  0.002966	
  0.027801	  0.000552	  0.967847	  0.003800	
  0.323238	  0.152687	  0.320021	  0.204055	
  0.216273	  0.246297	  0.251273	  0.286157	
  0.229653	  0.283318	  0.264164	  0.222866	
  0.208770	  0.273481	  0.254992	  0.262758	

URL http://cisbp.ccbr.utoronto.ca/TFreport.php?searchTF=T155961_1.02

MOTIF M1735_1.02 (BC1G_14637)_(Neurospora_crassa)_(DBD_0.95)

letter-probability matrix: alength= 4 w= 10 nsites= 1 E= 0
  0.274890	  0.238978	  0.205690	  0.280443	
  0.281944	  0.226265	  0.226265	  0.265525	
  0.265719	  0.215387	  0.213244	  0.305649	
  0.266965	  0.168531	  0.106391	  0.458114	
  0.095408	  0.419122	  0.090755	  0.394715	
  0.107235	  0.716960	  0.074815	  0.100990	
  0.000913	  0.942656	  0.056188	  0.000244	
  0.004346	  0.000048	  0.952688	  0.042918	
  0.476776	  0.152482	  0.190004	  0.180738	
  0.263307	  0.215577	  0.235879	  0.285237	

URL http://cisbp.ccbr.utoronto.ca/TFreport.php?searchTF=T155993_1.02

MOTIF M1747_1.02 (BC1G_03744)_(Neurospora_crassa)_(DBD_0.82)

letter-probability matrix: alength= 4 w= 11 nsites= 1 E= 0
  0.638147	  0.120618	  0.120618	  0.120618	
  0.653853	  0.047071	  0.047071	  0.252005	
  0.141783	  0.558929	  0.138039	  0.161249	
  0.000193	  0.000193	  0.000193	  0.999421	
  0.100582	  0.000193	  0.899032	  0.000193	
  0.000193	  0.999421	  0.000193	  0.000193	
  0.000193	  0.999421	  0.000193	  0.000193	
  0.000193	  0.000193	  0.999421	  0.000193	
  0.328086	  0.129575	  0.412763	  0.129575	
  0.296955	  0.296800	  0.203122	  0.203122	
  0.203122	  0.203122	  0.296800	  0.296955	

URL http://cisbp.ccbr.utoronto.ca/TFreport.php?searchTF=T155920_1.02

MOTIF M1752_1.02 (BC1G_02116)_(Neurospora_crassa)_(DBD_0.95)

letter-probability matrix: alength= 4 w= 10 nsites= 1 E= 0
  0.302482	  0.226183	  0.217606	  0.253729	
  0.234598	  0.218779	  0.142865	  0.403758	
  0.284671	  0.186005	  0.267808	  0.261516	
  0.140444	  0.458502	  0.099232	  0.301821	
  0.071558	  0.653334	  0.152056	  0.123053	
  0.123053	  0.152056	  0.653334	  0.071558	
  0.301821	  0.099232	  0.458502	  0.140444	
  0.261516	  0.267808	  0.186005	  0.284671	
  0.403758	  0.142865	  0.218779	  0.234598	
  0.253729	  0.217606	  0.226183	  0.302482	

URL http://cisbp.ccbr.utoronto.ca/TFreport.php?searchTF=T155905_1.02

MOTIF M1754_1.02 (BC1G_03074)_(Neurospora_crassa)_(DBD_0.95)

letter-probability matrix: alength= 4 w= 9 nsites= 1 E= 0
  0.302925	  0.226668	  0.199036	  0.271371	
  0.286863	  0.214649	  0.141035	  0.357453	
  0.277806	  0.146485	  0.157106	  0.418603	
  0.126365	  0.251936	  0.143908	  0.477791	
  0.567564	  0.002463	  0.109001	  0.320972	
  0.227816	  0.234754	  0.264685	  0.272745	
  0.162122	  0.512012	  0.146694	  0.179172	
  0.179260	  0.554928	  0.127592	  0.138219	
  0.229591	  0.133794	  0.422546	  0.214069	

URL http://cisbp.ccbr.utoronto.ca/TFreport.php?searchTF=T155913_1.02

MOTIF M1757_1.02 (BC1G_05192)_(Neurospora_crassa)_(DBD_0.85)

letter-probability matrix: alength= 4 w= 9 nsites= 1 E= 0
  0.180507	  0.280274	  0.229469	  0.309751	
  0.062223	  0.129117	  0.169139	  0.639521	
  0.674992	  0.021428	  0.009251	  0.294330	
  0.513306	  0.100572	  0.284540	  0.101583	
  0.103585	  0.337104	  0.523424	  0.035888	
  0.000033	  0.999923	  0.000044	  0.000000	
  0.000000	  0.000000	  1.000000	  0.000000	
  0.000000	  1.000000	  0.000000	  0.000000	
  0.023689	  0.452598	  0.294419	  0.229294	

URL http://cisbp.ccbr.utoronto.ca/TFreport.php?searchTF=T155925_1.02

MOTIF M1759_1.02 (BC1G_05916)_(Neurospora_crassa)_(DBD_0.87)

letter-probability matrix: alength= 4 w= 13 nsites= 1 E= 0
  0.227321	  0.227321	  0.227321	  0.318038	
  0.366969	  0.184084	  0.184084	  0.264864	
  0.170934	  0.137418	  0.056638	  0.635010	
  0.033009	  0.135029	  0.113790	  0.718172	
  0.033009	  0.820193	  0.113790	  0.033009	
  0.000132	  0.999605	  0.000132	  0.000132	
  0.000132	  0.080912	  0.918824	  0.000132	
  0.082750	  0.000132	  0.916987	  0.000132	
  0.654761	  0.105429	  0.124831	  0.114978	
  0.278049	  0.066048	  0.148666	  0.507237	
  0.193494	  0.419518	  0.193494	  0.193494	
  0.217123	  0.348632	  0.217123	  0.217123	
  0.217123	  0.217123	  0.348632	  0.217123	

URL http://cisbp.ccbr.utoronto.ca/TFreport.php?searchTF=T155930_1.02

MOTIF M1761_1.02 (BC1G_08737)_(Neurospora_crassa)_(DBD_0.79)

letter-probability matrix: alength= 4 w= 9 nsites= 1 E= 0
  0.292845	  0.198273	  0.143975	  0.364907	
  0.055039	  0.102313	  0.071381	  0.771267	
  0.705525	  0.008406	  0.046476	  0.239593	
  0.243123	  0.209258	  0.475120	  0.072499	
  0.043224	  0.739809	  0.193716	  0.023252	
  0.000616	  0.968673	  0.007000	  0.023711	
  0.000201	  0.000356	  0.998705	  0.000738	
  0.624525	  0.087094	  0.239126	  0.049254	
  0.212387	  0.160519	  0.477427	  0.149667	

URL http://cisbp.ccbr.utoronto.ca/TFreport.php?searchTF=T155945_1.02

MOTIF M1763_1.02 (BC1G_13568)_(Neurospora_crassa)_(DBD_0.82)

letter-probability matrix: alength= 4 w= 12 nsites= 1 E= 0
  0.222983	  0.222983	  0.222983	  0.331052	
  0.281424	  0.217348	  0.109279	  0.391948	
  0.057945	  0.242477	  0.166014	  0.533565	
  0.454492	  0.294598	  0.225624	  0.025286	
  0.000101	  0.999696	  0.000101	  0.000101	
  0.000101	  0.999696	  0.000101	  0.000101	
  0.000101	  0.000101	  0.999696	  0.000101	
  0.999696	  0.000101	  0.000101	  0.000101	
  0.111725	  0.027119	  0.834038	  0.027119	
  0.140822	  0.577533	  0.140822	  0.140822	
  0.322791	  0.192157	  0.292896	  0.192157	
  0.224815	  0.325554	  0.224815	  0.224815	

URL http://cisbp.ccbr.utoronto.ca/TFreport.php?searchTF=T155978_1.02

MOTIF M2118_1.02 (BC1G_13730)_(Saccharomyces_cerevisiae)_(DBD_0.76)

letter-probability matrix: alength= 4 w= 5 nsites= 1 E= 0
  0.000000	  0.000000	  0.000000	  1.000000	
  0.000000	  0.000000	  0.010160	  0.989840	
  0.005578	  0.000000	  0.994422	  0.000000	
  0.000000	  0.000000	  0.998223	  0.001777	
  0.158006	  0.378979	  0.030665	  0.432350	

URL http://cisbp.ccbr.utoronto.ca/TFreport.php?searchTF=T070368_1.02

MOTIF M4208_1.02 (BC1G_01388)_(Saccharomyces_cerevisiae)_(DBD_0.78)

letter-probability matrix: alength= 4 w= 21 nsites= 1 E= 0
  0.261529	  0.229270	  0.172952	  0.336249	
  0.168474	  0.201074	  0.381034	  0.249418	
  0.097684	  0.455860	  0.290116	  0.156340	
  0.269202	  0.101553	  0.104155	  0.525089	
  0.279409	  0.271500	  0.275034	  0.174056	
  0.393314	  0.146775	  0.262911	  0.196999	
  0.130193	  0.147261	  0.085376	  0.637170	
  0.402545	  0.060597	  0.041016	  0.495841	
  0.097427	  0.234068	  0.033912	  0.634593	
  0.750868	  0.125165	  0.046003	  0.077965	
  0.865617	  0.018378	  0.018798	  0.097207	
  0.097207	  0.018798	  0.018378	  0.865617	
  0.077965	  0.046003	  0.125165	  0.750868	
  0.634593	  0.033912	  0.234068	  0.097427	
  0.350237	  0.112232	  0.128639	  0.408892	
  0.637170	  0.085376	  0.147261	  0.130193	
  0.149412	  0.047445	  0.623403	  0.179740	
  0.201987	  0.158587	  0.554009	  0.085417	
  0.196195	  0.137159	  0.097629	  0.569017	
  0.356039	  0.265821	  0.188299	  0.189841	
  0.409458	  0.235182	  0.244325	  0.111035	

URL http://cisbp.ccbr.utoronto.ca/TFreport.php?searchTF=T110918_1.02

MOTIF M4265_1.02 (BC1G_00521)_(Saccharomyces_cerevisiae)_(DBD_0.72)

letter-probability matrix: alength= 4 w= 9 nsites= 1 E= 0
  0.336788	  0.051813	  0.290155	  0.321244	
  0.751296	  0.036269	  0.000000	  0.212435	
  0.316062	  0.082902	  0.000000	  0.601036	
  1.000000	  0.000000	  0.000000	  0.000000	
  0.000000	  0.000000	  1.000000	  0.000000	
  0.000000	  0.000000	  1.000000	  0.000000	
  0.088083	  0.000000	  0.911917	  0.000000	
  0.020725	  0.005181	  0.974094	  0.000000	
  0.129534	  0.233161	  0.290155	  0.347150	

URL http://cisbp.ccbr.utoronto.ca/TFreport.php?searchTF=T032568_1.02

MOTIF M4266_1.02 (BC1G_03354)_(Saccharomyces_cerevisiae)_(DBD_0.91)

letter-probability matrix: alength= 4 w= 21 nsites= 1 E= 0
  0.277896	  0.250994	  0.386874	  0.084236	
  0.337701	  0.191203	  0.147499	  0.323596	
  0.253161	  0.345476	  0.088062	  0.313301	
  0.160289	  0.200315	  0.154575	  0.484821	
  0.545495	  0.139664	  0.154641	  0.160199	
  0.115326	  0.098646	  0.701617	  0.084410	
  0.287085	  0.198825	  0.266325	  0.247765	
  0.332186	  0.110816	  0.027332	  0.529666	
  0.907072	  0.007916	  0.025927	  0.059085	
  0.012689	  0.007855	  0.023849	  0.955608	
  0.981186	  0.002417	  0.004390	  0.012006	
  0.038291	  0.001865	  0.005177	  0.954667	
  0.970929	  0.002253	  0.006019	  0.020798	
  0.044741	  0.004462	  0.003313	  0.947483	
  0.883835	  0.010075	  0.024913	  0.081177	
  0.186324	  0.062165	  0.094376	  0.657135	
  0.264806	  0.122748	  0.129197	  0.483248	
  0.137280	  0.380802	  0.369687	  0.112231	
  0.266096	  0.228247	  0.383999	  0.121658	
  0.350006	  0.176397	  0.172576	  0.301021	
  0.248908	  0.193837	  0.270884	  0.286371	

URL http://cisbp.ccbr.utoronto.ca/TFreport.php?searchTF=T150379_1.02

MOTIF M4335_1.02 (BC1G_15788)_(Saccharomyces_cerevisiae)_(DBD_0.83)

letter-probability matrix: alength= 4 w= 8 nsites= 1 E= 0
  0.131351	  0.507522	  0.240876	  0.120251	
  0.185949	  0.340578	  0.286850	  0.186623	
  0.311019	  0.542695	  0.059262	  0.087024	
  0.000997	  0.000997	  0.997009	  0.000997	
  0.997009	  0.000997	  0.000997	  0.000997	
  0.000997	  0.000997	  0.000997	  0.997009	
  0.772742	  0.039219	  0.028233	  0.159805	
  0.308741	  0.098870	  0.221680	  0.370709	

URL http://cisbp.ccbr.utoronto.ca/TFreport.php?searchTF=T083844_1.02

MOTIF M6279_1.02 (BC1G_05185)_(Homo_sapiens)_(DBD_0.46)

letter-probability matrix: alength= 4 w= 7 nsites= 1 E= 0
  0.565503	  0.116991	  0.112414	  0.205092	
  0.605263	  0.093822	  0.061785	  0.239130	
  0.969108	  0.000000	  0.010297	  0.020595	
  1.000000	  0.000000	  0.000000	  0.000000	
  0.112128	  0.000000	  0.040046	  0.847826	
  0.599542	  0.000000	  0.083524	  0.316934	
  0.204519	  0.354405	  0.180492	  0.260584	

URL http://cisbp.ccbr.utoronto.ca/TFreport.php?searchTF=T008534_1.02

