MEME version 4

ALPHABET= ACGT

strands: + -

Background letter frequencies (from multiple tamo log-odds matricies):
A 0.30409 C 0.19591 G 0.19591 T 0.30409 

MOTIF ABF1 

log-odds matrix: alength= 4 w= 15 E= 0
   -40	   -57	   -72	    77	
   116	  -353	    59	  -493	
  -561	  -404	  -557	   168	
  -402	   232	  -563	  -718	
   145	  -559	   -29	  -563	
  -713	   153	 -1063	    51	
  -249	   -80	  -172	   135	
    38	   -30	   -98	    19	
   -97	    -3	  -204	    99	
    45	   -62	    46	   -71	
   -45	    45	   -75	    37	
   169	  -462	  -428	  -703	
  -716	   233	  -464	  -526	
  -469	  -562	   233	  -716	
    59	   -90	     2	   -36	

letter-probability matrix: alength= 4 w= 15 nsites= 20 E= 0
  0.230603	  0.132401	  0.118831	  0.518165	
  0.677759	  0.016925	  0.295318	  0.009998	
  0.006239	  0.011916	  0.004120	  0.977725	
  0.018804	  0.975138	  0.003963	  0.002095	
  0.829684	  0.004061	  0.160110	  0.006145	
  0.002165	  0.566129	  0.000124	  0.431582	
  0.054037	  0.112780	  0.059358	  0.773826	
  0.394872	  0.159094	  0.099646	  0.346387	
  0.155670	  0.191719	  0.047797	  0.604814	
  0.416245	  0.127627	  0.270369	  0.185759	
  0.223349	  0.267177	  0.116538	  0.392937	
  0.979583	  0.007975	  0.010116	  0.002326	
  0.002120	  0.982105	  0.007850	  0.007924	
  0.011788	  0.003974	  0.982111	  0.002126	
  0.458598	  0.105243	  0.198444	  0.237715	

URL http://fraenkel.mit.edu/improved_map/v1.tamo

MOTIF ACE2 

log-odds matrix: alength= 4 w= 8 E= 0
   129	   -66	   -57	  -977	
   127	  -261	     2	  -299	
  -901	   204	  -286	   -85	
  -341	   209	  -991	  -114	
    85	    88	  -354	  -205	
   -15	  -270	   172	  -261	
  -144	   142	  -157	    -3	
    98	    79	  -355	  -283	

letter-probability matrix: alength= 4 w= 8 nsites= 20 E= 0
  0.743775	  0.123595	  0.132282	  0.000349	
  0.731292	  0.031979	  0.198508	  0.038221	
  0.000589	  0.803921	  0.026926	  0.168565	
  0.028687	  0.832938	  0.000203	  0.138171	
  0.548229	  0.361383	  0.016788	  0.073600	
  0.274504	  0.030241	  0.645572	  0.049683	
  0.112156	  0.524251	  0.065759	  0.297834	
  0.601813	  0.338714	  0.016713	  0.042759	

URL http://fraenkel.mit.edu/improved_map/v1.tamo

MOTIF ADR1 

log-odds matrix: alength= 4 w= 6 E= 0
   -28	    35	    35	   -28	
  -467	  -404	   230	  -467	
  -467	  -404	   230	  -467	
    68	  -404	   132	  -467	
  -467	  -404	   230	  -467	
  -467	  -404	   132	    68	

letter-probability matrix: alength= 4 w= 6 nsites= 20 E= 0
  0.250084	  0.249916	  0.249916	  0.250084	
  0.011911	  0.011903	  0.964274	  0.011911	
  0.011911	  0.011903	  0.964274	  0.011911	
  0.488255	  0.011905	  0.487927	  0.011913	
  0.011911	  0.011903	  0.964274	  0.011911	
  0.011913	  0.011905	  0.487927	  0.488255	

URL http://fraenkel.mit.edu/improved_map/v1.tamo

MOTIF AFT2 

log-odds matrix: alength= 4 w= 7 E= 0
  -270	   -16	    55	    69	
   -51	  -265	   178	  -187	
  -492	   226	 -1074	  -266	
   164	 -1053	  -251	  -407	
  -390	   230	  -463	  -492	
  -158	   211	  -205	  -624	
  -458	   199	  -188	   -98	

letter-probability matrix: alength= 4 w= 7 nsites= 20 E= 0
  0.046759	  0.175949	  0.286426	  0.490865	
  0.213491	  0.031317	  0.671789	  0.083403	
  0.010064	  0.941615	  0.000115	  0.048207	
  0.947372	  0.000133	  0.034359	  0.018136	
  0.020373	  0.961700	  0.007887	  0.010039	
  0.101888	  0.846681	  0.047395	  0.004036	
  0.012691	  0.779598	  0.053393	  0.154317	

URL http://fraenkel.mit.edu/improved_map/v1.tamo

MOTIF ARG80 

log-odds matrix: alength= 4 w= 6 E= 0
    89	 -1013	 -1013	    52	
  -987	  -981	   235	  -980	
   172	 -1012	  -984	  -987	
  -986	   235	 -1013	  -987	
    -6	 -1013	    47	    52	
  -987	   212	 -1013	  -106	

letter-probability matrix: alength= 4 w= 6 nsites= 20 E= 0
  0.562717	  0.000175	  0.000175	  0.436932	
  0.000326	  0.000219	  0.999114	  0.000341	
  0.999285	  0.000177	  0.000214	  0.000324	
  0.000327	  0.999173	  0.000175	  0.000325	
  0.291273	  0.000175	  0.271630	  0.436921	
  0.000324	  0.853660	  0.000175	  0.145841	

URL http://fraenkel.mit.edu/improved_map/v1.tamo

MOTIF ARG81 

log-odds matrix: alength= 4 w= 8 E= 0
    25	  -182	    64	   -13	
  -245	 -2229	  -282	   159	
  -113	 -2250	   214	 -2299	
   172	 -2275	 -2275	 -2338	
 -2299	   231	 -2250	  -345	
  -345	 -2250	 -2250	   168	
 -2338	   235	 -2275	 -2338	
    25	    18	  -282	    36	

letter-probability matrix: alength= 4 w= 8 nsites= 20 E= 0
  0.361150	  0.055544	  0.305401	  0.277906	
  0.055570	  0.000000	  0.027768	  0.916662	
  0.138985	  0.000000	  0.861015	  0.000000	
  1.000000	  0.000000	  0.000000	  0.000000	
  0.000000	  0.972200	  0.000000	  0.027800	
  0.027783	  0.000000	  0.000000	  0.972217	
  0.000000	  1.000000	  0.000000	  0.000000	
  0.361131	  0.222165	  0.027771	  0.388933	

URL http://fraenkel.mit.edu/improved_map/v1.tamo

MOTIF ARO80 

log-odds matrix: alength= 4 w= 23 E= 0
  -109	   213	 -2114	 -2163	
 -2202	   235	 -2139	 -2202	
 -2202	 -2139	   235	 -2202	
    -9	   -46	   -46	    49	
 -2133	   -46	   187	  -109	
    49	 -2092	    54	    -9	
    49	   -46	    54	  -109	
 -2202	 -2139	 -2139	   172	
    50	 -2114	 -2114	    91	
    49	   -46	   113	 -2133	
 -2202	   235	 -2139	 -2202	
 -2202	   235	 -2139	 -2202	
 -2202	 -2139	   235	 -2202	
    49	   154	 -2114	 -2163	
  -109	    54	   154	 -2133	
   150	 -2114	 -2114	  -109	
  -109	 -2092	    54	    91	
 -2202	 -2139	 -2139	   172	
 -2202	 -2139	 -2139	   172	
  -109	 -2114	   213	 -2163	
 -2202	   235	 -2139	 -2202	
 -2202	   235	 -2139	 -2202	
 -2202	 -2139	   235	 -2202	

letter-probability matrix: alength= 4 w= 23 nsites= 20 E= 0
  0.142819	  0.857181	  0.000000	  0.000000	
  0.000000	  1.000000	  0.000000	  0.000000	
  0.000000	  0.000000	  1.000000	  0.000000	
  0.285688	  0.142885	  0.142885	  0.428543	
  0.000000	  0.142858	  0.714325	  0.142817	
  0.428543	  0.000000	  0.285770	  0.285688	
  0.428525	  0.142879	  0.285758	  0.142838	
  0.000000	  0.000000	  0.000000	  1.000000	
  0.428578	  0.000000	  0.000000	  0.571422	
  0.428503	  0.142871	  0.428626	  0.000000	
  0.000000	  1.000000	  0.000000	  0.000000	
  0.000000	  1.000000	  0.000000	  0.000000	
  0.000000	  0.000000	  1.000000	  0.000000	
  0.428508	  0.571492	  0.000000	  0.000000	
  0.142822	  0.285726	  0.571452	  0.000000	
  0.857146	  0.000000	  0.000000	  0.142854	
  0.142845	  0.000000	  0.285773	  0.571382	
  0.000000	  0.000000	  0.000000	  1.000000	
  0.000000	  0.000000	  0.000000	  1.000000	
  0.142819	  0.000000	  0.857181	  0.000000	
  0.000000	  1.000000	  0.000000	  0.000000	
  0.000000	  1.000000	  0.000000	  0.000000	
  0.000000	  0.000000	  1.000000	  0.000000	

URL http://fraenkel.mit.edu/improved_map/v1.tamo

MOTIF ARR1 

log-odds matrix: alength= 4 w= 8 E= 0
   170	  -477	  -599	  -956	
   -86	    40	   -87	    62	
   -57	    30	  -632	    86	
  -947	  -972	  -734	   171	
    60	  -971	   146	  -961	
   140	   -44	  -194	  -952	
   149	  -717	   -90	  -292	
  -176	  -389	  -110	   141	

letter-probability matrix: alength= 4 w= 8 nsites= 20 E= 0
  0.989318	  0.007197	  0.003083	  0.000402	
  0.167580	  0.259002	  0.107249	  0.466169	
  0.205486	  0.240686	  0.002450	  0.551378	
  0.000430	  0.000232	  0.001205	  0.998133	
  0.461815	  0.000234	  0.537560	  0.000390	
  0.804265	  0.144171	  0.051149	  0.000415	
  0.853502	  0.001359	  0.104936	  0.040204	
  0.089944	  0.013169	  0.091270	  0.805618	

URL http://fraenkel.mit.edu/improved_map/v1.tamo

MOTIF ASH1 

log-odds matrix: alength= 4 w= 10 E= 0
  -941	   190	  -234	   -39	
  -970	   229	  -986	  -300	
    36	  -128	   119	  -189	
    30	    -5	    81	  -171	
   141	 -1005	    -5	  -823	
  -557	  -204	  -241	   158	
   -45	   136	  -239	   -36	
    73	  -651	    67	   -74	
  -981	  -242	   208	  -118	
  -439	  -640	   212	  -121	

letter-probability matrix: alength= 4 w= 10 nsites= 20 E= 0
  0.000446	  0.729582	  0.038611	  0.231361	
  0.000366	  0.961368	  0.000211	  0.038055	
  0.390793	  0.080459	  0.446708	  0.082040	
  0.375641	  0.188986	  0.342305	  0.093068	
  0.809474	  0.000185	  0.189331	  0.001010	
  0.006388	  0.047580	  0.036893	  0.909139	
  0.222748	  0.502924	  0.037406	  0.236922	
  0.505410	  0.002144	  0.310885	  0.181561	
  0.000338	  0.036571	  0.828661	  0.134430	
  0.014552	  0.002328	  0.851603	  0.131517	

URL http://fraenkel.mit.edu/improved_map/v1.tamo

MOTIF AZF1 

log-odds matrix: alength= 4 w= 18 E= 0
  -446	    14	  -471	   133	
    13	  -162	  -315	    94	
 -1010	 -1035	  -223	   166	
 -1113	 -1139	 -1139	   172	
  -348	  -373	    19	   127	
   -75	   149	  -200	   -45	
  -446	  -471	    14	   133	
  -146	  -373	   -11	   119	
  -214	  -100	  -373	   143	
  -214	   -11	  -373	   127	
 -1010	   109	 -1034	    94	
  -100	   196	  -373	  -214	
   -37	  -373	   -11	    90	
   -28	 -1029	   135	   -28	
  -447	    61	  -472	   116	
 -1032	   -65	    57	    94	
  -246	  -471	    14	   125	
  -286	   147	 -1017	    45	

letter-probability matrix: alength= 4 w= 18 nsites= 20 E= 0
  0.013820	  0.215623	  0.007477	  0.763081	
  0.332192	  0.063714	  0.022093	  0.582000	
  0.000277	  0.000150	  0.041766	  0.957807	
  0.000135	  0.000073	  0.000073	  0.999718	
  0.027297	  0.014767	  0.222911	  0.735025	
  0.180218	  0.548853	  0.049053	  0.221875	
  0.013820	  0.007477	  0.215623	  0.763081	
  0.110550	  0.014746	  0.181299	  0.693405	
  0.068909	  0.097971	  0.014746	  0.818373	
  0.068910	  0.181310	  0.014757	  0.735022	
  0.000278	  0.416505	  0.000151	  0.583066	
  0.152132	  0.764227	  0.014752	  0.068888	
  0.235394	  0.014791	  0.181347	  0.568468	
  0.249989	  0.000156	  0.499866	  0.249989	
  0.013732	  0.298816	  0.007429	  0.680023	
  0.000237	  0.125034	  0.291667	  0.583062	
  0.055436	  0.007482	  0.215632	  0.721450	
  0.041948	  0.541275	  0.000170	  0.416607	

URL http://fraenkel.mit.edu/improved_map/v1.tamo

MOTIF BAS1 

log-odds matrix: alength= 4 w= 10 E= 0
  -352	  -891	  -186	   160	
  -216	  -359	   220	  -410	
   157	 -1099	  -202	  -265	
  -934	   219	 -1061	  -157	
  -949	  -228	 -1049	   166	
 -1004	   228	  -942	  -264	
  -421	    42	    10	    75	
   -46	  -104	     8	    65	
   -19	    38	   -26	     5	
   -74	    75	  -104	    38	

letter-probability matrix: alength= 4 w= 10 nsites= 20 E= 0
  0.026522	  0.000408	  0.053927	  0.919142	
  0.067927	  0.016288	  0.898083	  0.017703	
  0.903182	  0.000096	  0.048290	  0.048431	
  0.000470	  0.896679	  0.000125	  0.102726	
  0.000423	  0.040426	  0.000136	  0.959016	
  0.000290	  0.950620	  0.000286	  0.048804	
  0.016396	  0.262839	  0.209388	  0.511377	
  0.220853	  0.095124	  0.207322	  0.476701	
  0.265781	  0.255448	  0.163357	  0.315413	
  0.181652	  0.328744	  0.095064	  0.394541	

URL http://fraenkel.mit.edu/improved_map/v1.tamo

MOTIF CAD1 

log-odds matrix: alength= 4 w= 10 E= 0
  -142	 -1073	   199	  -148	
    -1	   158	  -288	  -182	
  -351	  -347	  -446	   164	
  -279	 -1059	    19	   127	
   154	  -180	 -1087	  -229	
  -251	   190	  -133	  -113	
  -143	 -1042	  -205	   147	
   163	  -272	 -1094	  -334	
   167	  -446	 -1051	  -351	
  -409	  -171	  -201	   152	

letter-probability matrix: alength= 4 w= 10 nsites= 20 E= 0
  0.113393	  0.000115	  0.777642	  0.108850	
  0.302500	  0.584704	  0.026585	  0.086210	
  0.026664	  0.017663	  0.008917	  0.946756	
  0.044072	  0.000127	  0.223255	  0.732547	
  0.881528	  0.056166	  0.000105	  0.062201	
  0.053221	  0.730474	  0.077692	  0.138613	
  0.112680	  0.000143	  0.047270	  0.839907	
  0.940022	  0.029822	  0.000100	  0.030055	
  0.964321	  0.008908	  0.000134	  0.026637	
  0.017816	  0.059793	  0.048601	  0.873789	

URL http://fraenkel.mit.edu/improved_map/v1.tamo

MOTIF CBF1 

log-odds matrix: alength= 4 w= 8 E= 0
   -31	  -677	   191	  -425	
  -340	  -609	  -128	   155	
  -473	   232	  -516	  -573	
   170	 -1044	  -405	  -756	
  -640	   226	  -495	  -254	
  -405	  -343	   229	  -650	
  -415	  -455	  -569	   167	
 -1026	  -491	   233	  -527	

letter-probability matrix: alength= 4 w= 8 nsites= 20 E= 0
  0.244922	  0.001798	  0.737268	  0.016013	
  0.028720	  0.002882	  0.080664	  0.887734	
  0.011462	  0.977332	  0.005478	  0.005727	
  0.986427	  0.000141	  0.011818	  0.001613	
  0.003603	  0.937721	  0.006325	  0.052351	
  0.018369	  0.018152	  0.960124	  0.003355	
  0.017089	  0.008339	  0.003784	  0.970788	
  0.000249	  0.006536	  0.985349	  0.007866	

URL http://fraenkel.mit.edu/improved_map/v1.tamo

MOTIF CHA4 

log-odds matrix: alength= 4 w= 9 E= 0
  -112	  -171	  -229	   132	
  -134	  -329	   210	  -393	
  -393	   232	 -2322	 -2386	
  -234	 -2322	   226	 -2386	
   169	 -2322	  -329	 -2386	
  -234	   -97	  -229	   140	
   -93	   -48	   166	  -193	
   116	   -29	  -329	  -112	
     7	 -2297	    96	    -2	

letter-probability matrix: alength= 4 w= 9 nsites= 20 E= 0
  0.139965	  0.060000	  0.039999	  0.760036	
  0.120027	  0.020004	  0.839966	  0.020004	
  0.019996	  0.980004	  0.000000	  0.000000	
  0.059986	  0.000000	  0.940014	  0.000000	
  0.980004	  0.000000	  0.019996	  0.000000	
  0.059999	  0.099999	  0.039998	  0.800005	
  0.160021	  0.139982	  0.619987	  0.080011	
  0.679956	  0.160038	  0.020005	  0.140001	
  0.319989	  0.000000	  0.379999	  0.300012	

URL http://fraenkel.mit.edu/improved_map/v1.tamo

MOTIF CIN5 

log-odds matrix: alength= 4 w= 9 E= 0
    12	   144	  -386	  -127	
  -203	  -127	  -240	   141	
  -303	   -89	  -443	   148	
   170	  -874	  -400	 -1067	
  -249	   195	  -482	   -73	
    59	     2	    78	  -550	
  -274	  -204	  -160	   147	
   147	   -92	  -206	  -503	
   157	  -293	  -277	  -283	

letter-probability matrix: alength= 4 w= 9 nsites= 20 E= 0
  0.329986	  0.530180	  0.013486	  0.126348	
  0.074335	  0.081348	  0.037015	  0.807302	
  0.037110	  0.105920	  0.009068	  0.847901	
  0.987143	  0.000459	  0.012212	  0.000186	
  0.054145	  0.755790	  0.006930	  0.183135	
  0.459219	  0.198104	  0.335953	  0.006723	
  0.045503	  0.047668	  0.064712	  0.842117	
  0.840086	  0.103714	  0.046899	  0.009301	
  0.902776	  0.025657	  0.028806	  0.042761	

URL http://fraenkel.mit.edu/improved_map/v1.tamo

MOTIF CRZ1 

log-odds matrix: alength= 4 w= 7 E= 0
  -467	  -404	   230	  -467	
    68	  -404	  -404	    68	
  -467	  -404	   230	  -467	
  -467	  -404	   230	  -467	
  -467	   230	  -404	  -467	
  -468	  -404	  -404	   166	
  -467	  -404	   230	  -467	

letter-probability matrix: alength= 4 w= 7 nsites= 20 E= 0
  0.011909	  0.011903	  0.964279	  0.011909	
  0.488096	  0.011904	  0.011904	  0.488096	
  0.011909	  0.011903	  0.964279	  0.011909	
  0.011909	  0.011903	  0.964279	  0.011909	
  0.011909	  0.964279	  0.011903	  0.011909	
  0.011904	  0.011899	  0.011899	  0.964299	
  0.011909	  0.011903	  0.964279	  0.011909	

URL http://fraenkel.mit.edu/improved_map/v1.tamo

MOTIF CST6 

log-odds matrix: alength= 4 w= 8 E= 0
   -65	   -60	   -60	    85	
  -124	   -60	   161	  -107	
  -265	   223	 -2307	  -324	
   172	 -2353	 -2353	 -2417	
 -2417	 -2353	 -2353	   172	
  -424	  -360	 -2307	   167	
 -2347	  -102	  -202	   149	
    16	    30	  -128	    16	

letter-probability matrix: alength= 4 w= 8 nsites= 20 E= 0
  0.193468	  0.129091	  0.129091	  0.548350	
  0.128972	  0.129087	  0.596841	  0.145101	
  0.048345	  0.919426	  0.000000	  0.032229	
  1.000000	  0.000000	  0.000000	  0.000000	
  0.000000	  0.000000	  0.000000	  1.000000	
  0.016128	  0.016142	  0.000000	  0.967730	
  0.000000	  0.096846	  0.048423	  0.854731	
  0.338656	  0.242018	  0.080670	  0.338656	

URL http://fraenkel.mit.edu/improved_map/v1.tamo

MOTIF DAL80 

log-odds matrix: alength= 4 w= 5 E= 0
  -468	  -404	   230	  -468	
   166	  -404	  -404	  -468	
  -468	  -404	  -404	   166	
   166	  -404	  -404	  -468	
   166	  -404	  -404	  -468	

letter-probability matrix: alength= 4 w= 5 nsites= 20 E= 0
  0.011899	  0.011904	  0.964299	  0.011899	
  0.964280	  0.011908	  0.011908	  0.011903	
  0.011903	  0.011908	  0.011908	  0.964280	
  0.964280	  0.011908	  0.011908	  0.011903	
  0.964280	  0.011908	  0.011908	  0.011903	

URL http://fraenkel.mit.edu/improved_map/v1.tamo

MOTIF DAL81 

log-odds matrix: alength= 4 w= 19 E= 0
   166	  -404	  -404	  -468	
   166	  -404	  -404	  -468	
   166	  -404	  -404	  -468	
   166	  -404	  -404	  -468	
  -467	  -404	   230	  -467	
  -467	   230	  -404	  -467	
  -467	   230	  -404	  -467	
  -467	  -404	   230	  -467	
  -467	   230	  -404	  -467	
  -467	  -404	   230	  -467	
  -467	  -404	   230	  -467	
  -467	  -404	   230	  -467	
  -467	   230	  -404	  -467	
  -467	  -404	   230	  -467	
  -467	  -404	   230	  -467	
  -467	  -404	   230	  -467	
   166	  -404	  -404	  -468	
  -468	  -404	  -404	   166	
  -468	  -404	  -404	   166	

letter-probability matrix: alength= 4 w= 19 nsites= 20 E= 0
  0.964293	  0.011902	  0.011902	  0.011904	
  0.964293	  0.011902	  0.011902	  0.011904	
  0.964293	  0.011902	  0.011902	  0.011904	
  0.964293	  0.011902	  0.011902	  0.011904	
  0.011906	  0.011904	  0.964285	  0.011906	
  0.011906	  0.964285	  0.011904	  0.011906	
  0.011906	  0.964285	  0.011904	  0.011906	
  0.011906	  0.011904	  0.964285	  0.011906	
  0.011906	  0.964285	  0.011904	  0.011906	
  0.011906	  0.011904	  0.964285	  0.011906	
  0.011906	  0.011904	  0.964285	  0.011906	
  0.011906	  0.011904	  0.964285	  0.011906	
  0.011906	  0.964285	  0.011904	  0.011906	
  0.011906	  0.011904	  0.964285	  0.011906	
  0.011906	  0.011904	  0.964285	  0.011906	
  0.011906	  0.011904	  0.964285	  0.011906	
  0.964293	  0.011902	  0.011902	  0.011904	
  0.011904	  0.011902	  0.011902	  0.964293	
  0.011904	  0.011902	  0.011902	  0.964293	

URL http://fraenkel.mit.edu/improved_map/v1.tamo

MOTIF DAL82 

log-odds matrix: alength= 4 w= 10 E= 0
   149	  -870	   -73	  -343	
   166	  -496	  -563	  -332	
   110	  -254	  -142	   -34	
    28	   -30	    33	   -43	
    25	  -480	  -102	    82	
  -250	   -62	  -558	   142	
  -117	  -153	   196	  -317	
  -306	   161	  -641	    26	
  -219	  -730	   225	  -899	
   -57	    94	   -96	     8	

letter-probability matrix: alength= 4 w= 10 nsites= 20 E= 0
  0.853568	  0.000470	  0.117806	  0.028156	
  0.959185	  0.006305	  0.003968	  0.030541	
  0.652148	  0.033730	  0.073261	  0.240861	
  0.369164	  0.159568	  0.245746	  0.225521	
  0.361042	  0.007022	  0.096331	  0.535604	
  0.053677	  0.127480	  0.004087	  0.814756	
  0.135609	  0.067847	  0.762829	  0.033715	
  0.036390	  0.598153	  0.002296	  0.363161	
  0.066434	  0.001240	  0.931729	  0.000597	
  0.204151	  0.374909	  0.100594	  0.320347	

URL http://fraenkel.mit.edu/improved_map/v1.tamo

MOTIF DIG1 

log-odds matrix: alength= 4 w= 16 E= 0
    68	   -44	   -32	   -53	
    39	    16	   -48	   -33	
    73	   -60	   -28	   -58	
   -47	   130	  -104	   -58	
    81	   -69	   -23	   -77	
    33	    -6	   -44	   -10	
    -7	   -41	   -42	    46	
   -32	   -11	  -104	    66	
    38	    17	   -39	   -39	
  -105	  -193	   -42	   111	
  -205	  -192	   214	  -484	
   160	  -782	  -499	  -207	
   150	  -340	  -223	  -192	
   159	  -315	  -250	  -350	
  -118	   202	  -352	  -255	
    81	   -75	   -29	   -67	

letter-probability matrix: alength= 4 w= 16 nsites= 20 E= 0
  0.487909	  0.144749	  0.156434	  0.210908	
  0.398943	  0.218878	  0.140652	  0.241527	
  0.505873	  0.129389	  0.160850	  0.203888	
  0.219763	  0.481285	  0.095323	  0.203629	
  0.533852	  0.121032	  0.167294	  0.177823	
  0.383247	  0.188455	  0.144615	  0.283682	
  0.289330	  0.146984	  0.146781	  0.416905	
  0.244123	  0.181448	  0.095234	  0.479194	
  0.396487	  0.221026	  0.149819	  0.232668	
  0.147292	  0.051357	  0.146269	  0.655083	
  0.073473	  0.051771	  0.864118	  0.010638	
  0.920624	  0.000865	  0.006183	  0.072327	
  0.859410	  0.018560	  0.041792	  0.080237	
  0.916436	  0.022021	  0.034747	  0.026795	
  0.134090	  0.796763	  0.017125	  0.052022	
  0.532477	  0.116527	  0.159844	  0.191152	

URL http://fraenkel.mit.edu/improved_map/v1.tamo

MOTIF ECM22 

log-odds matrix: alength= 4 w= 11 E= 0
  -468	   230	  -404	  -468	
  -468	  -404	  -404	   166	
  -468	   230	  -404	  -468	
  -468	  -404	   230	  -468	
  -468	  -404	  -404	   166	
   166	  -404	  -404	  -468	
  -468	  -404	  -404	   166	
   166	  -404	  -404	  -468	
   166	  -404	  -404	  -468	
  -468	  -404	   230	  -468	
  -468	   230	  -404	  -468	

letter-probability matrix: alength= 4 w= 11 nsites= 20 E= 0
  0.011903	  0.964291	  0.011904	  0.011903	
  0.011904	  0.011904	  0.011904	  0.964288	
  0.011903	  0.964291	  0.011904	  0.011903	
  0.011903	  0.011904	  0.964291	  0.011903	
  0.011904	  0.011904	  0.011904	  0.964288	
  0.964288	  0.011904	  0.011904	  0.011904	
  0.011904	  0.011904	  0.011904	  0.964288	
  0.964288	  0.011904	  0.011904	  0.011904	
  0.964288	  0.011904	  0.011904	  0.011904	
  0.011903	  0.011904	  0.964291	  0.011903	
  0.011903	  0.964291	  0.011904	  0.011903	

URL http://fraenkel.mit.edu/improved_map/v1.tamo

MOTIF FHL1 

log-odds matrix: alength= 4 w= 10 E= 0
   121	  -260	    -4	  -203	
  -500	  -527	  -113	   156	
  -509	  -536	   232	  -492	
  -580	   -82	  -223	   147	
   145	  -194	  -203	  -206	
  -245	   185	  -443	   -41	
   -95	  -382	   202	  -318	
  -485	  -543	   230	  -398	
    93	  -173	    78	  -348	
  -274	  -224	  -171	   149	

letter-probability matrix: alength= 4 w= 10 nsites= 20 E= 0
  0.702501	  0.032354	  0.190531	  0.074613	
  0.009487	  0.005086	  0.089666	  0.895761	
  0.008942	  0.004767	  0.976272	  0.010019	
  0.005446	  0.111249	  0.041633	  0.841673	
  0.828299	  0.051075	  0.047820	  0.072807	
  0.055793	  0.706006	  0.009073	  0.229128	
  0.157416	  0.013851	  0.795085	  0.033648	
  0.010548	  0.004555	  0.965673	  0.019224	
  0.577776	  0.059051	  0.335901	  0.027272	
  0.045578	  0.041550	  0.059954	  0.852918	

URL http://fraenkel.mit.edu/improved_map/v1.tamo

MOTIF FKH1 

log-odds matrix: alength= 4 w= 12 E= 0
    71	   -74	   -23	   -48	
    71	   -80	   -25	   -43	
    49	   -66	    -3	   -26	
   -19	   -25	    32	     9	
   -88	  -921	   197	  -220	
  -214	  -261	  -259	   151	
   155	  -129	  -319	  -506	
   169	  -521	  -398	 -1017	
   167	  -574	  -299	  -538	
  -358	   214	 -1033	  -149	
   169	  -574	  -441	  -560	
   120	  -319	   -90	   -80	

letter-probability matrix: alength= 4 w= 12 nsites= 20 E= 0
  0.497344	  0.117582	  0.166633	  0.218441	
  0.496639	  0.112477	  0.164904	  0.225980	
  0.428548	  0.124133	  0.192503	  0.254816	
  0.266714	  0.164572	  0.243973	  0.324742	
  0.164763	  0.000330	  0.768913	  0.065993	
  0.069187	  0.032063	  0.032624	  0.866125	
  0.889511	  0.079910	  0.021486	  0.009094	
  0.982014	  0.005289	  0.012432	  0.000265	
  0.964352	  0.003663	  0.024673	  0.007313	
  0.025433	  0.865908	  0.000152	  0.108507	
  0.980886	  0.003661	  0.009198	  0.006255	
  0.698538	  0.021461	  0.104882	  0.175119	

URL http://fraenkel.mit.edu/improved_map/v1.tamo

MOTIF FKH2 

log-odds matrix: alength= 4 w= 15 E= 0
   -29	   -72	   118	   -69	
    37	   -19	    14	   -48	
    70	   -61	   -15	   -58	
   100	   -93	   -86	   -76	
    71	   -93	   -41	   -27	
    53	   -69	   -55	     1	
    -5	   -37	    39	    -2	
   -55	  -323	   188	  -258	
  -235	  -513	  -304	   158	
   157	  -162	  -332	  -438	
   167	 -1050	  -254	 -1025	
   167	 -1085	  -326	  -466	
  -330	   207	  -262	  -144	
   165	  -361	  -409	  -388	
    84	   -73	   -64	   -52	

letter-probability matrix: alength= 4 w= 15 nsites= 20 E= 0
  0.248436	  0.119154	  0.444391	  0.188019	
  0.394346	  0.171881	  0.216357	  0.217416	
  0.493047	  0.128047	  0.176012	  0.202894	
  0.610210	  0.102830	  0.107793	  0.179167	
  0.498482	  0.102704	  0.146967	  0.251846	
  0.439310	  0.121099	  0.133440	  0.306150	
  0.293560	  0.151636	  0.255905	  0.298899	
  0.207007	  0.020814	  0.721316	  0.050863	
  0.059481	  0.005600	  0.023890	  0.911030	
  0.901915	  0.063858	  0.019668	  0.014559	
  0.966027	  0.000136	  0.033588	  0.000249	
  0.967384	  0.000106	  0.020476	  0.012033	
  0.030945	  0.825188	  0.031924	  0.111943	
  0.951828	  0.016061	  0.011468	  0.020643	
  0.543234	  0.118388	  0.126009	  0.212369	

URL http://fraenkel.mit.edu/improved_map/v1.tamo

MOTIF GAL4 

log-odds matrix: alength= 4 w= 18 E= 0
 -1087	   227	 -1113	  -240	
  -790	  -372	   233	 -1048	
  -243	  -215	   217	  -435	
   108	   -64	   -96	  -121	
   -72	   112	    93	  -435	
   -61	   -46	    -7	    64	
    92	  -146	    61	  -243	
  -109	   154	    15	  -209	
   108	 -1067	  -373	    18	
  -139	    90	    69	   -60	
  -240	     0	 -1058	   130	
  -233	   -12	   127	    -8	
  -336	   177	    10	  -176	
   -71	   112	    -7	   -59	
 -1044	   233	  -372	 -1044	
 -1044	   235	 -1070	 -1043	
 -1060	 -1086	   229	  -286	
    91	  -104	   -14	   -97	

letter-probability matrix: alength= 4 w= 18 nsites= 20 E= 0
  0.000162	  0.942215	  0.000088	  0.057535	
  0.001271	  0.014826	  0.983690	  0.000213	
  0.056491	  0.044217	  0.884374	  0.014918	
  0.642118	  0.125910	  0.100583	  0.131389	
  0.185196	  0.426517	  0.373370	  0.014917	
  0.199322	  0.142075	  0.186174	  0.472430	
  0.574148	  0.071004	  0.298344	  0.056504	
  0.142412	  0.568288	  0.218044	  0.071255	
  0.640750	  0.000121	  0.014807	  0.344323	
  0.116370	  0.366618	  0.316077	  0.200935	
  0.057544	  0.195517	  0.000128	  0.746811	
  0.060355	  0.180639	  0.472105	  0.286901	
  0.029613	  0.670321	  0.210359	  0.089707	
  0.186040	  0.425207	  0.187276	  0.201477	
  0.000219	  0.984741	  0.014821	  0.000219	
  0.000219	  0.999443	  0.000118	  0.000220	
  0.000196	  0.000105	  0.957934	  0.041765	
  0.571591	  0.095035	  0.178081	  0.155292	

URL http://fraenkel.mit.edu/improved_map/v1.tamo

MOTIF GAL80 

log-odds matrix: alength= 4 w= 17 E= 0
  -467	   230	  -404	  -467	
  -467	  -404	   230	  -467	
  -467	  -404	   230	  -467	
   -28	    35	    35	   -28	
   -28	    35	    35	   -28	
   -28	    35	    35	   -28	
   -28	    35	    35	   -28	
   -28	    35	    35	   -28	
   -28	    35	    35	   -28	
   -28	    35	    35	   -28	
   -28	    35	    35	   -28	
   -28	    35	    35	   -28	
   -28	    35	    35	   -28	
   -28	    35	    35	   -28	
  -467	   230	  -404	  -467	
  -467	   230	  -404	  -467	
  -467	  -404	   230	  -467	

letter-probability matrix: alength= 4 w= 17 nsites= 20 E= 0
  0.011911	  0.964274	  0.011903	  0.011911	
  0.011911	  0.011903	  0.964274	  0.011911	
  0.011911	  0.011903	  0.964274	  0.011911	
  0.250084	  0.249916	  0.249916	  0.250084	
  0.250084	  0.249916	  0.249916	  0.250084	
  0.250084	  0.249916	  0.249916	  0.250084	
  0.250084	  0.249916	  0.249916	  0.250084	
  0.250084	  0.249916	  0.249916	  0.250084	
  0.250084	  0.249916	  0.249916	  0.250084	
  0.250084	  0.249916	  0.249916	  0.250084	
  0.250084	  0.249916	  0.249916	  0.250084	
  0.250084	  0.249916	  0.249916	  0.250084	
  0.250084	  0.249916	  0.249916	  0.250084	
  0.250084	  0.249916	  0.249916	  0.250084	
  0.011911	  0.964274	  0.011903	  0.011911	
  0.011911	  0.964274	  0.011903	  0.011911	
  0.011911	  0.011903	  0.964274	  0.011911	

URL http://fraenkel.mit.edu/improved_map/v1.tamo

MOTIF GAT1 

log-odds matrix: alength= 4 w= 7 E= 0
   107	   -98	   -98	   -90	
  -435	  -443	   229	  -435	
   167	  -443	  -443	  -436	
  -436	  -443	  -443	   167	
   167	  -443	  -443	  -436	
   167	  -443	  -443	  -436	
  -435	  -443	   229	  -435	

letter-probability matrix: alength= 4 w= 7 nsites= 20 E= 0
  0.638588	  0.099487	  0.099487	  0.162438	
  0.014886	  0.009117	  0.961111	  0.014886	
  0.967094	  0.009058	  0.009058	  0.014790	
  0.014790	  0.009058	  0.009058	  0.967094	
  0.967094	  0.009058	  0.009058	  0.014790	
  0.967094	  0.009058	  0.009058	  0.014790	
  0.014886	  0.009117	  0.961111	  0.014886	

URL http://fraenkel.mit.edu/improved_map/v1.tamo

MOTIF GAT3 

log-odds matrix: alength= 4 w= 8 E= 0
   149	  -351	  -963	  -125	
  -707	  -696	  -836	   171	
   127	  -204	  -576	   -50	
   130	  -171	   -74	  -206	
   -84	   174	   -27	  -443	
   142	  -916	  -970	   -72	
  -903	  -448	  -843	   170	
  -398	  -952	   232	  -815	

letter-probability matrix: alength= 4 w= 8 nsites= 20 E= 0
  0.854656	  0.017256	  0.000247	  0.127840	
  0.002263	  0.001575	  0.000594	  0.995568	
  0.733233	  0.047570	  0.003610	  0.215587	
  0.750251	  0.059924	  0.117057	  0.072768	
  0.170132	  0.653639	  0.162169	  0.014060	
  0.815438	  0.000343	  0.000236	  0.183983	
  0.000581	  0.008798	  0.000567	  0.990054	
  0.019213	  0.000266	  0.979450	  0.001071	

URL http://fraenkel.mit.edu/improved_map/v1.tamo

MOTIF GCN4 

log-odds matrix: alength= 4 w= 8 E= 0
   108	  -197	    48	  -315	
  -678	  -319	 -1062	   168	
  -516	  -298	   229	  -493	
   171	 -1083	  -591	 -1037	
  -483	   216	   -88	  -530	
  -284	  -323	  -956	   162	
   -48	   190	  -446	  -279	
   127	  -277	  -179	   -76	

letter-probability matrix: alength= 4 w= 8 nsites= 20 E= 0
  0.641876	  0.050033	  0.273767	  0.034324	
  0.002769	  0.021421	  0.000125	  0.975686	
  0.008493	  0.024845	  0.956661	  0.010002	
  0.996409	  0.000108	  0.003254	  0.000230	
  0.010727	  0.875425	  0.106141	  0.007707	
  0.042488	  0.020845	  0.000260	  0.936407	
  0.218036	  0.729154	  0.008902	  0.043908	
  0.735265	  0.028716	  0.056484	  0.179535	

URL http://fraenkel.mit.edu/improved_map/v1.tamo

MOTIF GCR1 

log-odds matrix: alength= 4 w= 9 E= 0
  -209	   -13	   135	   -28	
 -2233	  -246	   194	   -51	
    -9	 -2192	   163	  -151	
  -309	   230	 -2214	 -2263	
  -209	  -245	 -2192	   155	
 -2302	 -2239	 -2239	   172	
 -2263	   230	 -2214	  -309	
 -2302	   235	 -2239	 -2302	
    61	   -46	 -2192	    37	

letter-probability matrix: alength= 4 w= 9 nsites= 20 E= 0
  0.071393	  0.178623	  0.499996	  0.249987	
  0.000000	  0.035726	  0.750073	  0.214202	
  0.285641	  0.000000	  0.607240	  0.107118	
  0.035710	  0.964290	  0.000000	  0.000000	
  0.071420	  0.035736	  0.000000	  0.892843	
  0.000000	  0.000000	  0.000000	  1.000000	
  0.000000	  0.964290	  0.000000	  0.035710	
  0.000000	  1.000000	  0.000000	  0.000000	
  0.464262	  0.142899	  0.000000	  0.392839	

URL http://fraenkel.mit.edu/improved_map/v1.tamo

MOTIF GCR2 

log-odds matrix: alength= 4 w= 7 E= 0
   -51	   -58	   147	  -141	
 -2415	   235	 -2351	 -2415	
  -189	 -2305	  -358	   157	
 -2415	 -2351	 -2351	   172	
 -2375	   225	 -2326	  -221	
 -2345	   230	  -358	  -421	
    31	     1	  -258	    37	

letter-probability matrix: alength= 4 w= 7 nsites= 20 E= 0
  0.213069	  0.131116	  0.541079	  0.114736	
  0.000000	  1.000000	  0.000000	  0.000000	
  0.081990	  0.000000	  0.016392	  0.901618	
  0.000000	  0.000000	  0.000000	  1.000000	
  0.000000	  0.934410	  0.000000	  0.065590	
  0.000000	  0.967216	  0.016389	  0.016395	
  0.376981	  0.196702	  0.032783	  0.393535	

URL http://fraenkel.mit.edu/improved_map/v1.tamo

MOTIF GLN3 

log-odds matrix: alength= 4 w= 10 E= 0
    89	     1	  -322	   -48	
  -158	  -328	   213	  -378	
   144	  -353	   -37	  -586	
  -637	  -155	  -715	   161	
   130	  -203	   -77	  -176	
   140	  -964	   -29	  -309	
  -549	   -57	   162	   -24	
   113	  -133	    29	  -396	
    -1	  -193	  -244	   100	
    91	   -87	   -16	  -105	

letter-probability matrix: alength= 4 w= 10 nsites= 20 E= 0
  0.563714	  0.197598	  0.021045	  0.217643	
  0.101668	  0.020229	  0.855915	  0.022188	
  0.826106	  0.017004	  0.151669	  0.005220	
  0.003680	  0.067104	  0.001382	  0.927834	
  0.747402	  0.047946	  0.114908	  0.089744	
  0.804372	  0.000246	  0.159711	  0.035672	
  0.006788	  0.132200	  0.603236	  0.257776	
  0.663513	  0.077848	  0.239118	  0.019521	
  0.302759	  0.051469	  0.036042	  0.609730	
  0.571106	  0.107427	  0.174879	  0.146587	

URL http://fraenkel.mit.edu/improved_map/v1.tamo

MOTIF GTS1 

log-odds matrix: alength= 4 w= 6 E= 0
  -102	  -984	  -945	   148	
   172	  -958	  -943	  -962	
  -937	   191	  -245	   -41	
  -925	   232	  -968	  -370	
   146	  -446	   -34	  -949	
   170	  -993	  -425	  -933	

letter-probability matrix: alength= 4 w= 6 nsites= 20 E= 0
  0.150235	  0.000214	  0.000280	  0.849271	
  0.999072	  0.000256	  0.000285	  0.000387	
  0.000460	  0.734816	  0.035858	  0.228865	
  0.000498	  0.975907	  0.000239	  0.023356	
  0.836161	  0.008911	  0.154506	  0.000422	
  0.989034	  0.000201	  0.010294	  0.000471	

URL http://fraenkel.mit.edu/improved_map/v1.tamo

MOTIF GZF3 

log-odds matrix: alength= 4 w= 6 E= 0
  -468	  -404	   230	  -468	
   166	  -404	  -404	  -468	
  -468	  -404	  -404	   166	
   166	  -404	  -404	  -468	
   166	  -404	  -404	  -468	
  -468	  -404	   230	  -468	

letter-probability matrix: alength= 4 w= 6 nsites= 20 E= 0
  0.011901	  0.011904	  0.964294	  0.011901	
  0.964284	  0.011906	  0.011906	  0.011904	
  0.011904	  0.011906	  0.011906	  0.964284	
  0.964284	  0.011906	  0.011906	  0.011904	
  0.964284	  0.011906	  0.011906	  0.011904	
  0.011901	  0.011904	  0.964294	  0.011901	

URL http://fraenkel.mit.edu/improved_map/v1.tamo

MOTIF HAC1 

log-odds matrix: alength= 4 w= 10 E= 0
   139	 -1013	  -921	   -58	
  -174	 -1011	   134	    45	
  -100	 -1002	   211	  -985	
    84	   107	  -999	  -278	
  -967	   235	 -1009	  -973	
   166	 -1013	 -1013	  -293	
  -830	   235	  -985	  -909	
  -981	 -1010	   235	  -982	
  -100	 -1009	 -1013	   148	
   156	 -1013	  -997	  -157	

letter-probability matrix: alength= 4 w= 10 nsites= 20 E= 0
  0.795912	  0.000175	  0.000331	  0.203582	
  0.091036	  0.000178	  0.494820	  0.413966	
  0.151975	  0.000189	  0.847507	  0.000329	
  0.544260	  0.411157	  0.000193	  0.044390	
  0.000372	  0.999090	  0.000179	  0.000359	
  0.959664	  0.000175	  0.000175	  0.039985	
  0.000965	  0.998265	  0.000212	  0.000559	
  0.000339	  0.000178	  0.999146	  0.000336	
  0.152035	  0.000180	  0.000175	  0.847610	
  0.897022	  0.000175	  0.000195	  0.102608	

URL http://fraenkel.mit.edu/improved_map/v1.tamo

MOTIF HAP1 

log-odds matrix: alength= 4 w= 10 E= 0
  -882	   223	  -160	  -437	
  -272	  -974	   227	  -489	
   115	  -383	   -40	   -88	
   -48	  -245	  -309	   125	
   150	  -240	  -164	  -287	
   105	  -234	  -150	   -20	
   -57	    52	   -50	    30	
   -24	    -3	   -33	    38	
  -353	   172	    43	  -230	
  -251	   211	  -190	  -266	

letter-probability matrix: alength= 4 w= 10 nsites= 20 E= 0
  0.000675	  0.920163	  0.064478	  0.014684	
  0.046299	  0.000229	  0.943227	  0.010245	
  0.673038	  0.013767	  0.148170	  0.165025	
  0.217516	  0.035841	  0.023079	  0.723564	
  0.858317	  0.037218	  0.062985	  0.041481	
  0.627984	  0.038751	  0.069414	  0.263852	
  0.204263	  0.281277	  0.138799	  0.375661	
  0.256829	  0.192302	  0.155334	  0.395536	
  0.026395	  0.647070	  0.264620	  0.061915	
  0.053411	  0.846071	  0.052514	  0.048004	

URL http://fraenkel.mit.edu/improved_map/v1.tamo

MOTIF HAP2 

log-odds matrix: alength= 4 w= 8 E= 0
  -957	   217	 -1004	  -140	
  -251	   227	  -714	  -971	
   148	 -1010	   -99	  -250	
   172	  -983	  -806	  -966	
  -979	  -163	  -181	   153	
  -110	    60	    90	   -63	
   139	 -1010	   -95	  -156	
    24	   -25	    94	  -156	

letter-probability matrix: alength= 4 w= 8 nsites= 20 E= 0
  0.000400	  0.883844	  0.000186	  0.115569	
  0.053475	  0.944775	  0.001388	  0.000362	
  0.847361	  0.000179	  0.098761	  0.053699	
  0.998674	  0.000216	  0.000736	  0.000375	
  0.000343	  0.063309	  0.055767	  0.880580	
  0.141561	  0.296793	  0.364889	  0.196758	
  0.794871	  0.000178	  0.101731	  0.103220	
  0.358060	  0.164403	  0.374570	  0.102968	

URL http://fraenkel.mit.edu/improved_map/v1.tamo

MOTIF HAP3 

log-odds matrix: alength= 4 w= 5 E= 0
  -468	   230	  -404	  -468	
  -468	   230	  -404	  -468	
   166	  -404	  -404	  -468	
   166	  -404	  -404	  -468	
  -468	  -404	  -404	   166	

letter-probability matrix: alength= 4 w= 5 nsites= 20 E= 0
  0.011902	  0.964292	  0.011904	  0.011902	
  0.011902	  0.964292	  0.011904	  0.011902	
  0.964286	  0.011905	  0.011905	  0.011904	
  0.964286	  0.011905	  0.011905	  0.011904	
  0.011904	  0.011905	  0.011905	  0.964286	

URL http://fraenkel.mit.edu/improved_map/v1.tamo

MOTIF HAP4 

log-odds matrix: alength= 4 w= 15 E= 0
    59	   -62	    16	   -62	
 -1024	   228	  -314	  -339	
  -251	   225	 -1030	  -441	
   169	 -1069	  -998	  -405	
   170	  -447	 -1106	 -1082	
 -1064	  -152	 -1074	   162	
  -212	   175	   -69	  -101	
   157	  -840	  -198	  -272	
    40	  -112	   102	  -145	
    41	    -4	     9	   -62	
   -34	     9	    33	     0	
   -18	    14	    26	   -11	
   -44	    70	     7	   -26	
   -43	    27	    63	   -38	
    58	   -12	   -25	   -61	

letter-probability matrix: alength= 4 w= 15 nsites= 20 E= 0
  0.456411	  0.127064	  0.219095	  0.197429	
  0.000252	  0.948554	  0.022186	  0.029008	
  0.053240	  0.932310	  0.000155	  0.014295	
  0.981313	  0.000119	  0.000194	  0.018374	
  0.990877	  0.008863	  0.000092	  0.000168	
  0.000190	  0.068153	  0.000114	  0.931543	
  0.070028	  0.657151	  0.121354	  0.151467	
  0.903786	  0.000580	  0.049593	  0.046041	
  0.400882	  0.090338	  0.397348	  0.111433	
  0.403145	  0.190861	  0.208569	  0.197424	
  0.239900	  0.208155	  0.247025	  0.304920	
  0.268013	  0.215476	  0.234978	  0.281533	
  0.224033	  0.317539	  0.205328	  0.253100	
  0.226204	  0.236666	  0.303112	  0.234019	
  0.455756	  0.180311	  0.165002	  0.198930	

URL http://fraenkel.mit.edu/improved_map/v1.tamo

MOTIF HAP5 

log-odds matrix: alength= 4 w= 5 E= 0
  -468	   230	  -404	  -468	
  -468	   230	  -404	  -468	
   166	  -404	  -404	  -468	
   166	  -404	  -404	  -468	
  -468	  -404	  -404	   166	

letter-probability matrix: alength= 4 w= 5 nsites= 20 E= 0
  0.011902	  0.964292	  0.011904	  0.011902	
  0.011902	  0.964292	  0.011904	  0.011902	
  0.964286	  0.011905	  0.011905	  0.011904	
  0.964286	  0.011905	  0.011905	  0.011904	
  0.011904	  0.011905	  0.011905	  0.964286	

URL http://fraenkel.mit.edu/improved_map/v1.tamo

MOTIF HSF1 

log-odds matrix: alength= 4 w= 14 E= 0
    77	  -115	    92	  -384	
  -102	 -1038	   206	  -309	
   167	  -837	  -435	  -400	
   147	  -369	  -131	  -227	
  -153	    65	    10	    32	
   -35	    27	    59	   -40	
  -323	  -151	  -161	   146	
  -497	   -25	  -192	   135	
   -77	   189	  -213	  -255	
  -245	  -110	  -233	   142	
   120	  -204	    31	  -504	
  -365	 -1069	   228	  -354	
   166	  -286	  -841	  -500	
   166	  -439	  -444	  -374	

letter-probability matrix: alength= 4 w= 14 nsites= 20 E= 0
  0.518900	  0.088356	  0.371510	  0.021234	
  0.149493	  0.000147	  0.814559	  0.035801	
  0.970844	  0.000593	  0.009613	  0.018950	
  0.842745	  0.015231	  0.078952	  0.063073	
  0.105288	  0.306797	  0.209403	  0.378512	
  0.239165	  0.235700	  0.294436	  0.230698	
  0.032477	  0.068941	  0.064324	  0.834257	
  0.009682	  0.164544	  0.051673	  0.774101	
  0.178876	  0.724460	  0.044686	  0.051978	
  0.055550	  0.091561	  0.038980	  0.813908	
  0.699888	  0.047502	  0.243356	  0.009253	
  0.024219	  0.000119	  0.949488	  0.026174	
  0.963001	  0.026934	  0.000575	  0.009490	
  0.958855	  0.009319	  0.009007	  0.022819	

URL http://fraenkel.mit.edu/improved_map/v1.tamo

MOTIF IME1 

log-odds matrix: alength= 4 w= 8 E= 0
  -987	   235	 -1012	  -987	
  -410	   198	    11	  -987	
  -893	  -785	   235	  -986	
  -967	   235	 -1013	  -986	
  -987	   169	    39	  -145	
  -987	 -1012	   235	  -987	
   172	 -1005	 -1006	  -987	
  -136	 -1006	   217	  -987	

letter-probability matrix: alength= 4 w= 8 nsites= 20 E= 0
  0.000325	  0.999175	  0.000176	  0.000324	
  0.017682	  0.770478	  0.211514	  0.000326	
  0.000622	  0.000849	  0.998203	  0.000326	
  0.000375	  0.999124	  0.000175	  0.000326	
  0.000325	  0.631375	  0.256952	  0.111348	
  0.000325	  0.000176	  0.999173	  0.000326	
  0.999308	  0.000185	  0.000183	  0.000324	
  0.118415	  0.000183	  0.881077	  0.000324	

URL http://fraenkel.mit.edu/improved_map/v1.tamo

MOTIF INO2 

log-odds matrix: alength= 4 w= 9 E= 0
  -128	   -76	   186	  -271	
 -1034	   233	 -1056	  -475	
   159	  -232	 -1046	  -282	
 -1084	   -97	  -428	   155	
  -231	 -1082	   224	  -490	
  -218	  -428	  -194	   152	
 -1081	   -56	   215	 -1081	
   146	  -146	  -108	 -1023	
   138	  -328	  -276	   -95	

