MEME version 4

ALPHABET= ACGT

strands: + -

Background letter frequencies (from uniform background):
A 0.25000 C 0.25000 G 0.25000 T 0.25000 

MOTIF ABF1 

letter-probability matrix: alength= 4 w= 13 nsites= 58 E= 0
  0.523103	  0.096724	  0.362931	  0.017241	
  0.000000	  0.000000	  0.057079	  0.942921	
  0.095000	  0.905000	  0.000000	  0.000000	
  0.633899	  0.061932	  0.210156	  0.094013	
  0.017331	  0.655459	  0.000000	  0.327210	
  0.126574	  0.223487	  0.242973	  0.406967	
  0.381379	  0.168966	  0.124483	  0.325172	
  0.188481	  0.295223	  0.148819	  0.367477	
  0.384457	  0.249442	  0.188025	  0.178075	
  0.237972	  0.230729	  0.222969	  0.308329	
  0.982672	  0.000000	  0.017328	  0.000000	
  0.000000	  1.000000	  0.000000	  0.000000	
  0.004828	  0.000000	  0.977927	  0.017244	

MOTIF ABF2 

letter-probability matrix: alength= 4 w= 6 nsites= 128 E= 0
  0.090000	  0.090000	  0.020000	  0.800000	
  0.000000	  1.000000	  0.000000	  0.000000	
  0.000000	  0.000000	  0.000000	  1.000000	
  1.000000	  0.000000	  0.000000	  0.000000	
  0.000000	  0.000000	  1.000000	  0.000000	
  0.940594	  0.019802	  0.019802	  0.019802	

MOTIF ACE2 

letter-probability matrix: alength= 4 w= 7 nsites= 48 E= 0
  0.000000	  0.003696	  0.996304	  0.000000	
  0.008121	  0.989946	  0.000000	  0.001933	
  0.000000	  0.000000	  0.052345	  0.947655	
  0.012153	  0.000000	  0.987847	  0.000000	
  0.004867	  0.030173	  0.960093	  0.004867	
  0.051190	  0.197393	  0.166037	  0.585380	
  0.065930	  0.141068	  0.194107	  0.598895	

MOTIF ADR1 

letter-probability matrix: alength= 4 w= 8 nsites= 26 E= 0
  0.730795	  0.059823	  0.059823	  0.149558	
  0.000000	  1.000000	  0.000000	  0.000000	
  0.000000	  0.617905	  0.000000	  0.382095	
  0.000000	  0.967074	  0.032926	  0.000000	
  0.000000	  0.911051	  0.000000	  0.088949	
  0.795939	  0.057123	  0.146937	  0.000000	
  0.612119	  0.337898	  0.024991	  0.024991	
  0.000000	  0.600773	  0.000000	  0.399227	

MOTIF AFT1 

letter-probability matrix: alength= 4 w= 10 nsites= 128 E= 0
  0.136886	  0.078600	  0.142746	  0.641769	
  0.716730	  0.025162	  0.031492	  0.226616	
  0.145179	  0.031020	  0.288639	  0.535162	
  0.034224	  0.047898	  0.039225	  0.878653	
  0.160728	  0.010080	  0.812471	  0.016721	
  0.010940	  0.967024	  0.011174	  0.010862	
  0.961241	  0.009143	  0.015472	  0.014144	
  0.008283	  0.972183	  0.009064	  0.010470	
  0.025004	  0.956009	  0.002266	  0.016721	
  0.019612	  0.740663	  0.013752	  0.225973	

MOTIF AFT2 

letter-probability matrix: alength= 4 w= 6 nsites= 128 E= 0
  0.700000	  0.000000	  0.300000	  0.000000	
  0.000000	  1.000000	  0.000000	  0.000000	
  1.000000	  0.000000	  0.000000	  0.000000	
  0.000000	  1.000000	  0.000000	  0.000000	
  0.000000	  1.000000	  0.000000	  0.000000	
  0.000000	  1.000000	  0.000000	  0.000000	

MOTIF ARO80 

letter-probability matrix: alength= 4 w= 8 nsites= 128 E= 0
  0.040316	  0.744121	  0.030471	  0.185093	
  0.005782	  0.231911	  0.008908	  0.753399	
  0.005000	  0.987968	  0.001172	  0.005860	
  0.001563	  0.022269	  0.975152	  0.001016	
  0.001719	  0.005626	  0.990311	  0.002344	
  0.015237	  0.359275	  0.295906	  0.329583	
  0.670964	  0.004141	  0.006407	  0.318487	
  0.690474	  0.068297	  0.060170	  0.181058	

MOTIF ASG1 

letter-probability matrix: alength= 4 w= 15 nsites= 179 E= 0
  0.052039	  0.852555	  0.024223	  0.071183	
  0.018911	  0.891615	  0.081972	  0.007502	
  0.007892	  0.096031	  0.876621	  0.019456	
  0.048058	  0.073064	  0.838556	  0.040322	
  0.234021	  0.419987	  0.284888	  0.061103	
  0.264182	  0.503907	  0.062275	  0.169636	
  0.040319	  0.062275	  0.651508	  0.245898	
  0.483201	  0.065948	  0.217925	  0.232927	
  0.058520	  0.073053	  0.645519	  0.222908	
  0.410579	  0.027815	  0.041644	  0.519962	
  0.054690	  0.239959	  0.127596	  0.577755	
  0.020159	  0.919287	  0.036528	  0.024026	
  0.009727	  0.938315	  0.048012	  0.003946	
  0.003750	  0.040981	  0.945814	  0.009454	
  0.155598	  0.012110	  0.806274	  0.026018	

MOTIF AZF1 

letter-probability matrix: alength= 4 w= 9 nsites= 129 E= 0
  0.617647	  0.127451	  0.127451	  0.127451	
  1.000000	  0.000000	  0.000000	  0.000000	
  1.000000	  0.000000	  0.000000	  0.000000	
  0.871287	  0.128713	  0.000000	  0.000000	
  0.750000	  0.000000	  0.250000	  0.000000	
  0.000000	  0.000000	  1.000000	  0.000000	
  0.780000	  0.160000	  0.030000	  0.030000	
  0.818182	  0.060606	  0.060606	  0.060606	
  0.617647	  0.127451	  0.127451	  0.127451	

MOTIF BAS1 

letter-probability matrix: alength= 4 w= 10 nsites= 143 E= 0
  0.248434	  0.034564	  0.671029	  0.045973	
  0.098770	  0.724944	  0.143065	  0.033221	
  0.052908	  0.918680	  0.007830	  0.020582	
  0.393469	  0.233497	  0.300319	  0.072714	
  0.022215	  0.001683	  0.972736	  0.003366	
  0.983430	  0.002536	  0.011610	  0.002423	
  0.013526	  0.003213	  0.981119	  0.002142	
  0.004565	  0.005185	  0.002480	  0.987770	
  0.023784	  0.964944	  0.003607	  0.007665	
  0.892170	  0.042506	  0.016219	  0.049105	

MOTIF CAD1 

letter-probability matrix: alength= 4 w= 10 nsites= 22 E= 0
  0.912156	  0.044366	  0.043478	  0.000000	
  0.044252	  0.000000	  0.000000	  0.955748	
  0.000000	  0.000000	  0.000000	  1.000000	
  0.874942	  0.045391	  0.000000	  0.079667	
  0.264151	  0.093462	  0.642387	  0.000000	
  0.000000	  0.000000	  0.000000	  1.000000	
  0.903900	  0.096100	  0.000000	  0.000000	
  1.000000	  0.000000	  0.000000	  0.000000	
  0.000000	  0.000000	  0.639566	  0.360434	
  0.000000	  0.955606	  0.000000	  0.044394	

MOTIF CAT8 

letter-probability matrix: alength= 4 w= 5 nsites= 128 E= 0
  0.000000	  1.000000	  0.000000	  0.000000	
  0.000000	  1.000000	  0.000000	  0.000000	
  0.000000	  0.000000	  1.000000	  0.000000	
  0.000000	  0.000000	  1.000000	  0.000000	
  0.660000	  0.130000	  0.210000	  0.000000	

MOTIF CBF1 

letter-probability matrix: alength= 4 w= 7 nsites= 979 E= 0
  0.063187	  0.089368	  0.209024	  0.638422	
  0.010683	  0.987522	  0.000615	  0.001179	
  0.989975	  0.002265	  0.004654	  0.003106	
  0.000256	  0.967885	  0.005160	  0.026699	
  0.044423	  0.004157	  0.951164	  0.000255	
  0.003105	  0.005666	  0.002264	  0.988964	
  0.011153	  0.011592	  0.956633	  0.020621	

MOTIF CEP3 

letter-probability matrix: alength= 4 w= 7 nsites= 256 E= 0
  0.033353	  0.465345	  0.065656	  0.435646	
  0.002344	  0.012540	  0.007344	  0.977772	
  0.004493	  0.982186	  0.008907	  0.004414	
  0.002383	  0.141724	  0.853666	  0.002227	
  0.002149	  0.007227	  0.987459	  0.003164	
  0.846427	  0.025862	  0.076298	  0.051412	
  0.902433	  0.020913	  0.028065	  0.048589	

MOTIF CHA4 

letter-probability matrix: alength= 4 w= 9 nsites= 242 E= 0
  0.697062	  0.049383	  0.066260	  0.187295	
  0.367138	  0.084727	  0.066784	  0.481351	
  0.055512	  0.657942	  0.037776	  0.248769	
  0.002266	  0.222908	  0.011837	  0.762989	
  0.002383	  0.993203	  0.001875	  0.002539	
  0.001719	  0.992148	  0.004727	  0.001406	
  0.012149	  0.004336	  0.981718	  0.001797	
  0.005078	  0.976874	  0.008711	  0.009336	
  0.105321	  0.702516	  0.033518	  0.158645	

MOTIF CIN5 

letter-probability matrix: alength= 4 w= 10 nsites= 177 E= 0
  0.000000	  0.019239	  0.044911	  0.935850	
  0.065345	  0.035172	  0.115632	  0.783851	
  0.952831	  0.000000	  0.047169	  0.000000	
  0.054994	  0.618719	  0.047307	  0.278980	
  0.373287	  0.108444	  0.442130	  0.076139	
  0.005549	  0.005549	  0.000000	  0.988902	
  0.901725	  0.092771	  0.005504	  0.000000	
  1.000000	  0.000000	  0.000000	  0.000000	
  0.009884	  0.131858	  0.344078	  0.514180	
  0.229587	  0.583524	  0.039513	  0.147376	

MOTIF CRZ1 

letter-probability matrix: alength= 4 w= 6 nsites= 128 E= 0
  0.623762	  0.356436	  0.009901	  0.009901	
  0.000000	  0.000000	  1.000000	  0.000000	
  0.000000	  1.000000	  0.000000	  0.000000	
  0.000000	  1.000000	  0.000000	  0.000000	
  0.420000	  0.300000	  0.070000	  0.210000	
  0.070707	  0.767677	  0.080808	  0.080808	

MOTIF CST6 

letter-probability matrix: alength= 4 w= 6 nsites= 128 E= 0
  0.010101	  0.010101	  0.010101	  0.969697	
  0.010000	  0.010000	  0.910000	  0.070000	
  1.000000	  0.000000	  0.000000	  0.000000	
  0.000000	  1.000000	  0.000000	  0.000000	
  0.050000	  0.000000	  0.950000	  0.000000	
  0.000000	  0.000000	  0.000000	  1.000000	

MOTIF CUP2 

letter-probability matrix: alength= 4 w= 11 nsites= 9 E= 0
  0.000000	  0.777778	  0.000000	  0.222222	
  1.000000	  0.000000	  0.000000	  0.000000	
  0.000000	  0.000000	  1.000000	  0.000000	
  0.222222	  0.777778	  0.000000	  0.000000	
  0.666667	  0.000000	  0.333333	  0.000000	
  0.444444	  0.111111	  0.444444	  0.000000	
  1.000000	  0.000000	  0.000000	  0.000000	
  1.000000	  0.000000	  0.000000	  0.000000	
  0.777778	  0.000000	  0.222222	  0.000000	
  0.444444	  0.000000	  0.000000	  0.555556	
  0.222222	  0.000000	  0.777778	  0.000000	

MOTIF CUP9 

letter-probability matrix: alength= 4 w= 9 nsites= 256 E= 0
  0.421378	  0.028910	  0.134156	  0.415557	
  0.733299	  0.001172	  0.002969	  0.262560	
  0.064963	  0.002305	  0.076761	  0.855971	
  0.147595	  0.054420	  0.797633	  0.000352	
  0.002070	  0.058208	  0.000625	  0.939097	
  0.001563	  0.001758	  0.990702	  0.005977	
  0.047424	  0.050822	  0.000664	  0.901090	
  0.001016	  0.995820	  0.001250	  0.001914	
  0.883554	  0.017314	  0.055867	  0.043265	

MOTIF DAL80 

letter-probability matrix: alength= 4 w= 7 nsites= 44 E= 0
  0.014932	  0.875213	  0.094923	  0.014932	
  0.035155	  0.004930	  0.004930	  0.954984	
  0.088951	  0.000000	  0.000000	  0.911049	
  1.000000	  0.000000	  0.000000	  0.000000	
  0.000000	  0.000000	  0.000000	  1.000000	
  0.020900	  0.979100	  0.000000	  0.000000	
  0.168216	  0.059172	  0.663990	  0.108622	

MOTIF DAL82 

letter-probability matrix: alength= 4 w= 14 nsites= 8 E= 0
  0.000000	  0.600000	  0.400000	  0.000000	
  0.600000	  0.200000	  0.200000	  0.000000	
  0.600000	  0.000000	  0.400000	  0.000000	
  0.154229	  0.154229	  0.636816	  0.054726	
  0.000000	  1.000000	  0.000000	  0.000000	
  0.000000	  0.000000	  1.000000	  0.000000	
  0.000000	  1.000000	  0.000000	  0.000000	
  0.770000	  0.000000	  0.130000	  0.100000	
  0.505000	  0.210000	  0.055000	  0.230000	
  0.275000	  0.115000	  0.115000	  0.495000	
  0.159204	  0.024876	  0.054726	  0.761194	
  0.070423	  0.070423	  0.070423	  0.788732	
  0.000000	  0.200000	  0.000000	  0.800000	
  0.000000	  0.600000	  0.400000	  0.000000	

MOTIF ECM22 

letter-probability matrix: alength= 4 w= 13 nsites= 197 E= 0
  0.060947	  0.526332	  0.127286	  0.285435	
  0.006720	  0.784419	  0.200500	  0.008361	
  0.013517	  0.031174	  0.944839	  0.010470	
  0.041882	  0.009376	  0.935849	  0.012893	
  0.243397	  0.021722	  0.711674	  0.023207	
  0.140402	  0.260255	  0.160794	  0.438550	
  0.257609	  0.326025	  0.208707	  0.207658	
  0.185512	  0.074951	  0.246172	  0.493365	
  0.175671	  0.708192	  0.054260	  0.061877	
  0.008633	  0.966286	  0.006680	  0.018400	
  0.003164	  0.090124	  0.905813	  0.000899	
  0.009766	  0.007891	  0.911556	  0.070787	
  0.928627	  0.003125	  0.060278	  0.007969	

MOTIF ECM23 

letter-probability matrix: alength= 4 w= 6 nsites= 128 E= 0
  0.720000	  0.110000	  0.100000	  0.070000	
  0.100000	  0.020000	  0.860000	  0.020000	
  1.000000	  0.000000	  0.000000	  0.000000	
  0.030000	  0.000000	  0.000000	  0.970000	
  0.009901	  0.891089	  0.029703	  0.069307	
  0.140000	  0.190000	  0.140000	  0.530000	

MOTIF EDS1 

letter-probability matrix: alength= 4 w= 9 nsites= 128 E= 0
  0.141414	  0.525253	  0.141414	  0.191919	
  0.000000	  0.000000	  1.000000	  0.000000	
  0.000000	  0.000000	  1.000000	  0.000000	
  1.000000	  0.000000	  0.000000	  0.000000	
  0.760000	  0.000000	  0.000000	  0.240000	
  0.475248	  0.237624	  0.099010	  0.188119	
  1.000000	  0.000000	  0.000000	  0.000000	
  0.828283	  0.010101	  0.010101	  0.151515	
  0.150000	  0.200000	  0.110000	  0.540000	

MOTIF FHL1 

letter-probability matrix: alength= 4 w= 8 nsites= 207 E= 0
  0.091117	  0.079392	  0.823584	  0.005907	
  0.962337	  0.002371	  0.020889	  0.014403	
  0.001108	  0.898639	  0.000754	  0.099499	
  0.005924	  0.013497	  0.960757	  0.019822	
  0.002572	  0.866336	  0.000843	  0.130250	
  0.723095	  0.006157	  0.230769	  0.039979	
  0.558899	  0.242625	  0.112476	  0.086000	
  0.527870	  0.117784	  0.096815	  0.257532	

MOTIF FKH1 

letter-probability matrix: alength= 4 w= 13 nsites= 326 E= 0
  0.609124	  0.090469	  0.102456	  0.197952	
  0.607250	  0.122140	  0.098395	  0.172215	
  0.449191	  0.088148	  0.136037	  0.326624	
  0.234693	  0.144926	  0.191792	  0.428589	
  0.270097	  0.002176	  0.723804	  0.003923	
  0.003860	  0.062249	  0.020317	  0.913574	
  0.979420	  0.019243	  0.000435	  0.000902	
  0.982345	  0.005968	  0.003575	  0.008113	
  0.991952	  0.000653	  0.001367	  0.006029	
  0.000579	  0.873167	  0.000732	  0.125522	
  0.967775	  0.000677	  0.029178	  0.002370	
  0.827874	  0.022515	  0.072253	  0.077358	
  0.555204	  0.099279	  0.131096	  0.214421	

MOTIF FKH2 

letter-probability matrix: alength= 4 w= 13 nsites= 426 E= 0
  0.545828	  0.125108	  0.147459	  0.181605	
  0.612559	  0.112356	  0.123531	  0.151555	
  0.518822	  0.123259	  0.152138	  0.205781	
  0.383154	  0.140713	  0.173981	  0.302152	
  0.214451	  0.003759	  0.781100	  0.000690	
  0.004881	  0.018105	  0.000311	  0.976703	
  0.979829	  0.019413	  0.000253	  0.000506	
  0.989386	  0.003829	  0.004121	  0.002663	
  0.985777	  0.004108	  0.004999	  0.005116	
  0.000578	  0.873521	  0.000424	  0.125477	
  0.976932	  0.000407	  0.020841	  0.001821	
  0.769764	  0.052067	  0.059542	  0.118627	
  0.684226	  0.025095	  0.106569	  0.184110	

MOTIF FZF1 

letter-probability matrix: alength= 4 w= 6 nsites= 128 E= 0
  0.000000	  1.000000	  0.000000	  0.000000	
  0.000000	  0.000000	  0.000000	  1.000000	
  1.000000	  0.000000	  0.000000	  0.000000	
  0.000000	  0.000000	  0.000000	  1.000000	
  0.000000	  1.000000	  0.000000	  0.000000	
  1.000000	  0.000000	  0.000000	  0.000000	

MOTIF GAL4 

letter-probability matrix: alength= 4 w= 19 nsites= 56 E= 0
  0.013477	  0.423181	  0.013814	  0.549528	
  0.002262	  0.991126	  0.002088	  0.004524	
  0.002088	  0.008178	  0.987124	  0.002610	
  0.003982	  0.077389	  0.896468	  0.022161	
  0.229739	  0.164075	  0.466589	  0.139596	
  0.171022	  0.310784	  0.313100	  0.205094	
  0.284607	  0.250686	  0.281861	  0.182846	
  0.518425	  0.124853	  0.215379	  0.141343	
  0.224336	  0.349272	  0.265981	  0.160411	
  0.445994	  0.180917	  0.124643	  0.248446	
  0.227177	  0.216313	  0.403113	  0.153397	
  0.137130	  0.246932	  0.202258	  0.413680	
  0.310188	  0.204250	  0.299643	  0.185918	
  0.124538	  0.365727	  0.246895	  0.262840	
  0.162427	  0.188529	  0.193017	  0.456027	
  0.005395	  0.989210	  0.001392	  0.004003	
  0.002611	  0.958232	  0.037069	  0.002088	
  0.004524	  0.002088	  0.991126	  0.002262	
  0.549528	  0.013814	  0.423181	  0.013477	

MOTIF GAL80 

letter-probability matrix: alength= 4 w= 17 nsites= 8 E= 0
  0.000000	  1.000000	  0.000000	  0.000000	
  0.000000	  0.000000	  1.000000	  0.000000	
  0.000000	  0.000000	  1.000000	  0.000000	
  0.546896	  0.248349	  0.204756	  0.000000	
  0.367374	  0.087533	  0.545093	  0.000000	
  0.181452	  0.184476	  0.385081	  0.248992	
  0.630517	  0.237074	  0.132409	  0.000000	
  0.000000	  0.385730	  0.085842	  0.528428	
  0.000000	  0.000000	  0.153949	  0.846051	
  0.000000	  0.426612	  0.573388	  0.000000	
  0.000000	  0.240458	  0.000000	  0.759542	
  0.106926	  0.565006	  0.328068	  0.000000	
  0.379973	  0.257888	  0.362140	  0.000000	
  0.000000	  0.199759	  0.080626	  0.719615	
  0.000000	  0.800283	  0.199717	  0.000000	
  0.000000	  1.000000	  0.000000	  0.000000	
  0.000000	  0.000000	  1.000000	  0.000000	

MOTIF GAT1 

letter-probability matrix: alength= 4 w= 8 nsites= 110 E= 0
  0.007771	  0.457257	  0.244171	  0.290800	
  0.010297	  0.830012	  0.089935	  0.069756	
  0.001085	  0.038465	  0.000668	  0.959783	
  0.010062	  0.000168	  0.000252	  0.989519	
  0.997401	  0.000419	  0.001593	  0.000587	
  0.000586	  0.000753	  0.017078	  0.981582	
  0.000839	  0.997652	  0.000503	  0.001006	
  0.287130	  0.019325	  0.388921	  0.304623	

MOTIF GAT3 

letter-probability matrix: alength= 4 w= 8 nsites= 256 E= 0
  0.681198	  0.050393	  0.233564	  0.034845	
  0.051629	  0.011386	  0.931488	  0.005497	
  0.943787	  0.000156	  0.000898	  0.055158	
  0.141105	  0.000664	  0.005196	  0.853035	
  0.015196	  0.961286	  0.006133	  0.017384	
  0.030354	  0.170170	  0.020470	  0.779006	
  0.741230	  0.099539	  0.098172	  0.061059	
  0.178766	  0.609368	  0.115434	  0.096431	

MOTIF GAT4 

letter-probability matrix: alength= 4 w= 8 nsites= 256 E= 0
  0.163019	  0.196525	  0.105220	  0.535235	
  0.828737	  0.021603	  0.128799	  0.020861	
  0.023519	  0.001099	  0.973968	  0.001413	
  0.954057	  0.000469	  0.001016	  0.044458	
  0.034630	  0.001021	  0.000471	  0.963878	
  0.001413	  0.989046	  0.001099	  0.008442	
  0.025861	  0.208805	  0.016603	  0.748730	
  0.607914	  0.115747	  0.182507	  0.093832	

MOTIF GCN4 

letter-probability matrix: alength= 4 w= 9 nsites= 507 E= 0
  0.535043	  0.035464	  0.413744	  0.015750	
  0.011154	  0.008489	  0.006384	  0.973973	
  0.009899	  0.029033	  0.835770	  0.125297	
  0.918284	  0.030117	  0.002238	  0.049361	
  0.006297	  0.222446	  0.768695	  0.002561	
  0.006915	  0.002240	  0.006897	  0.983948	
  0.058937	  0.936942	  0.002641	  0.001479	
  0.985204	  0.003206	  0.005989	  0.005601	
  0.023881	  0.345924	  0.056164	  0.574032	

MOTIF GCR1 

letter-probability matrix: alength= 4 w= 8 nsites= 25 E= 0
  0.271423	  0.011703	  0.029068	  0.687807	
  0.000000	  0.057724	  0.942276	  0.000000	
  0.000000	  0.008943	  0.991057	  0.000000	
  1.000000	  0.000000	  0.000000	  0.000000	
  0.876473	  0.004063	  0.000000	  0.119464	
  0.003645	  0.005265	  0.942082	  0.049008	
  0.221554	  0.682292	  0.000000	  0.096154	
  0.000000	  0.743748	  0.005771	  0.250481	

MOTIF GIS1 

letter-probability matrix: alength= 4 w= 7 nsites= 128 E= 0
  0.000000	  0.970000	  0.000000	  0.030000	
  0.000000	  1.000000	  0.000000	  0.000000	
  0.000000	  1.000000	  0.000000	  0.000000	
  0.000000	  0.870000	  0.000000	  0.130000	
  0.000000	  0.000000	  0.000000	  1.000000	
  0.490000	  0.040000	  0.150000	  0.320000	
  0.460000	  0.110000	  0.160000	  0.270000	

MOTIF GLN3 

letter-probability matrix: alength= 4 w= 11 nsites= 238 E= 0
  0.099503	  0.525999	  0.080960	  0.293539	
  0.346383	  0.160984	  0.001431	  0.491202	
  0.002088	  0.000385	  0.996210	  0.001317	
  0.997430	  0.000642	  0.000835	  0.001092	
  0.000771	  0.001381	  0.000610	  0.997238	
  0.852851	  0.001380	  0.000225	  0.145544	
  0.810353	  0.001952	  0.141628	  0.046068	
  0.104143	  0.106077	  0.738433	  0.051347	
  0.322337	  0.139775	  0.497447	  0.040442	
  0.207574	  0.330740	  0.260772	  0.200913	
  0.075703	  0.686389	  0.054865	  0.183043	

MOTIF GSM1 

letter-probability matrix: alength= 4 w= 10 nsites= 128 E= 0
  0.566060	  0.022502	  0.017579	  0.393859	
  0.849574	  0.009299	  0.020630	  0.120497	
  0.400344	  0.164622	  0.182671	  0.252363	
  0.003673	  0.916699	  0.010471	  0.069157	
  0.004766	  0.177762	  0.038834	  0.778637	
  0.003125	  0.985702	  0.001328	  0.009845	
  0.000938	  0.972652	  0.025473	  0.000938	
  0.000781	  0.030708	  0.967261	  0.001250	
  0.136506	  0.004141	  0.849430	  0.009923	
  0.708884	  0.060708	  0.197750	  0.032659	

MOTIF GZF3 

letter-probability matrix: alength= 4 w= 13 nsites= 15 E= 0
  0.638756	  0.124402	  0.114234	  0.122608	
  0.123435	  0.055456	  0.169350	  0.651759	
  0.058049	  0.560144	  0.084381	  0.297427	
  0.063121	  0.242548	  0.560491	  0.133840	
  0.001196	  0.967105	  0.027512	  0.004187	
  0.001196	  0.001794	  0.001196	  0.995813	
  0.258373	  0.000000	  0.000598	  0.741029	
  0.997011	  0.000598	  0.001195	  0.001195	
  0.000598	  0.001196	  0.000598	  0.997608	
  0.001195	  0.997609	  0.000598	  0.000598	
  0.690931	  0.003580	  0.267303	  0.038186	
  0.110979	  0.038186	  0.719570	  0.131265	
  0.170848	  0.434886	  0.074074	  0.320191	

MOTIF HAC1 

letter-probability matrix: alength= 4 w= 7 nsites= 128 E= 0
  0.237624	  0.059406	  0.554455	  0.148515	
  0.680000	  0.320000	  0.000000	  0.000000	
  0.000000	  1.000000	  0.000000	  0.000000	
  1.000000	  0.000000	  0.000000	  0.000000	
  0.000000	  1.000000	  0.000000	  0.000000	
  0.000000	  0.000000	  1.000000	  0.000000	
  0.000000	  0.000000	  0.000000	  1.000000	

MOTIF HAL9 

letter-probability matrix: alength= 4 w= 18 nsites= 128 E= 0
  0.010314	  0.056571	  0.186592	  0.746523	
  0.043366	  0.906782	  0.038756	  0.011095	
  0.005313	  0.842163	  0.089467	  0.063057	
  0.007501	  0.033912	  0.895452	  0.063135	
  0.250000	  0.250000	  0.250000	  0.250000	
  0.250000	  0.250000	  0.250000	  0.250000	
  0.250000	  0.250000	  0.250000	  0.250000	
  0.250000	  0.250000	  0.250000	  0.250000	
  0.250000	  0.250000	  0.250000	  0.250000	
  0.250000	  0.250000	  0.250000	  0.250000	
  0.250000	  0.250000	  0.250000	  0.250000	
  0.250000	  0.250000	  0.250000	  0.250000	
  0.250000	  0.250000	  0.250000	  0.250000	
  0.126426	  0.309189	  0.433193	  0.131192	
  0.063135	  0.895452	  0.033912	  0.007501	
  0.063057	  0.089467	  0.842163	  0.005313	
  0.011095	  0.038756	  0.906782	  0.043366	
  0.746523	  0.186592	  0.056571	  0.010314	

MOTIF HAP1 

letter-probability matrix: alength= 4 w= 12 nsites= 132 E= 0
  0.027703	  0.550083	  0.422214	  0.000000	
  0.000000	  1.000000	  0.000000	  0.000000	
  0.012401	  0.000000	  0.987599	  0.000000	
  0.566885	  0.120646	  0.149041	  0.163428	
  0.202384	  0.067315	  0.055082	  0.675220	
  0.905625	  0.038128	  0.036177	  0.020070	
  0.387169	  0.062166	  0.019831	  0.530834	
  0.122773	  0.426194	  0.141572	  0.309461	
  0.019803	  0.112323	  0.117747	  0.750126	
  0.000000	  0.989419	  0.000000	  0.010581	
  0.000000	  1.000000	  0.000000	  0.000000	
  0.053465	  0.099391	  0.742225	  0.104919	

MOTIF HAP2 

letter-probability matrix: alength= 4 w= 5 nsites= 40 E= 0
  0.000000	  0.000000	  0.000000	  1.000000	
  0.000000	  0.000000	  0.010157	  0.989843	
  0.005578	  0.000000	  0.994422	  0.000000	
  0.000000	  0.000000	  0.998223	  0.001777	
  0.158006	  0.378979	  0.030665	  0.432350	

MOTIF HAP3 

letter-probability matrix: alength= 4 w= 15 nsites= 29 E= 0
  0.000000	  0.182203	  0.189619	  0.628178	
  0.120600	  0.676010	  0.097132	  0.106258	
  0.000000	  0.162324	  0.000000	  0.837676	
  0.033198	  0.303862	  0.498984	  0.163957	
  1.000000	  0.000000	  0.000000	  0.000000	
  0.000000	  0.000000	  0.000000	  1.000000	
  0.000000	  0.000000	  0.000000	  1.000000	
  0.000000	  0.000000	  1.000000	  0.000000	
  0.000000	  0.000000	  1.000000	  0.000000	
  0.000000	  0.488610	  0.000000	  0.511390	
  0.033106	  0.398976	  0.138567	  0.429352	
  0.259295	  0.376603	  0.332692	  0.031410	
  0.489262	  0.088926	  0.308054	  0.113758	
  0.357213	  0.087414	  0.443970	  0.111403	
  0.503021	  0.191415	  0.094118	  0.211447	

MOTIF HAP4 

letter-probability matrix: alength= 4 w= 9 nsites= 50 E= 0
  0.000000	  0.000000	  0.000000	  1.000000	
  0.059883	  0.005867	  0.934250	  0.000000	
  1.000000	  0.000000	  0.000000	  0.000000	
  0.000000	  0.000000	  0.001416	  0.998584	
  0.001214	  0.000000	  0.000000	  0.998786	
  0.000000	  0.000000	  1.000000	  0.000000	
  0.000000	  0.000000	  0.926953	  0.073047	
  0.033951	  0.442901	  0.078511	  0.444637	
  0.051478	  0.636524	  0.035232	  0.276766	

MOTIF HAP5 

letter-probability matrix: alength= 4 w= 14 nsites= 44 E= 0
  0.046296	  0.443287	  0.487963	  0.022454	
  0.025083	  0.332893	  0.546755	  0.095270	
  0.180704	  0.248742	  0.471450	  0.099103	
  0.385693	  0.308003	  0.093398	  0.212906	
  0.028694	  0.143922	  0.287619	  0.539765	
  0.021314	  0.695737	  0.147238	  0.135711	
  0.000000	  0.158622	  0.000000	  0.841378	
  0.118230	  0.287979	  0.419199	  0.174593	
  1.000000	  0.000000	  0.000000	  0.000000	
  0.000000	  0.000000	  0.000000	  1.000000	
  0.000000	  0.000000	  0.056304	  0.943696	
  0.092695	  0.000000	  0.907305	  0.000000	
  0.085081	  0.117134	  0.736036	  0.061749	
  0.000000	  0.381225	  0.000000	  0.618775	

MOTIF HCM1 

letter-probability matrix: alength= 4 w= 8 nsites= 128 E= 0
  0.510000	  0.160000	  0.250000	  0.080000	
  0.270000	  0.080000	  0.040000	  0.610000	
  0.663366	  0.316832	  0.009901	  0.009901	
  0.950000	  0.050000	  0.000000	  0.000000	
  1.000000	  0.000000	  0.000000	  0.000000	
  0.010000	  0.860000	  0.000000	  0.130000	
  0.940594	  0.019802	  0.019802	  0.019802	
  0.579967	  0.170013	  0.110009	  0.140011	

MOTIF HMRA2 

letter-probability matrix: alength= 4 w= 8 nsites= 128 E= 0
  0.060000	  0.670000	  0.060000	  0.210000	
  0.540000	  0.000000	  0.460000	  0.000000	
  0.040000	  0.000000	  0.000000	  0.960000	
  0.000000	  0.000000	  1.000000	  0.000000	
  0.000000	  0.000000	  0.000000	  1.000000	
  0.930000	  0.000000	  0.000000	  0.070000	
  0.871287	  0.019802	  0.019802	  0.089109	
  0.400000	  0.080000	  0.080000	  0.440000	

MOTIF HSF1 

letter-probability matrix: alength= 4 w= 14 nsites= 146 E= 0
  0.480611	  0.102021	  0.417368	  0.000000	
  0.013056	  0.000000	  0.986944	  0.000000	
  0.992145	  0.000000	  0.007855	  0.000000	
  0.910704	  0.005412	  0.054119	  0.029765	
  0.134879	  0.418998	  0.149709	  0.296414	
  0.185420	  0.374150	  0.261077	  0.179353	
  0.038632	  0.184221	  0.088507	  0.688641	
  0.064284	  0.251894	  0.001942	  0.681880	
  0.478377	  0.344547	  0.132612	  0.044464	
  0.053864	  0.104752	  0.016296	  0.825088	
  0.381805	  0.053472	  0.564723	  0.000000	
  0.000000	  0.000546	  0.999454	  0.000000	
  0.999157	  0.000347	  0.000496	  0.000000	
  0.985913	  0.000000	  0.014087	  0.000000	

MOTIF INO2 

letter-probability matrix: alength= 4 w= 11 nsites= 50 E= 0
  0.244326	  0.209591	  0.514900	  0.031182	
  0.002042	  0.997958	  0.000000	  0.000000	
  0.878335	  0.056993	  0.015360	  0.049313	
  0.000000	  0.014846	  0.000000	  0.985154	
  0.061441	  0.000000	  0.938559	  0.000000	
  0.057611	  0.006469	  0.020214	  0.915706	
  0.000000	  0.000000	  1.000000	  0.000000	
  0.870046	  0.048884	  0.081070	  0.000000	
  0.952848	  0.000000	  0.047152	  0.000000	
  0.838003	  0.000000	  0.120758	  0.041239	
  0.671219	  0.000000	  0.126130	  0.202651	

MOTIF INO4 

letter-probability matrix: alength= 4 w= 11 nsites= 50 E= 0
  0.244326	  0.209591	  0.514900	  0.031182	
  0.002042	  0.997958	  0.000000	  0.000000	
  0.878335	  0.056993	  0.015360	  0.049313	
  0.000000	  0.014846	  0.000000	  0.985154	
  0.061441	  0.000000	  0.938559	  0.000000	
  0.057611	  0.006469	  0.020214	  0.915706	
  0.000000	  0.000000	  1.000000	  0.000000	
  0.870046	  0.048884	  0.081070	  0.000000	
  0.952848	  0.000000	  0.047152	  0.000000	
  0.838003	  0.000000	  0.120758	  0.041239	
  0.671219	  0.000000	  0.126130	  0.202651	

MOTIF LEU3 

letter-probability matrix: alength= 4 w= 14 nsites= 65 E= 0
  0.081766	  0.763858	  0.070604	  0.083772	
  0.114849	  0.773064	  0.035396	  0.076691	
  0.180392	  0.046824	  0.579212	  0.193573	
  0.202527	  0.068301	  0.423693	  0.305479	
  0.186640	  0.141106	  0.075682	  0.596572	
  0.527949	  0.158212	  0.080522	  0.233317	
  0.026822	  0.833975	  0.134112	  0.005091	
  0.028120	  0.969244	  0.002385	  0.000251	
  0.001381	  0.002260	  0.995732	  0.000628	
  0.000377	  0.236254	  0.762114	  0.001255	
  0.241081	  0.652647	  0.049568	  0.056703	
  0.119039	  0.046564	  0.770935	  0.063462	
  0.503378	  0.055180	  0.090841	  0.350601	
  0.593844	  0.089339	  0.083709	  0.233108	

MOTIF LYS14 

letter-probability matrix: alength= 4 w= 10 nsites= 231 E= 0
  0.784732	  0.010861	  0.049695	  0.154712	
  0.810231	  0.035373	  0.070162	  0.084234	
  0.939878	  0.000313	  0.000820	  0.058989	
  0.003203	  0.000742	  0.000547	  0.995507	
  0.000586	  0.023205	  0.000469	  0.975740	
  0.000859	  0.993945	  0.004727	  0.000469	
  0.001250	  0.996797	  0.000859	  0.001094	
  0.022267	  0.052934	  0.902531	  0.022267	
  0.058385	  0.194783	  0.449934	  0.296898	
  0.182202	  0.100867	  0.457770	  0.259161	

MOTIF MAC1 

letter-probability matrix: alength= 4 w= 8 nsites= 17 E= 0
  0.062033	  0.000000	  0.000000	  0.937967	
  0.050597	  0.000000	  0.124503	  0.824901	
  0.000000	  0.000000	  0.000000	  1.000000	
  0.067638	  0.000000	  0.932362	  0.000000	
  0.000000	  1.000000	  0.000000	  0.000000	
  0.000000	  0.000000	  0.000000	  1.000000	
  0.000000	  1.000000	  0.000000	  0.000000	
  0.554719	  0.000000	  0.379270	  0.066010	

MOTIF MATALPHA2 

letter-probability matrix: alength= 4 w= 9 nsites= 10 E= 0
  1.000000	  0.000000	  0.000000	  0.000000	
  0.600000	  0.000000	  0.000000	  0.400000	
  0.100000	  0.000000	  0.100000	  0.800000	
  0.000000	  0.000000	  0.000000	  1.000000	
  1.000000	  0.000000	  0.000000	  0.000000	
  0.000000	  1.000000	  0.000000	  0.000000	
  1.000000	  0.000000	  0.000000	  0.000000	
  0.000000	  0.200000	  0.000000	  0.800000	
  0.100000	  0.000000	  0.900000	  0.000000	

MOTIF MBP1 

letter-probability matrix: alength= 4 w= 9 nsites= 576 E= 0
  0.055216	  0.205752	  0.019410	  0.719622	
  0.046619	  0.217894	  0.663033	  0.072454	
  0.728545	  0.033904	  0.068785	  0.168766	
  0.001453	  0.989487	  0.005694	  0.003366	
  0.071978	  0.002998	  0.924445	  0.000579	
  0.000726	  0.895460	  0.003096	  0.100717	
  0.002716	  0.010760	  0.985945	  0.000579	
  0.142585	  0.083428	  0.052838	  0.721149	
  0.168605	  0.407531	  0.093684	  0.330179	

MOTIF MCM1 

letter-probability matrix: alength= 4 w= 16 nsites= 216 E= 0
  0.142069	  0.193937	  0.073561	  0.590433	
  0.146109	  0.072034	  0.261670	  0.520187	
  0.123569	  0.095203	  0.105585	  0.675643	
  0.113053	  0.835589	  0.007787	  0.043571	
  0.009224	  0.834654	  0.005980	  0.150141	
  0.120145	  0.304070	  0.406369	  0.169417	
  0.589533	  0.072776	  0.170352	  0.167339	
  0.663716	  0.010522	  0.038982	  0.286780	
  0.305321	  0.029712	  0.010522	  0.654445	
  0.167339	  0.151810	  0.082047	  0.598804	
  0.339854	  0.202512	  0.342357	  0.115278	
  0.145506	  0.005980	  0.839290	  0.009224	
  0.043571	  0.007787	  0.840224	  0.108418	
  0.685223	  0.112357	  0.041949	  0.160471	
  0.701618	  0.144208	  0.070412	  0.083762	
  0.584620	  0.085199	  0.179994	  0.150188	

MOTIF MET31 

letter-probability matrix: alength= 4 w= 10 nsites= 21 E= 0
  1.000000	  0.000000	  0.000000	  0.000000	
  0.685312	  0.049957	  0.190009	  0.074722	
  0.146644	  0.569902	  0.150064	  0.133390	
  0.069996	  0.069996	  0.092616	  0.767392	
  0.010716	  0.000000	  0.989284	  0.000000	
  0.015352	  0.000000	  0.000000	  0.984648	
  0.000000	  0.000000	  0.974862	  0.025138	
  0.018143	  0.000000	  0.975527	  0.006329	
  0.006329	  0.820253	  0.000000	  0.173418	
  0.100862	  0.000000	  0.697414	  0.201724	

MOTIF MET32 

letter-probability matrix: alength= 4 w= 12 nsites= 46 E= 0
  0.417982	  0.202018	  0.200000	  0.180000	
  0.612498	  0.123663	  0.097955	  0.165885	
  0.855656	  0.010594	  0.094968	  0.038782	
  0.079176	  0.635110	  0.229970	  0.055745	
  0.010385	  0.021148	  0.005665	  0.962802	
  0.009482	  0.023137	  0.966622	  0.000759	
  0.003407	  0.010789	  0.002839	  0.982964	
  0.001137	  0.001517	  0.995829	  0.001517	
  0.072854	  0.002259	  0.920369	  0.004518	
  0.006405	  0.985305	  0.001884	  0.006405	
  0.022984	  0.003014	  0.822909	  0.151093	
  0.006405	  0.609269	  0.057272	  0.327054	

MOTIF MGA1 

letter-probability matrix: alength= 4 w= 9 nsites= 128 E= 0
  0.787623	  0.003047	  0.198156	  0.011174	
  0.192124	  0.110087	  0.166029	  0.531760	
  0.701930	  0.197125	  0.098289	  0.002656	
  0.005938	  0.002188	  0.989296	  0.002578	
  0.991015	  0.002110	  0.003907	  0.002969	
  0.990311	  0.002032	  0.001953	  0.005704	
  0.012033	  0.815596	  0.015784	  0.156587	
  0.844519	  0.039847	  0.082741	  0.032893	
  0.068448	  0.505938	  0.070480	  0.355134	

MOTIF MIG1 

letter-probability matrix: alength= 4 w= 14 nsites= 18 E= 0
  0.055069	  0.448060	  0.037547	  0.459324	
  0.309762	  0.478098	  0.081977	  0.130163	
  0.045872	  0.944954	  0.003753	  0.005421	
  0.041719	  0.941176	  0.000000	  0.017105	
  0.000417	  0.997916	  0.000834	  0.000834	
  0.001251	  0.997081	  0.001251	  0.000417	
  0.432861	  0.010842	  0.510008	  0.046289	
  0.017939	  0.592824	  0.364205	  0.025031	
  0.682530	  0.028804	  0.128366	  0.160301	
  0.093242	  0.127034	  0.020651	  0.759074	
  0.228268	  0.070669	  0.033146	  0.667917	
  0.379612	  0.089431	  0.049406	  0.481551	
  0.266917	  0.253133	  0.048872	  0.431078	
  0.256892	  0.137845	  0.037594	  0.567669	

MOTIF MIG2 

letter-probability matrix: alength= 4 w= 13 nsites= 197 E= 0
  0.325910	  0.114002	  0.424129	  0.135959	
  0.155337	  0.353883	  0.067589	  0.423191	
  0.151117	  0.066026	  0.068604	  0.714252	
  0.719019	  0.063447	  0.179012	  0.038522	
  0.008673	  0.974528	  0.010197	  0.006602	
  0.000195	  0.978669	  0.000352	  0.020784	
  0.000859	  0.996680	  0.001758	  0.000703	
  0.000664	  0.996054	  0.002578	  0.000703	
  0.298695	  0.055903	  0.639933	  0.005469	
  0.025111	  0.857615	  0.086644	  0.030630	
  0.629132	  0.127130	  0.163997	  0.079741	
  0.403782	  0.160559	  0.045941	  0.389718	
  0.207064	  0.067432	  0.022191	  0.703313	

MOTIF MIG3 

letter-probability matrix: alength= 4 w= 13 nsites= 197 E= 0
  0.283660	  0.114871	  0.491990	  0.109479	
  0.177762	  0.300438	  0.063447	  0.458353	
  0.215207	  0.109322	  0.059780	  0.615691	
  0.753302	  0.099867	  0.106275	  0.040556	
  0.008318	  0.979632	  0.005442	  0.006608	
  0.000352	  0.955936	  0.000625	  0.043088	
  0.000547	  0.996601	  0.001484	  0.001367	
  0.000625	  0.995234	  0.003477	  0.000664	
  0.313624	  0.011464	  0.669219	  0.005693	
  0.026056	  0.810422	  0.118091	  0.045431	
  0.622705	  0.119697	  0.181577	  0.076022	
  0.325129	  0.105876	  0.058837	  0.510158	
  0.251074	  0.097757	  0.024068	  0.627100	

MOTIF MSN2 

letter-probability matrix: alength= 4 w= 7 nsites= 65 E= 0
  0.340671	  0.110273	  0.028302	  0.520755	
  0.801792	  0.147856	  0.001920	  0.048432	
  0.682796	  0.036326	  0.280877	  0.000000	
  0.002092	  0.011993	  0.985915	  0.000000	
  0.008192	  0.000000	  0.991808	  0.000000	
  0.000000	  0.000000	  1.000000	  0.000000	
  0.001255	  0.000000	  0.998745	  0.000000	

MOTIF MSN4 

letter-probability matrix: alength= 4 w= 7 nsites= 65 E= 0
  0.340671	  0.110273	  0.028302	  0.520755	
  0.801792	  0.147856	  0.001920	  0.048432	
  0.802330	  0.000000	  0.197670	  0.000000	
  0.002103	  0.012057	  0.985840	  0.000000	
  0.008236	  0.000000	  0.991764	  0.000000	
  0.000000	  0.000000	  1.000000	  0.000000	
  0.001255	  0.000000	  0.993586	  0.005159	

MOTIF NDT80 

letter-probability matrix: alength= 4 w= 13 nsites= 128 E= 0
  0.099391	  0.114549	  0.495312	  0.290749	
  0.187998	  0.020159	  0.675809	  0.116034	
  0.444288	  0.483747	  0.041960	  0.030005	
  0.012189	  0.949055	  0.004532	  0.034224	
  0.940538	  0.007736	  0.045320	  0.006407	
  0.018439	  0.967732	  0.006954	  0.006876	
  0.965695	  0.004063	  0.009533	  0.020708	
  0.970310	  0.005000	  0.015861	  0.008829	
  0.945382	  0.003516	  0.014143	  0.036959	
  0.713940	  0.024848	  0.236756	  0.024457	
  0.496875	  0.178778	  0.082435	  0.241913	
  0.123769	  0.630958	  0.095718	  0.149555	
  0.127832	  0.329583	  0.440147	  0.102438	

MOTIF NHP10 

letter-probability matrix: alength= 4 w= 8 nsites= 129 E= 0
  0.200000	  0.100000	  0.600000	  0.100000	
  0.078431	  0.764706	  0.078431	  0.078431	
  0.000000	  1.000000	  0.000000	  0.000000	
  0.000000	  0.000000	  1.000000	  0.000000	
  0.000000	  0.000000	  1.000000	  0.000000	
  0.000000	  0.000000	  1.000000	  0.000000	
  0.000000	  0.000000	  1.000000	  0.000000	
  0.666667	  0.078431	  0.176471	  0.078431	

MOTIF NHP6A 

letter-probability matrix: alength= 4 w= 10 nsites= 128 E= 0
  0.104860	  0.516878	  0.049148	  0.329114	
  0.339662	  0.130567	  0.071574	  0.458197	
  0.491210	  0.250645	  0.064302	  0.193843	
  0.114080	  0.024066	  0.006407	  0.855446	
  0.904040	  0.010706	  0.026647	  0.058607	
  0.126582	  0.029614	  0.008361	  0.835443	
  0.847632	  0.016253	  0.043835	  0.092280	
  0.057118	  0.042741	  0.028520	  0.871621	
  0.746210	  0.016799	  0.020784	  0.216206	
  0.650102	  0.030083	  0.153227	  0.166589	

MOTIF NHP6B 

letter-probability matrix: alength= 4 w= 11 nsites= 128 E= 0
  0.393812	  0.069855	  0.026176	  0.510158	
  0.578606	  0.089858	  0.051883	  0.279653	
  0.169089	  0.065635	  0.016096	  0.749180	
  0.807924	  0.032742	  0.067047	  0.092287	
  0.092287	  0.067047	  0.032742	  0.807924	
  0.749180	  0.016096	  0.065635	  0.169089	
  0.279653	  0.051883	  0.089858	  0.578606	
  0.510158	  0.026176	  0.069855	  0.393812	
  0.461286	  0.096570	  0.121806	  0.320338	
  0.372451	  0.106649	  0.111806	  0.409094	
  0.465932	  0.084154	  0.336224	  0.113690	

MOTIF NRG1 

letter-probability matrix: alength= 4 w= 9 nsites= 211 E= 0
  0.396450	  0.079647	  0.142044	  0.381859	
  0.240025	  0.005539	  0.752686	  0.001749	
  0.036266	  0.001232	  0.881943	  0.080559	
  0.834334	  0.001057	  0.129016	  0.035594	
  0.016341	  0.977504	  0.000340	  0.005815	
  0.001359	  0.961347	  0.000807	  0.036486	
  0.002086	  0.991615	  0.005022	  0.001277	
  0.000422	  0.036046	  0.003208	  0.960324	
  0.046510	  0.009116	  0.488394	  0.455980	

MOTIF OAF1 

letter-probability matrix: alength= 4 w= 10 nsites= 243 E= 0
  0.304993	  0.106119	  0.111589	  0.477299	
  0.128195	  0.087911	  0.086065	  0.697829	
  0.787035	  0.041816	  0.039224	  0.131925	
  0.365234	  0.031447	  0.042797	  0.560522	
  0.253809	  0.529690	  0.084655	  0.131846	
  0.006719	  0.306704	  0.042503	  0.644074	
  0.001367	  0.991406	  0.004297	  0.002930	
  0.002266	  0.980389	  0.014923	  0.002422	
  0.003985	  0.002695	  0.990937	  0.002383	
  0.555278	  0.064341	  0.289827	  0.090554	

MOTIF ORC1 

letter-probability matrix: alength= 4 w= 17 nsites= 33 E= 0
  0.303030	  0.151515	  0.000000	  0.545455	
  0.212121	  0.000000	  0.090909	  0.696970	
  0.090909	  0.000000	  0.000000	  0.909091	
  0.212121	  0.000000	  0.090909	  0.696970	
  0.030303	  0.000000	  0.000000	  0.969697	
  0.030303	  0.000000	  0.000000	  0.969697	
  0.030303	  0.060606	  0.000000	  0.909091	
  0.878788	  0.000000	  0.000000	  0.121212	
  0.090909	  0.121212	  0.000000	  0.787879	
  0.333333	  0.030303	  0.424242	  0.212121	
  0.000000	  0.030303	  0.000000	  0.969697	
  0.090909	  0.030303	  0.000000	  0.878788	
  0.000000	  0.000000	  0.000000	  1.000000	
  0.545455	  0.000000	  0.000000	  0.454545	
  0.000000	  0.151515	  0.545455	  0.303030	
  0.000000	  0.000000	  0.212121	  0.787879	
  0.060606	  0.121212	  0.000000	  0.818182	

MOTIF PBF1 

letter-probability matrix: alength= 4 w= 10 nsites= 128 E= 0
  0.649320	  0.050711	  0.096499	  0.203469	
  0.067823	  0.396781	  0.436396	  0.099000	
  0.020705	  0.784280	  0.193374	  0.001641	
  0.002110	  0.029692	  0.046335	  0.921863	
  0.002188	  0.991796	  0.002344	  0.003672	
  0.975936	  0.000703	  0.001719	  0.021642	
  0.001563	  0.001094	  0.018519	  0.978825	
  0.000860	  0.979059	  0.001563	  0.018519	
  0.052504	  0.019923	  0.869990	  0.057583	
  0.135646	  0.655571	  0.186357	  0.022425	

MOTIF PBF2 

letter-probability matrix: alength= 4 w= 11 nsites= 128 E= 0
  0.141808	  0.480584	  0.145558	  0.232049	
  0.516487	  0.059697	  0.138381	  0.285435	
  0.079622	  0.420613	  0.392405	  0.107361	
  0.028989	  0.770120	  0.197687	  0.003204	
  0.006016	  0.052270	  0.083366	  0.858348	
  0.001328	  0.990781	  0.004922	  0.002969	
  0.972652	  0.000547	  0.001328	  0.025473	
  0.001641	  0.000860	  0.027739	  0.969761	
  0.000859	  0.968904	  0.001328	  0.028909	
  0.036178	  0.009298	  0.876231	  0.078293	
  0.223863	  0.575793	  0.177528	  0.022816	

MOTIF PDR1 

