MEME version 4.5.0
MEME BigFoot DMMPMM version MAY-26-2009

ALPHABET= ACGT

strands: + -

Background letter frequencies (from
A 0.288 C 0.212 G 0.212 T 0.288

MOTIF abd-A
letter-probability matrix: alength= 4 w= 6 nsites= 45 E= 0
 0.609756097560976  0.121951219512195  0.0975609756097561  0.170731707317073
 0.0  0.0731707317073171  0.024390243902439  0.902439024390244
 0.902439024390244  0.024390243902439  0.0731707317073171  0.0
 0.902439024390244  0.0  0.0  0.0975609756097561
 0.317073170731707  0.0  0.0  0.682926829268293
 0.0  0.0731707317073171  0.146341463414634  0.780487804878049
URL http://autosome.ru/DMMPMM/DMMPMM_18_MAR_RELEASE/comparison-DMMPMM/ABD_A.html

MOTIF Antp
letter-probability matrix: alength= 4 w= 6 nsites= 18 E= 0
 0.583333333333334  0.25  0.166666666666667  0.0
 1.0  0.0  0.0  0.0
 0.0  0.0  0.0  1.0
 0.916666666666666  0.0  0.0833333333333333  0.0
 1.0  0.0  0.0  0.0
 0.416666666666667  0.0  0.0  0.583333333333334
URL http://autosome.ru/DMMPMM/DMMPMM_18_MAR_RELEASE/comparison-DMMPMM/ANTP.html

MOTIF ap
letter-probability matrix: alength= 4 w= 6 nsites= 14 E= 0
 1.0  0.0  0.0  0.0
 1.0  0.0  0.0  0.0
 0.0  0.0714285714285714  0.0714285714285714  0.857142857142857
 0.357142857142857  0.285714285714286  0.0714285714285714  0.285714285714286
 0.928571428571429  0.0  0.0714285714285714  0.0
 0.142857142857143  0.0714285714285714  0.214285714285714  0.571428571428571
URL http://autosome.ru/DMMPMM/DMMPMM_18_MAR_RELEASE/comparison-DMMPMM/AP.html

MOTIF bcd
letter-probability matrix: alength= 4 w= 8 nsites= 49 E= 0
 0.270833333333333  0.375  0.25  0.104166666666667
 0.3125  0.0416666666666667  0.604166666666667  0.0416666666666667
 0.104166666666667  0.0  0.875  0.0208333333333333
 0.6875  0.3125  0.0  0.0
 0.0  0.0  0.0  1.0
 0.0208333333333333  0.0416666666666667  0.0  0.9375
 0.75  0.0208333333333333  0.0625  0.166666666666667
 0.333333333333333  0.0416666666666667  0.375  0.25
URL http://autosome.ru/DMMPMM/DMMPMM_18_MAR_RELEASE/comparison-DMMPMM/BCD.html

MOTIF brk
letter-probability matrix: alength= 4 w= 7 nsites= 11 E= 0
 0.4  0.0  0.6  0.0
 0.2  0.0  0.8  0.0
 0.0  0.9  0.0  0.1
 0.0  0.0  0.9  0.1
 0.0  1.0  0.0  0.0
 0.0  1.0  0.0  0.0
 0.5  0.0  0.5  0.0
URL http://autosome.ru/DMMPMM/DMMPMM_18_MAR_RELEASE/comparison-DMMPMM/BRK.html

MOTIF br-Z1
letter-probability matrix: alength= 4 w= 8 nsites= 18 E= 0
 0.588235294117647  0.0  0.411764705882353  0.0
 0.647058823529412  0.0  0.176470588235294  0.176470588235294
 0.117647058823529  0.0  0.0588235294117647  0.823529411764706
 0.647058823529412  0.176470588235294  0.176470588235294  0.0
 0.176470588235294  0.705882352941177  0.117647058823529  0.0
 0.529411764705882  0.0588235294117647  0.0  0.411764705882353
 0.882352941176471  0.117647058823529  0.0  0.0
 1.0  0.0  0.0  0.0
URL http://autosome.ru/DMMPMM/DMMPMM_18_MAR_RELEASE/comparison-DMMPMM/BR_Z1.html

MOTIF br-Z2
letter-probability matrix: alength= 4 w= 7 nsites= 21 E= 0
 0.0  0.952380952380952  0.0  0.0476190476190476
 0.0  0.0  0.0  1.0
 1.0  0.0  0.0  0.0
 0.19047619047619  0.142857142857143  0.142857142857143  0.523809523809524
 0.238095238095238  0.0476190476190476  0.142857142857143  0.571428571428571
 0.380952380952381  0.142857142857143  0.0476190476190476  0.428571428571429
 0.571428571428571  0.0  0.19047619047619  0.238095238095238
URL http://autosome.ru/DMMPMM/DMMPMM_18_MAR_RELEASE/comparison-DMMPMM/BR_Z2.html

MOTIF br-Z3
letter-probability matrix: alength= 4 w= 11 nsites= 16 E= 0
 0.5  0.0  0.0  0.5
 0.0625  0.375  0.125  0.4375
 0.4375  0.25  0.0  0.3125
 0.75  0.0  0.0  0.25
 0.3125  0.375  0.0  0.3125
 0.125  0.0  0.0625  0.8125
 0.8125  0.0625  0.0625  0.0625
 0.0625  0.0  0.6875  0.25
 0.0  0.125  0.0625  0.8125
 0.5  0.0  0.0  0.5
 0.0625  0.0625  0.0  0.875
URL http://autosome.ru/DMMPMM/DMMPMM_18_MAR_RELEASE/comparison-DMMPMM/BR_Z3.html

MOTIF br-Z4
letter-probability matrix: alength= 4 w= 8 nsites= 8 E= 0
 0.875  0.0  0.0  0.125
 0.375  0.25  0.0  0.375
 0.0  0.0  0.0  1.0
 0.75  0.0  0.25  0.0
 0.375  0.0  0.375  0.25
 0.0  0.0  0.0  1.0
 0.125  0.0  0.0  0.875
 0.875  0.0  0.0  0.125
URL http://autosome.ru/DMMPMM/DMMPMM_18_MAR_RELEASE/comparison-DMMPMM/BR_Z4.html

MOTIF byn
letter-probability matrix: alength= 4 w= 8 nsites= 10 E= 0
 0.111111111111111  0.0  0.0  0.888888888888889
 0.222222222222222  0.444444444444444  0.0  0.333333333333333
 0.111111111111111  0.0  0.777777777777778  0.111111111111111
 0.0  1.0  0.0  0.0
 0.888888888888889  0.0  0.0  0.111111111111111
 0.0  1.0  0.0  0.0
 0.333333333333333  0.333333333333333  0.0  0.333333333333333
 0.111111111111111  0.111111111111111  0.0  0.777777777777778
URL http://autosome.ru/DMMPMM/DMMPMM_18_MAR_RELEASE/comparison-DMMPMM/BYN.html

MOTIF cad
letter-probability matrix: alength= 4 w= 9 nsites= 13 E= 0
 0.153846153846154  0.0  0.0  0.846153846153846
 0.0  0.0  0.153846153846154  0.846153846153846
 0.0  0.0769230769230769  0.0  0.923076923076923
 0.461538461538462  0.0769230769230769  0.153846153846154  0.307692307692308
 0.0  0.384615384615385  0.0769230769230769  0.538461538461538
 0.307692307692308  0.0  0.692307692307692  0.0
 0.461538461538462  0.230769230769231  0.230769230769231  0.0769230769230769
 0.0  0.307692307692308  0.0769230769230769  0.615384615384615
 0.307692307692308  0.0  0.0  0.692307692307692
URL http://autosome.ru/DMMPMM/DMMPMM_18_MAR_RELEASE/comparison-DMMPMM/CAD.html

MOTIF Deaf1
letter-probability matrix: alength= 4 w= 9 nsites= 10 E= 0
 0.3  0.7  0.0  0.0
 0.0  1.0  0.0  0.0
 0.0  0.0  1.0  0.0
 0.9  0.1  0.0  0.0
 0.7  0.3  0.0  0.0
 0.2  0.0  0.4  0.4
 0.3  0.4  0.3  0.0
 0.4  0.0  0.6  0.0
 0.0  0.8  0.2  0.0
URL http://autosome.ru/DMMPMM/DMMPMM_18_MAR_RELEASE/comparison-DMMPMM/DEAF1.html

MOTIF Dfd
letter-probability matrix: alength= 4 w= 8 nsites= 16 E= 0
 0.0625  0.125  0.125  0.6875
 0.0625  0.0  0.0  0.9375
 0.9375  0.0625  0.0  0.0
 0.9375  0.0625  0.0  0.0
 0.0  0.0  0.0  1.0
 0.0625  0.0  0.3125  0.625
 0.5  0.0  0.375  0.125
 0.0  0.3125  0.125  0.5625
URL http://autosome.ru/DMMPMM/DMMPMM_18_MAR_RELEASE/comparison-DMMPMM/DFD.html

MOTIF dl
letter-probability matrix: alength= 4 w= 11 nsites= 38 E= 0
 0.0  0.0263157894736842  0.578947368421053  0.394736842105263
 0.0526315789473684  0.0789473684210526  0.552631578947368  0.315789473684211
 0.526315789473684  0.0  0.473684210526316  0.0
 0.342105263157895  0.105263157894737  0.0789473684210526  0.473684210526316
 0.0526315789473684  0.0  0.0526315789473684  0.894736842105263
 0.0  0.0263157894736842  0.0789473684210526  0.894736842105263
 0.0526315789473684  0.105263157894737  0.0263157894736842  0.815789473684211
 0.0  0.552631578947368  0.0  0.447368421052632
 0.0263157894736842  0.947368421052632  0.0  0.0263157894736842
 0.0  0.421052631578947  0.236842105263158  0.342105263157895
 0.315789473684211  0.447368421052632  0.210526315789474  0.0263157894736842
URL http://autosome.ru/DMMPMM/DMMPMM_18_MAR_RELEASE/comparison-DMMPMM/DL.html

MOTIF Dref
letter-probability matrix: alength= 4 w= 10 nsites= 10 E= 0
 0.666666666666667  0.111111111111111  0.0  0.222222222222222
 0.111111111111111  0.0  0.111111111111111  0.777777777777778
 0.777777777777778  0.111111111111111  0.0  0.111111111111111
 0.333333333333333  0.0  0.0  0.666666666666667
 0.0  1.0  0.0  0.0
 0.111111111111111  0.0  0.888888888888889  0.0
 1.0  0.0  0.0  0.0
 0.0  0.0  0.0  1.0
 0.777777777777778  0.111111111111111  0.111111111111111  0.0
 0.333333333333333  0.0  0.666666666666667  0.0
URL http://autosome.ru/DMMPMM/DMMPMM_18_MAR_RELEASE/comparison-DMMPMM/DREF.html

MOTIF Eip74EF
letter-probability matrix: alength= 4 w= 8 nsites= 8 E= 0
 0.375  0.625  0.0  0.0
 0.75  0.25  0.0  0.0
 0.125  0.0  0.875  0.0
 0.0  0.125  0.875  0.0
 1.0  0.0  0.0  0.0
 1.0  0.0  0.0  0.0
 0.125  0.0  0.625  0.25
 0.125  0.125  0.0  0.75
URL http://autosome.ru/DMMPMM/DMMPMM_18_MAR_RELEASE/comparison-DMMPMM/EIP74EF.html

MOTIF en
letter-probability matrix: alength= 4 w= 8 nsites= 63 E= 0
 0.375  0.0  0.339285714285714  0.285714285714286
 0.125  0.196428571428571  0.178571428571429  0.5
 0.0  0.107142857142857  0.0714285714285714  0.821428571428571
 0.571428571428571  0.107142857142857  0.232142857142857  0.0892857142857143
 0.964285714285714  0.0178571428571429  0.0  0.0178571428571429
 0.0357142857142857  0.0178571428571429  0.0357142857142857  0.910714285714286
 0.0178571428571429  0.0  0.0535714285714286  0.928571428571429
 0.321428571428571  0.0178571428571429  0.5  0.160714285714286
URL http://autosome.ru/DMMPMM/DMMPMM_18_MAR_RELEASE/comparison-DMMPMM/EN.html

MOTIF eve
letter-probability matrix: alength= 4 w= 8 nsites= 20 E= 0
 0.4  0.45  0.15  0.0
 0.9  0.0  0.1  0.0
 0.05  0.8  0.0  0.15
 0.65  0.15  0.2  0.0
 0.65  0.0  0.15  0.2
 0.0  0.05  0.0  0.95
 0.45  0.05  0.05  0.45
 0.95  0.0  0.0  0.05
URL http://autosome.ru/DMMPMM/DMMPMM_18_MAR_RELEASE/comparison-DMMPMM/EVE.html

MOTIF ftz
letter-probability matrix: alength= 4 w= 8 nsites= 66 E= 0
 0.257575757575758  0.484848484848485  0.0606060606060606  0.196969696969697
 0.454545454545455  0.439393939393939  0.0  0.106060606060606
 0.954545454545455  0.0151515151515152  0.0  0.0303030303030303
 0.0  0.0151515151515152  0.0151515151515152  0.96969696969697
 0.227272727272727  0.0606060606060606  0.0454545454545455  0.666666666666667
 0.939393939393939  0.0454545454545455  0.0151515151515152  0.0
 0.53030303030303  0.106060606060606  0.272727272727273  0.0909090909090909
 0.424242424242424  0.257575757575758  0.212121212121212  0.106060606060606
URL http://autosome.ru/DMMPMM/DMMPMM_18_MAR_RELEASE/comparison-DMMPMM/FTZ.html

MOTIF grh
letter-probability matrix: alength= 4 w= 6 nsites= 9 E= 0
 1.0  0.0  0.0  0.0
 0.777777777777778  0.0  0.222222222222222  0.0
 0.111111111111111  0.777777777777778  0.0  0.111111111111111
 0.333333333333333  0.666666666666667  0.0  0.0
 0.777777777777778  0.0  0.222222222222222  0.0
 0.0  0.0  0.777777777777778  0.222222222222222
URL http://autosome.ru/DMMPMM/DMMPMM_18_MAR_RELEASE/comparison-DMMPMM/GRH.html

MOTIF gt
letter-probability matrix: alength= 4 w= 7 nsites= 8 E= 0
 0.0  0.125  0.875  0.0
 0.125  0.125  0.0  0.75
 0.625  0.375  0.0  0.0
 1.0  0.0  0.0  0.0
 0.375  0.0  0.0  0.625
 1.0  0.0  0.0  0.0
 0.75  0.0  0.0  0.25
URL http://autosome.ru/DMMPMM/DMMPMM_18_MAR_RELEASE/comparison-DMMPMM/GT.html

MOTIF hb
letter-probability matrix: alength= 4 w= 9 nsites= 104 E= 0
 0.29126213592233  0.475728155339806  0.203883495145631  0.029126213592233
 0.456310679611651  0.155339805825243  0.16504854368932  0.223300970873786
 0.00970873786407767  0.281553398058252  0.106796116504854  0.601941747572815
 0.932038834951456  0.00970873786407767  0.0388349514563107  0.0194174757281553
 0.980582524271845  0.00970873786407767  0.0  0.00970873786407767
 1.0  0.0  0.0  0.0
 0.941747572815534  0.00970873786407767  0.0388349514563107  0.00970873786407767
 0.990291262135922  0.00970873786407767  0.0  0.0
 0.660194174757282  0.0776699029126214  0.116504854368932  0.145631067961165
URL http://autosome.ru/DMMPMM/DMMPMM_18_MAR_RELEASE/comparison-DMMPMM/HB.html

MOTIF kni
letter-probability matrix: alength= 4 w= 13 nsites= 33 E= 0
 0.575757575757576  0.0606060606060606  0.212121212121212  0.151515151515152
 0.575757575757576  0.0909090909090909  0.151515151515152  0.181818181818182
 0.96969696969697  0.0  0.0  0.0303030303030303
 0.636363636363636  0.121212121212121  0.0  0.242424242424242
 0.212121212121212  0.363636363636364  0.121212121212121  0.303030303030303
 0.0  0.0303030303030303  0.242424242424242  0.727272727272727
 0.424242424242424  0.0909090909090909  0.454545454545455  0.0303030303030303
 0.151515151515152  0.0606060606060606  0.787878787878788  0.0
 0.848484848484849  0.0606060606060606  0.0909090909090909  0.0
 0.333333333333333  0.242424242424242  0.242424242424242  0.181818181818182
 0.121212121212121  0.727272727272727  0.0303030303030303  0.121212121212121
 0.484848484848485  0.0909090909090909  0.333333333333333  0.0909090909090909
 0.636363636363636  0.242424242424242  0.121212121212121  0.0
URL http://autosome.ru/DMMPMM/DMMPMM_18_MAR_RELEASE/comparison-DMMPMM/KNI.html

MOTIF Kr
letter-probability matrix: alength= 4 w= 10 nsites= 45 E= 0
 0.533333333333333  0.155555555555556  0.2  0.111111111111111
 0.844444444444444  0.0666666666666667  0.0666666666666667  0.0222222222222222
 0.733333333333333  0.177777777777778  0.0444444444444444  0.0444444444444444
 0.511111111111111  0.222222222222222  0.155555555555556  0.111111111111111
 0.0444444444444444  0.0  0.911111111111111  0.0444444444444444
 0.111111111111111  0.0  0.866666666666667  0.0222222222222222
 0.133333333333333  0.0888888888888889  0.755555555555556  0.0222222222222222
 0.0666666666666667  0.0  0.0444444444444444  0.888888888888889
 0.133333333333333  0.111111111111111  0.0888888888888889  0.666666666666667
 0.6  0.133333333333333  0.155555555555556  0.111111111111111
URL http://autosome.ru/DMMPMM/DMMPMM_18_MAR_RELEASE/comparison-DMMPMM/KR.html

MOTIF Mad
letter-probability matrix: alength= 4 w= 11 nsites= 19 E= 0
 0.157894736842105  0.789473684210526  0.0526315789473684  0.0
 0.0526315789473684  0.0  0.894736842105263  0.0526315789473684
 0.368421052631579  0.578947368421053  0.0526315789473684  0.0
 0.0526315789473684  0.368421052631579  0.421052631578947  0.157894736842105
 0.315789473684211  0.157894736842105  0.526315789473684  0.0
 0.105263157894737  0.736842105263158  0.0  0.157894736842105
 0.157894736842105  0.0526315789473684  0.631578947368421  0.157894736842105
 0.315789473684211  0.421052631578947  0.105263157894737  0.157894736842105
 0.0  1.0  0.0  0.0
 0.526315789473684  0.157894736842105  0.315789473684211  0.0
 0.0526315789473684  0.0  0.894736842105263  0.0526315789473684
URL http://autosome.ru/DMMPMM/DMMPMM_18_MAR_RELEASE/comparison-DMMPMM/MAD.html

MOTIF Med
letter-probability matrix: alength= 4 w= 11 nsites= 8 E= 0
 0.125  0.25  0.625  0.0
 0.0  1.0  0.0  0.0
 0.625  0.375  0.0  0.0
 0.0  0.375  0.5  0.125
 0.0  0.5  0.5  0.0
 0.0  0.875  0.125  0.0
 0.0  0.375  0.625  0.0
 0.375  0.625  0.0  0.0
 0.5  0.5  0.0  0.0
 0.25  0.0  0.625  0.125
 0.125  0.25  0.0  0.625
URL http://autosome.ru/DMMPMM/DMMPMM_18_MAR_RELEASE/comparison-DMMPMM/MED.html

MOTIF ovo
letter-probability matrix: alength= 4 w= 6 nsites= 13 E= 0
 0.0  1.0  0.0  0.0
 0.166666666666667  0.5  0.0  0.333333333333333
 0.0  0.0  1.0  0.0
 0.0416666666666667  0.0416666666666667  0.0  0.916666666666667
 0.0  0.0  0.0  1.0
 0.916666666666667  0.0  0.0833333333333333  0.0
URL http://autosome.ru/DMMPMM/DMMPMM_18_MAR_RELEASE/comparison-DMMPMM/OVO.html

MOTIF pan
letter-probability matrix: alength= 4 w= 6 nsites= 26 E= 0
 0.72  0.0  0.0  0.28
 0.2  0.16  0.0  0.64
 0.12  0.8  0.04  0.04
 0.8  0.0  0.0  0.2
 0.92  0.04  0.0  0.04
 0.92  0.0  0.0  0.08
URL http://autosome.ru/DMMPMM/DMMPMM_18_MAR_RELEASE/comparison-DMMPMM/PAN.html

MOTIF prd
letter-probability matrix: alength= 4 w= 8 nsites= 11 E= 0
 0.0  0.0  0.909090909090909  0.0909090909090909
 0.0  0.454545454545455  0.0  0.545454545454545
 0.0  0.0909090909090909  0.818181818181818  0.0909090909090909
 0.545454545454545  0.181818181818182  0.0909090909090909  0.181818181818182
 0.0909090909090909  0.272727272727273  0.0  0.636363636363636
 0.909090909090909  0.0909090909090909  0.0  0.0
 1.0  0.0  0.0  0.0
 0.272727272727273  0.181818181818182  0.0  0.545454545454545
URL http://autosome.ru/DMMPMM/DMMPMM_18_MAR_RELEASE/comparison-DMMPMM/PRD.html

MOTIF sd
letter-probability matrix: alength= 4 w= 12 nsites= 19 E= 0
 0.157894736842105  0.526315789473684  0.315789473684211  0.0
 0.421052631578947  0.210526315789474  0.368421052631579  0.0
 0.578947368421053  0.210526315789474  0.0  0.210526315789474
 0.842105263157895  0.0526315789473684  0.0526315789473684  0.0526315789473684
 0.0526315789473684  0.157894736842105  0.0  0.789473684210526
 0.157894736842105  0.0  0.157894736842105  0.684210526315789
 0.263157894736842  0.263157894736842  0.0  0.473684210526316
 0.0526315789473684  0.736842105263158  0.210526315789474  0.0
 0.526315789473684  0.105263157894737  0.0  0.368421052631579
 0.210526315789474  0.0526315789473684  0.0  0.736842105263158
 0.157894736842105  0.0  0.0  0.842105263157895
 0.0  0.210526315789474  0.368421052631579  0.421052631578947
URL http://autosome.ru/DMMPMM/DMMPMM_18_MAR_RELEASE/comparison-DMMPMM/SD.html

MOTIF slbo
letter-probability matrix: alength= 4 w= 10 nsites= 12 E= 0
 0.0833333333333333  0.0  0.0833333333333333  0.833333333333333
 0.0833333333333333  0.0  0.416666666666667  0.5
 0.0833333333333333  0.166666666666667  0.0  0.75
 0.0  0.0  0.916666666666667  0.0833333333333333
 0.0  0.416666666666667  0.25  0.333333333333333
 0.5  0.5  0.0  0.0
 1.0  0.0  0.0  0.0
 0.25  0.0833333333333333  0.0833333333333333  0.583333333333333
 0.0  0.583333333333333  0.166666666666667  0.25
 0.833333333333333  0.0  0.0  0.166666666666667
URL http://autosome.ru/DMMPMM/DMMPMM_18_MAR_RELEASE/comparison-DMMPMM/SLBO.html

MOTIF sna
letter-probability matrix: alength= 4 w= 9 nsites= 11 E= 0
 0.818181818181818  0.181818181818182  0.0  0.0
 0.363636363636364  0.0  0.363636363636364  0.272727272727273
 0.0  1.0  0.0  0.0
 0.909090909090909  0.0  0.0909090909090909  0.0
 0.363636363636364  0.0  0.545454545454545  0.0909090909090909
 0.0  0.0  1.0  0.0
 0.0  0.0  0.181818181818182  0.818181818181818
 0.272727272727273  0.0  0.454545454545455  0.272727272727273
 0.272727272727273  0.181818181818182  0.545454545454545  0.0
URL http://autosome.ru/DMMPMM/DMMPMM_18_MAR_RELEASE/comparison-DMMPMM/SNA.html

MOTIF tin
letter-probability matrix: alength= 4 w= 7 nsites= 11 E= 0
 0.0  1.0  0.0  0.0
 0.909090909090909  0.0909090909090909  0.0  0.0
 0.0  1.0  0.0  0.0
 0.0  0.0  0.0  1.0
 0.0  0.0  0.0  1.0
 0.181818181818182  0.0909090909090909  0.727272727272727  0.0
 0.909090909090909  0.0  0.0909090909090909  0.0
URL http://autosome.ru/DMMPMM/DMMPMM_18_MAR_RELEASE/comparison-DMMPMM/TIN.html

MOTIF tll
letter-probability matrix: alength= 4 w= 8 nsites= 37 E= 0
 0.702702702702703  0.027027027027027  0.162162162162162  0.108108108108108
 0.72972972972973  0.108108108108108  0.135135135135135  0.027027027027027
 0.72972972972973  0.0  0.243243243243243  0.027027027027027
 0.216216216216216  0.0  0.756756756756757  0.027027027027027
 0.0540540540540541  0.0540540540540541  0.027027027027027  0.864864864864865
 0.027027027027027  0.513513513513513  0.027027027027027  0.432432432432432
 0.810810810810811  0.027027027027027  0.162162162162162  0.0
 0.675675675675676  0.0810810810810811  0.135135135135135  0.108108108108108
URL http://autosome.ru/DMMPMM/DMMPMM_18_MAR_RELEASE/comparison-DMMPMM/TLL.html

MOTIF Trl
letter-probability matrix: alength= 4 w= 13 nsites= 77 E= 0
 0.12987012987013  0.12987012987013  0.0  0.74025974025974
 0.194805194805195  0.103896103896104  0.168831168831169  0.532467532467532
 0.051948051948052  0.246753246753247  0.311688311688312  0.38961038961039
 0.0  0.532467532467532  0.12987012987013  0.337662337662338
 0.0909090909090909  0.038961038961039  0.350649350649351  0.519480519480519
 0.0  0.935064935064935  0.0649350649350649  0.0
 0.051948051948052  0.0  0.142857142857143  0.805194805194805
 0.025974025974026  0.727272727272727  0.103896103896104  0.142857142857143
 0.0779220779220779  0.155844155844156  0.116883116883117  0.649350649350649
 0.168831168831169  0.727272727272727  0.012987012987013  0.0909090909090909
 0.116883116883117  0.207792207792208  0.0779220779220779  0.597402597402597
 0.051948051948052  0.61038961038961  0.116883116883117  0.220779220779221
 0.233766233766234  0.038961038961039  0.181818181818182  0.545454545454545
URL http://autosome.ru/DMMPMM/DMMPMM_18_MAR_RELEASE/comparison-DMMPMM/TRL.html

MOTIF ttk
letter-probability matrix: alength= 4 w= 7 nsites= 9 E= 0
 0.0  0.0  0.625  0.375
 0.375  0.0  0.625  0.0
 0.0  0.0  0.0  1.0
 0.0  1.0  0.0  0.0
 0.0  1.0  0.0  0.0
 0.0  0.125  0.0  0.875
 0.0  0.0  0.625  0.375
URL http://autosome.ru/DMMPMM/DMMPMM_18_MAR_RELEASE/comparison-DMMPMM/TTK.html

MOTIF twi
letter-probability matrix: alength= 4 w= 8 nsites= 16 E= 0
 0.666666666666667  0.333333333333333  0.0  0.0
 0.8  0.2  0.0  0.0
 0.0  1.0  0.0  0.0
 1.0  0.0  0.0  0.0
 0.0666666666666667  0.466666666666667  0.0666666666666667  0.4
 0.666666666666667  0.2  0.133333333333333  0.0
 0.0  0.2  0.0666666666666667  0.733333333333333
 0.0666666666666667  0.0  0.866666666666667  0.0666666666666667
URL http://autosome.ru/DMMPMM/DMMPMM_18_MAR_RELEASE/comparison-DMMPMM/TWI.html

MOTIF Ubx
letter-probability matrix: alength= 4 w= 6 nsites= 70 E= 0
 0.3  0.516666666666667  0.05  0.133333333333333
 0.6  0.25  0.05  0.1
 0.966666666666667  0.0333333333333333  0.0  0.0
 0.05  0.0  0.0  0.95
 0.0166666666666667  0.0666666666666667  0.0  0.916666666666667
 0.833333333333333  0.0333333333333333  0.0  0.133333333333333
URL http://autosome.ru/DMMPMM/DMMPMM_18_MAR_RELEASE/comparison-DMMPMM/UBX.html

MOTIF vvl
letter-probability matrix: alength= 4 w= 6 nsites= 13 E= 0
 0.0  0.0  0.0  1.0
 0.909090909090909  0.0909090909090909  0.0  0.0
 0.545454545454545  0.0  0.0  0.454545454545455
 0.0  0.0  0.363636363636364  0.636363636363636
 0.0909090909090909  0.636363636363636  0.0909090909090909  0.181818181818182
 1.0  0.0  0.0  0.0
URL http://autosome.ru/DMMPMM/DMMPMM_18_MAR_RELEASE/comparison-DMMPMM/VVL.html

MOTIF zen
letter-probability matrix: alength= 4 w= 6 nsites= 13 E= 0
 0.916666666666667  0.0416666666666667  0.0  0.0416666666666667
 0.916666666666667  0.0  0.0  0.0833333333333333
 0.0  0.0833333333333333  0.0  0.916666666666667
 0.666666666666667  0.0  0.0  0.333333333333333
 1.0  0.0  0.0  0.0
 1.0  0.0  0.0  0.0
URL http://autosome.ru/DMMPMM/DMMPMM_18_MAR_RELEASE/comparison-DMMPMM/ZEN.html

MOTIF z
letter-probability matrix: alength= 4 w= 6 nsites= 42 E= 0
 0.0487804878048781  0.170731707317073  0.0731707317073171  0.707317073170732
 0.0  0.0  1.0  0.0
 1.0  0.0  0.0  0.0
 0.0  0.0  1.0  0.0
 0.170731707317073  0.24390243902439  0.0  0.585365853658537
 0.024390243902439  0.121951219512195  0.731707317073171  0.121951219512195
URL http://autosome.ru/DMMPMM/DMMPMM_18_MAR_RELEASE/comparison-DMMPMM/Z.html

