MEME version 4.5.0
MEME ChIPMunk iDMMPMM version AUG-26-2009

ALPHABET= ACGT

strands: + -

Background letter frequencies (from
A 0.288 C 0.212 G 0.212 T 0.288

MOTIF abd-A
letter-probability matrix: alength= 4 w= 8 nsites= 64 E= 0
 0.218451749734889  0.0896076352067868  0.455991516436904  0.235949098621421
 0.0230646871686108  0.317338282078473  0.0691940615058324  0.590402969247084
 0.656680805938494  0.321580063626723  0.0108695652173913  0.0108695652173913
 0.898197242841994  0.0461293743372216  0.0217391304347826  0.0339342523860021
 0.040694591728526  0.0502386002120891  0.0284994697773065  0.880567338282079
 0.132953340402969  0.040694591728526  0.0284994697773065  0.797852598091198
 0.74907211028632  0.0284994697773065  0.016304347826087  0.206124072110286
 0.628313891834571  0.0339342523860021  0.160127253446448  0.17762460233298
URL http://autosome.ru/iDMMPMM/iDMMPMM_26_AUG_RELEASE/idmmpmm_html/ABD_A.html

MOTIF Abd-B
letter-probability matrix: alength= 4 w= 10 nsites= 28 E= 0
 0.148809523809524  0.101190476190476  0.315476190476191  0.43452380952381
 0.172619047619048  0.125  0.505952380952381  0.196428571428571
 0.196428571428571  0.0297619047619048  0.0535714285714286  0.720238095238095
 0.0297619047619048  0.00595238095238095  0.0773809523809524  0.886904761904762
 0.0  0.0  0.0  1.0
 0.0952380952380952  0.0714285714285714  0.0  0.833333333333333
 1.0  0.0  0.0  0.0
 0.0  0.142857142857143  0.0  0.857142857142857
 0.0714285714285714  0.0  0.619047619047619  0.30952380952381
 0.666666666666667  0.0  0.19047619047619  0.142857142857143
URL http://autosome.ru/iDMMPMM/iDMMPMM_26_AUG_RELEASE/idmmpmm_html/ABD_B.html

MOTIF Antp
letter-probability matrix: alength= 4 w= 9 nsites= 31 E= 0
 0.0723684210526316  0.0986842105263158  0.151315789473684  0.677631578947368
 0.00657894736842105  0.206140350877193  0.142543859649123  0.644736842105263
 0.199561403508772  0.00657894736842105  0.0899122807017544  0.703947368421053
 0.125  0.0  0.0  0.875
 0.68859649122807  0.00657894736842105  0.0899122807017544  0.214912280701754
 0.980263157894737  0.00657894736842105  0.00657894736842105  0.00657894736842105
 0.00657894736842105  0.00657894736842105  0.0482456140350877  0.938596491228071
 0.00657894736842105  0.00657894736842105  0.368421052631579  0.618421052631579
 0.844298245614035  0.00657894736842105  0.142543859649123  0.00657894736842105
URL http://autosome.ru/iDMMPMM/iDMMPMM_26_AUG_RELEASE/idmmpmm_html/ANTP.html

MOTIF bab1
letter-probability matrix: alength= 4 w= 14 nsites= 33 E= 0
 0.703703703703704  0.166666666666667  0.0925925925925926  0.037037037037037
 0.0462962962962963  0.101851851851852  0.0277777777777778  0.824074074074074
 0.481481481481481  0.111111111111111  0.185185185185185  0.222222222222222
 0.111111111111111  0.0555555555555556  0.101851851851852  0.731481481481481
 0.601851851851852  0.0  0.0185185185185185  0.37962962962963
 0.194444444444444  0.037037037037037  0.0  0.768518518518518
 0.87037037037037  0.0185185185185185  0.0  0.111111111111111
 0.0  0.0  0.0555555555555556  0.944444444444444
 0.398148148148148  0.0555555555555556  0.0185185185185185  0.527777777777778
 0.685185185185185  0.0  0.203703703703704  0.111111111111111
 0.0185185185185185  0.0555555555555556  0.0  0.925925925925926
 0.490740740740741  0.037037037037037  0.0  0.472222222222222
 0.50462962962963  0.0231481481481482  0.291666666666667  0.180555555555556
 0.148148148148148  0.0277777777777778  0.101851851851852  0.722222222222222
URL http://autosome.ru/iDMMPMM/iDMMPMM_26_AUG_RELEASE/idmmpmm_html/BAB1.html

MOTIF bcd
letter-probability matrix: alength= 4 w= 7 nsites= 328 E= 0
 0.248310220852594  0.0295326142783771  0.691374550590652  0.0307826142783771
 0.0744716230097588  0.0188912429378532  0.884479648176681  0.0221574858757063
 0.727597265023112  0.241971302003082  0.00741525423728816  0.0230161787365178
 0.00635593220338985  0.00635593220338985  0.00635593220338985  0.98093220338983
 0.020809257832563  0.00423728813559323  0.00423728813559323  0.97071616589625
 0.81349191063174  0.0105049435028249  0.0521234591679508  0.123879686697484
 0.322622303543914  0.0839031201849001  0.493190806368772  0.100283769902414
URL http://autosome.ru/iDMMPMM/iDMMPMM_26_AUG_RELEASE/idmmpmm_html/BCD.html

MOTIF brk
letter-probability matrix: alength= 4 w= 14 nsites= 22 E= 0
 0.0916666666666666  0.166666666666667  0.383333333333333  0.358333333333333
 0.183333333333333  0.291666666666667  0.0833333333333333  0.441666666666667
 0.575  0.05  0.375  0.0
 0.258333333333333  0.0  0.691666666666666  0.05
 0.0  0.95  0.0  0.05
 0.0  0.0  1.0  0.0
 0.0  1.0  0.0  0.0
 0.0  1.0  0.0  0.0
 0.716666666666666  0.183333333333333  0.1  0.0
 0.0  0.491666666666667  0.333333333333333  0.175
 0.0708333333333333  0.379166666666667  0.345833333333333  0.204166666666667
 0.354166666666667  0.379166666666667  0.0208333333333333  0.245833333333333
 0.489583333333333  0.214583333333333  0.172916666666667  0.122916666666667
 0.358333333333333  0.233333333333333  0.316666666666667  0.0916666666666666
URL http://autosome.ru/iDMMPMM/iDMMPMM_26_AUG_RELEASE/idmmpmm_html/BRK.html

MOTIF cad
letter-probability matrix: alength= 4 w= 10 nsites= 156 E= 0
 0.223279666070364  0.206827668455575  0.0854859868813357  0.484406678592726
 0.0822898032200358  0.0232558139534884  0.0232558139534884  0.871198568872986
 0.0908944543828264  0.00968992248062015  0.0353309481216458  0.864084675014906
 0.149576624925462  0.0609719737626714  0.0174418604651163  0.772009540846747
 0.805998807394154  0.00968992248062015  0.0687239117471675  0.115587358378056
 0.00968992248062015  0.00968992248062015  0.00968992248062015  0.97093023255814
 0.130954084675015  0.00968992248062015  0.524448419797257  0.334907573047108
 0.541347644603458  0.00914728682170542  0.443691115086464  0.00581395348837209
 0.0401550387596899  0.401401311866429  0.24799045915325  0.310453190220632
 0.0897674418604651  0.440339892665475  0.0975193798449612  0.3723732856291
URL http://autosome.ru/iDMMPMM/iDMMPMM_26_AUG_RELEASE/idmmpmm_html/CAD.html

MOTIF Dfd
letter-probability matrix: alength= 4 w= 8 nsites= 40 E= 0
 0.119791666666667  0.151041666666667  0.078125  0.651041666666667
 0.03125  0.0  0.0  0.96875
 1.0  0.0  0.0  0.0
 0.96875  0.03125  0.0  0.0
 0.0  0.0  0.0  1.0
 0.0520833333333333  0.0  0.583333333333333  0.364583333333333
 0.6875  0.0  0.25  0.0625
 0.119791666666667  0.359375  0.192708333333333  0.328125
URL http://autosome.ru/iDMMPMM/iDMMPMM_26_AUG_RELEASE/idmmpmm_html/DFD.html

MOTIF dl
letter-probability matrix: alength= 4 w= 11 nsites= 203 E= 0
 0.0597368421052632  0.228132832080201  0.374605263157895  0.337525062656642
 0.165213032581454  0.0807205513784462  0.623220551378446  0.130845864661654
 0.0928383458646617  0.0183646616541353  0.866353383458646  0.0224436090225564
 0.3846992481203  0.0727443609022557  0.416503759398496  0.126052631578947
 0.399956140350877  0.00178571428571429  0.00836466165413534  0.589893483709272
 0.00178571428571429  0.0216979949874687  0.00178571428571429  0.974730576441102
 0.0553320802005013  0.00178571428571429  0.0183646616541353  0.924517543859648
 0.0101190476190476  0.426804511278195  0.00836466165413534  0.554711779448619
 0.0332769423558898  0.907938596491227  0.00178571428571429  0.056998746867168
 0.00178571428571429  0.750751879699248  0.166948621553885  0.0805137844611529
 0.234987468671679  0.555238095238095  0.105363408521303  0.104411027568922
URL http://autosome.ru/iDMMPMM/iDMMPMM_26_AUG_RELEASE/idmmpmm_html/DL.html

MOTIF D
letter-probability matrix: alength= 4 w= 10 nsites= 134 E= 0
 0.187647058823529  0.0991176470588234  0.401470588235294  0.311764705882353
 0.0247058823529411  0.212647058823529  0.287352941176471  0.475294117647059
 0.0  0.766764705882353  0.0497058823529411  0.183529411764706
 0.0888235294117646  0.584705882352941  0.00499999999999999  0.321470588235294
 0.67235294117647  0.0  0.0  0.32764705882353
 0.0  0.0588235294117646  0.0  0.941176470588235
 0.0  0.0  0.0441176470588235  0.955882352941176
 0.0  0.0  0.999999999999999  0.0
 0.0  0.0  0.0  0.999999999999999
 0.0197058823529412  0.27764705882353  0.0841176470588234  0.618529411764706
URL http://autosome.ru/iDMMPMM/iDMMPMM_26_AUG_RELEASE/idmmpmm_html/D.html

MOTIF Eip74EF
letter-probability matrix: alength= 4 w= 11 nsites= 25 E= 0
 0.588235294117647  0.169117647058824  0.136029411764706  0.106617647058824
 0.643382352941177  0.0698529411764706  0.0661764705882353  0.220588235294118
 0.308823529411765  0.330882352941177  0.0588235294117647  0.301470588235294
 0.246323529411765  0.665441176470588  0.0588235294117647  0.0294117647058824
 0.522058823529412  0.477941176470588  0.0  0.0
 0.0625  0.0  0.9375  0.0
 0.0  0.0625  0.9375  0.0
 1.0  0.0  0.0  0.0
 1.0  0.0  0.0  0.0
 0.209558823529412  0.0294117647058824  0.606617647058824  0.154411764705882
 0.106617647058824  0.136029411764706  0.0441176470588235  0.713235294117647
URL http://autosome.ru/iDMMPMM/iDMMPMM_26_AUG_RELEASE/idmmpmm_html/EIP74EF.html

MOTIF ems
letter-probability matrix: alength= 4 w= 7 nsites= 25 E= 0
 0.223484848484849  0.147727272727273  0.0340909090909091  0.59469696969697
 0.00568181818181818  0.0284090909090909  0.00568181818181818  0.960227272727273
 0.53030303030303  0.0227272727272727  0.0  0.446969696969697
 0.954545454545455  0.0227272727272727  0.0227272727272727  0.0
 0.0  0.0  0.0  1.0
 0.0  0.0227272727272727  0.795454545454546  0.181818181818182
 0.772727272727273  0.0  0.181818181818182  0.0454545454545455
URL http://autosome.ru/iDMMPMM/iDMMPMM_26_AUG_RELEASE/idmmpmm_html/EMS.html

MOTIF en
letter-probability matrix: alength= 4 w= 8 nsites= 191 E= 0
 0.21878234989648  0.165210921325052  0.0767016045548654  0.539305124223602
 0.0677083333333334  0.0111607142857143  0.0111607142857143  0.909970238095237
 0.842261904761904  0.0297619047619048  0.107142857142857  0.0208333333333333
 0.982886904761904  0.00967261904761905  0.0037202380952381  0.0037202380952381
 0.00967261904761905  0.0037202380952381  0.021577380952381  0.965029761904761
 0.0171130952380952  0.0171130952380952  0.0758605072463768  0.889913302277432
 0.520251035196687  0.0252976190476191  0.387487060041408  0.0669642857142858
 0.172360248447205  0.249741200828157  0.434135610766045  0.143762939958592
URL http://autosome.ru/iDMMPMM/iDMMPMM_26_AUG_RELEASE/idmmpmm_html/EN.html

MOTIF eve
letter-probability matrix: alength= 4 w= 9 nsites= 43 E= 0
 0.220652173913043  0.295652173913043  0.00543478260869565  0.478260869565217
 0.417391304347826  0.485869565217391  0.0967391304347826  0.0
 0.881521739130435  0.0  0.118478260869565  0.0
 0.0  0.0  0.0  1.0
 0.118478260869565  0.0  0.0  0.881521739130435
 0.95  0.025  0.0  0.025
 0.465217391304348  0.066304347826087  0.26195652173913  0.206521739130435
 0.418478260869565  0.390217391304348  0.109782608695652  0.0815217391304348
 0.440217391304348  0.171739130434783  0.231521739130435  0.156521739130435
URL http://autosome.ru/iDMMPMM/iDMMPMM_26_AUG_RELEASE/idmmpmm_html/EVE.html

MOTIF fkh
letter-probability matrix: alength= 4 w= 12 nsites= 37 E= 0
 0.0833333333333333  0.722222222222222  0.0694444444444444  0.125
 0.114583333333333  0.0451388888888889  0.0451388888888889  0.795138888888889
 0.0729166666666667  0.0173611111111111  0.03125  0.878472222222222
 0.232638888888889  0.0520833333333333  0.177083333333333  0.538194444444445
 0.121527777777778  0.0798611111111111  0.121527777777778  0.677083333333333
 0.118055555555556  0.0347222222222222  0.784722222222222  0.0625
 0.0416666666666667  0.25  0.0138888888888889  0.694444444444445
 0.916666666666667  0.0277777777777778  0.0138888888888889  0.0416666666666667
 0.930555555555556  0.0277777777777778  0.0138888888888889  0.0277777777777778
 0.916666666666667  0.0416666666666667  0.0277777777777778  0.0138888888888889
 0.0243055555555556  0.357638888888889  0.0104166666666667  0.607638888888889
 0.940972222222222  0.0104166666666667  0.0104166666666667  0.0381944444444444
URL http://autosome.ru/iDMMPMM/iDMMPMM_26_AUG_RELEASE/idmmpmm_html/FKH.html

MOTIF ftz
letter-probability matrix: alength= 4 w= 9 nsites= 209 E= 0
 0.176699134199134  0.143300865800866  0.406872294372294  0.273127705627706
 0.233555194805195  0.199713203463204  0.426001082251081  0.14073051948052
 0.0456439393939394  0.411780303030302  0.0356439393939394  0.506931818181818
 0.368176406926406  0.595297619047618  0.00662878787878788  0.0298971861471862
 0.953939393939398  0.0309090909090909  0.00568181818181818  0.00946969696969697
 0.00568181818181818  0.00568181818181818  0.00568181818181818  0.982954545454549
 0.158014069264069  0.0236742424242424  0.00852272727272728  0.809788961038965
 0.892402597402602  0.0132575757575758  0.00946969696969697  0.0848701298701299
 0.652467532467532  0.0289502164502165  0.228636363636364  0.0899458874458875
URL http://autosome.ru/iDMMPMM/iDMMPMM_26_AUG_RELEASE/idmmpmm_html/FTZ.html

MOTIF gt
letter-probability matrix: alength= 4 w= 12 nsites= 143 E= 0
 0.718333333333336  0.0176190476190476  0.252619047619047  0.0114285714285714
 0.291666666666666  0.0180952380952381  0.00476190476190475  0.685476190476192
 0.193333333333333  0.0497619047619047  0.163333333333333  0.593571428571429
 0.812857142857145  0.0830952380952379  0.0892857142857141  0.0147619047619047
 0.135714285714285  0.618809523809525  0.0385714285714285  0.206904761904761
 0.192142857142857  0.0707142857142856  0.734761904761906  0.00238095238095238
 0.0714285714285713  0.385238095238094  0.00238095238095238  0.540952380952381
 0.974285714285715  0.0128571428571428  0.0  0.0128571428571428
 0.945000000000001  0.0483333333333332  0.00666666666666665  0.0
 0.283095238095238  0.25547619047619  0.090238095238095  0.371190476190475
 0.872380952380955  0.0923809523809522  0.0176190476190476  0.0176190476190476
 0.589285714285715  0.170952380952381  0.077142857142857  0.162619047619047
URL http://autosome.ru/iDMMPMM/iDMMPMM_26_AUG_RELEASE/idmmpmm_html/GT.html

MOTIF hb
letter-probability matrix: alength= 4 w= 10 nsites= 337 E= 0
 0.383365695792881  0.386808490386446  0.184821054635446  0.0450047591852275
 0.372396725680564  0.159720159908624  0.330118979630688  0.137764134780126
 0.00901960784313725  0.479740148486579  0.140304587854559  0.370935655815725
 0.923326670474017  0.00980392156862745  0.0570654863887302  0.00980392156862745
 0.954311821816107  0.00980392156862745  0.00980392156862745  0.02608033504664
 0.950881401104133  0.0114705882352941  0.00980392156862745  0.0278440890919475
 0.941364934323246  0.0163735008566533  0.0227489053873977  0.0195126594327051
 0.955976584808683  0.01304016752332  0.0162764134780126  0.0147068341899867
 0.866541976013708  0.0211802779364173  0.0390281743765467  0.0732495716733295
 0.467876451551494  0.322872644203313  0.12050732914525  0.0887435750999429
URL http://autosome.ru/iDMMPMM/iDMMPMM_26_AUG_RELEASE/idmmpmm_html/HB.html

MOTIF hkb
letter-probability matrix: alength= 4 w= 10 nsites= 341 E= 0
 0.356837606837607  0.0469230769230768  0.530427350427351  0.0658119658119656
 0.0996581196581192  0.0273504273504272  0.413418803418803  0.45957264957265
 0.153589743589743  0.0141025641025641  0.822649572649569  0.00965811965811962
 0.0129914529914529  0.00965811965811962  0.959914529914516  0.0174358974358974
 0.0129059829059829  0.014017094017094  0.962393162393149  0.0106837606837606
 0.0329059829059828  0.92051282051281  0.0203418803418803  0.0262393162393161
 0.0187179487179487  0.00982905982905979  0.959401709401696  0.012051282051282
 0.00324786324786324  0.00658119658119656  0.121196581196581  0.868974358974351
 0.00880341880341877  0.0173504273504273  0.520512820512822  0.453333333333333
 0.542564102564103  0.0422222222222221  0.313333333333334  0.101880341880341
URL http://autosome.ru/iDMMPMM/iDMMPMM_26_AUG_RELEASE/idmmpmm_html/HKB.html

MOTIF h
letter-probability matrix: alength= 4 w= 10 nsites= 267 E= 0
 0.0878449328449332  0.161141636141636  0.696105006105005  0.0549084249084251
 0.234029304029305  0.212246642246643  0.500097680097684  0.0536263736263738
 0.0324725274725276  0.910915750915748  0.0291391941391942  0.0274725274725276
 0.910738705738703  0.0276251526251527  0.0244078144078145  0.0372283272283273
 0.0332478632478634  0.919462759462757  0.0253113553113554  0.0219780219780221
 0.0660683760683763  0.02991452991453  0.87203907203907  0.0319780219780221
 0.0269780219780221  0.736043956043955  0.0381318681318683  0.198846153846154
 0.0524175824175826  0.0652380952380954  0.796349206349204  0.0859951159951163
 0.250238095238096  0.502039072039076  0.0995543345543349  0.148168498168499
 0.128669108669109  0.634096459096461  0.118797313797314  0.118437118437119
URL http://autosome.ru/iDMMPMM/iDMMPMM_26_AUG_RELEASE/idmmpmm_html/H.html

MOTIF kni
letter-probability matrix: alength= 4 w= 13 nsites= 262 E= 0
 0.457305816788576  0.142502612330199  0.274902473005921  0.125289097875305
 0.697753396029259  0.0456757227446883  0.102574016022292  0.153996865203762
 0.946062347614072  0.0189080459770115  0.0175148032044584  0.0175148032044584
 0.710412748171369  0.0175148032044584  0.00574712643678161  0.266325322187391
 0.242359804946012  0.330033089515848  0.161884360849878  0.265722744688262
 0.0894845001741554  0.095158481365378  0.176382793451759  0.638974225008708
 0.643958551027517  0.0817119470567747  0.268122605363985  0.00620689655172414
 0.0915099268547545  0.043075583420411  0.862540926506444  0.0028735632183908
 0.701920933472658  0.0179745733194009  0.190332636711947  0.0897718564959945
 0.198812260536399  0.121093695576454  0.480334378265413  0.199759665621735
 0.0329745733194009  0.907814350400557  0.0028735632183908  0.056337513061651
 0.77513758272379  0.0264089167537443  0.153610240334378  0.0448432601880878
 0.425222918843609  0.268178335074887  0.247201323580634  0.0593974225008708
URL http://autosome.ru/iDMMPMM/iDMMPMM_26_AUG_RELEASE/idmmpmm_html/KNI.html

MOTIF Kr
letter-probability matrix: alength= 4 w= 11 nsites= 279 E= 0
 0.186906318082789  0.145043572984749  0.103006535947712  0.565043572984749
 0.658104575163399  0.106252723311547  0.064433551198257  0.171209150326797
 0.812309368191721  0.107723311546841  0.0212745098039215  0.0586928104575163
 0.00907407407407406  0.810032679738562  0.0288888888888888  0.152004357298475
 0.0364814814814814  0.813572984749456  0.0  0.149945533769063
 0.0446296296296296  0.955370370370368  0.0  0.0
 0.0875816993464051  0.125468409586057  0.16363834422658  0.623311546840959
 0.0396187363834422  0.0074074074074074  0.037037037037037  0.915936819172114
 0.0  0.101971677559913  0.0  0.898028322440087
 0.109193899782135  0.305054466230937  0.147734204793028  0.4380174291939
 0.288605664488018  0.187145969498911  0.376492374727669  0.147755991285403
URL http://autosome.ru/iDMMPMM/iDMMPMM_26_AUG_RELEASE/idmmpmm_html/KR.html

MOTIF Mad
letter-probability matrix: alength= 4 w= 14 nsites= 119 E= 0
 0.0913157894736843  0.0676315789473685  0.529210526315789  0.311842105263158
 0.0  0.773421052631579  0.0  0.226578947368421
 0.112631578947369  0.362894736842105  0.145263157894737  0.379210526315789
 0.191578947368421  0.0  0.808421052631579  0.0
 0.123947368421053  0.541842105263158  0.292894736842105  0.0413157894736842
 0.195263157894737  0.528157894736842  0.0  0.276578947368421
 0.0  0.0  0.861052631578947  0.138947368421053
 0.0826315789473685  0.06  0.444210526315789  0.413157894736842
 0.01  0.923684210526316  0.0  0.0663157894736842
 0.108947368421053  0.0  0.70578947368421  0.185263157894737
 0.143947368421053  0.739736842105263  0.116315789473684  0.0
 0.117631578947369  0.341578947368421  0.449473684210526  0.0913157894736843
 0.138947368421053  0.252894736842105  0.366578947368421  0.241578947368421
 0.0413157894736842  0.753421052631579  0.147631578947369  0.0576315789473685
URL http://autosome.ru/iDMMPMM/iDMMPMM_26_AUG_RELEASE/idmmpmm_html/MAD.html

MOTIF Med
letter-probability matrix: alength= 4 w= 11 nsites= 108 E= 0
 0.575  0.145  0.275  0.005
 0.525  0.0  0.475  0.0
 0.235  0.760000000000002  0.0  0.005
 0.922500000000004  0.0775000000000001  0.0  0.0
 0.015  0.0  0.985000000000005  0.0
 0.3175  0.03  0.647500000000001  0.005
 0.0  0.395  0.225  0.38
 0.44  0.0975000000000001  0.4625  0.0
 0.48  0.3175  0.2025  0.0
 0.687500000000001  0.1075  0.205  0.0
 0.6125  0.0  0.245  0.1425
URL http://autosome.ru/iDMMPMM/iDMMPMM_26_AUG_RELEASE/idmmpmm_html/MED.html

MOTIF nub
letter-probability matrix: alength= 4 w= 11 nsites= 36 E= 0
 0.515625  0.15625  0.140625  0.1875
 0.015625  0.40625  0.0  0.578125
 0.0  0.140625  0.0  0.859375
 0.09375  0.0  0.0  0.90625
 0.265625  0.015625  0.71875  0.0
 0.0625  0.671875  0.140625  0.125
 1.0  0.0  0.0  0.0
 0.0  0.0  0.0  1.0
 0.78125  0.015625  0.15625  0.046875
 0.37890625  0.22265625  0.01953125  0.37890625
 0.1953125  0.1953125  0.1640625  0.4453125
URL http://autosome.ru/iDMMPMM/iDMMPMM_26_AUG_RELEASE/idmmpmm_html/NUB.html

MOTIF oc
letter-probability matrix: alength= 4 w= 8 nsites= 49 E= 0
 0.186237373737374  0.371422558922559  0.315867003367003  0.126473063973064
 0.0397727272727273  0.0582912457912458  0.847853535353536  0.0540824915824916
 0.0  0.0227272727272727  0.977272727272729  0.0
 0.861952861952863  0.138047138047138  0.0  0.0
 0.0  0.0  0.0  1.0
 0.0  0.0  0.0  1.0
 1.0  0.0  0.0  0.0
 0.383838383838384  0.0412457912457912  0.387205387205387  0.187710437710438
URL http://autosome.ru/iDMMPMM/iDMMPMM_26_AUG_RELEASE/idmmpmm_html/OC.html

MOTIF ovo
letter-probability matrix: alength= 4 w= 13 nsites= 33 E= 0
 0.464285714285714  0.0892857142857143  0.136904761904762  0.30952380952381
 0.0  1.0  0.0  0.0
 0.220238095238095  0.238095238095238  0.160714285714286  0.380952380952381
 0.0  0.0  1.0  0.0
 0.0  0.0  0.0  1.0
 0.0  0.0  0.0  1.0
 0.75  0.0892857142857143  0.0654761904761905  0.0952380952380952
 0.196428571428571  0.642857142857143  0.136904761904762  0.0238095238095238
 0.392857142857143  0.0  0.160714285714286  0.446428571428571
 0.25  0.130952380952381  0.208333333333333  0.410714285714286
 0.208333333333333  0.136904761904762  0.226190476190476  0.428571428571428
 0.279761904761905  0.125  0.148809523809524  0.446428571428571
 0.458333333333333  0.279761904761905  0.178571428571429  0.0833333333333333
URL http://autosome.ru/iDMMPMM/iDMMPMM_26_AUG_RELEASE/idmmpmm_html/OVO.html

MOTIF prd
letter-probability matrix: alength= 4 w= 14 nsites= 347 E= 0
 0.244395304395306  0.394004914004917  0.0939339339339345  0.26766584766585
 0.318119028119031  0.546415506415505  0.0781681681681686  0.0572972972972976
 0.517130767130767  0.226371826371828  0.188176358176359  0.0683210483210487
 0.456014196014198  0.174870324870326  0.156044226044227  0.213071253071254
 0.107630357630358  0.0976303576303582  0.146822276822277  0.647917007917005
 0.17941031941032  0.291659841659844  0.087510237510238  0.441419601419604
 0.271059241059243  0.323882063882067  0.0738738738738743  0.331184821184824
 0.0168468468468469  0.0326426426426428  0.659565929565927  0.290944580944584
 0.245023205023207  0.1093720993721  0.0357357357357359  0.609868959868959
 0.236139776139778  0.715722085722083  0.00450450450450453  0.0436336336336339
 0.862003822003818  0.117755937755938  0.00450450450450453  0.0157357357357358
 0.0100600600600601  0.825457275457272  0.008948948948949  0.155533715533716
 0.151209391209392  0.00783783783783788  0.836448266448263  0.00450450450450453
 0.00450450450450453  0.644583674583672  0.345296205296208  0.00561561561561565
URL http://autosome.ru/iDMMPMM/iDMMPMM_26_AUG_RELEASE/idmmpmm_html/PRD.html

MOTIF shn
letter-probability matrix: alength= 4 w= 14 nsites= 201 E= 0
 0.827499999999999  0.0650000000000002  0.0550000000000002  0.0525000000000002
 0.485  0.407500000000001  0.0625000000000002  0.0450000000000001
 0.0525000000000002  0.505  0.440000000000001  0.00250000000000001
 0.12  0.837499999999999  0.0400000000000001  0.00250000000000001
 0.864999999999999  0.0400000000000001  0.0900000000000003  0.00500000000000001
 0.5575  0.00250000000000001  0.407500000000001  0.0325000000000001
 0.1025  0.00250000000000001  0.525  0.370000000000001
 0.51  0.412500000000001  0.0775000000000003  0.0
 0.5875  0.0825000000000003  0.0200000000000001  0.310000000000001
 0.942499999999999  0.015  0.0350000000000001  0.00750000000000002
 0.979999999999998  0.0175  0.0  0.00250000000000001
 0.235000000000001  0.0175  0.0450000000000001  0.7025
 0.12  0.7775  0.0800000000000003  0.0225000000000001
 0.839999999999999  0.1075  0.0375000000000001  0.015
URL http://autosome.ru/iDMMPMM/iDMMPMM_26_AUG_RELEASE/idmmpmm_html/SHN.html

MOTIF slp1
letter-probability matrix: alength= 4 w= 13 nsites= 143 E= 0
 0.0769841269841268  0.199206349206349  0.537142857142857  0.186666666666666
 0.0863492063492061  0.152698412698412  0.593650793650794  0.167301587301587
 0.14515873015873  0.119603174603174  0.0616666666666665  0.67357142857143
 0.0996031746031743  0.0324603174603174  0.557698412698413  0.310238095238094
 0.00865079365079363  0.00865079365079363  0.00198412698412698  0.980714285714285
 0.0624603174603173  0.0053174603174603  0.886904761904763  0.0453174603174602
 0.00396825396825396  0.00730158730158728  0.0185714285714285  0.970158730158731
 0.00198412698412698  0.0053174603174603  0.0245238095238095  0.968174603174603
 0.00198412698412698  0.0053174603174603  0.437857142857142  0.55484126984127
 0.752936507936509  0.00198412698412698  0.0603968253968252  0.184682539682539
 0.0199206349206349  0.775793650793652  0.0549999999999999  0.149285714285714
 0.726111111111113  0.0942063492063489  0.153095238095238  0.0265873015873015
 0.117063492063492  0.161825396825396  0.0357936507936507  0.685317460317461
URL http://autosome.ru/iDMMPMM/iDMMPMM_26_AUG_RELEASE/idmmpmm_html/SLP1.html

MOTIF sna
letter-probability matrix: alength= 4 w= 9 nsites= 251 E= 0
 0.194583333333334  0.382007575757576  0.321856060606061  0.10155303030303
 0.254848484848485  0.623181818181815  0.0  0.121969696969697
 0.969696969696961  0.0303030303030303  0.0  0.0
 0.0  0.949696969696961  0.0  0.0503030303030302
 0.0590530303030302  0.732234848484843  0.00208333333333333  0.206628787878788
 0.00208333333333333  0.00208333333333333  0.0323863636363636  0.963446969696961
 0.00208333333333333  0.00208333333333333  0.993749999999991  0.00208333333333333
 0.0715530303030302  0.359734848484849  0.00624999999999999  0.56246212121212
 0.0333333333333333  0.242272727272728  0.157272727272727  0.567121212121212
URL http://autosome.ru/iDMMPMM/iDMMPMM_26_AUG_RELEASE/idmmpmm_html/SNA.html

MOTIF srp
letter-probability matrix: alength= 4 w= 9 nsites= 36 E= 0
 0.046875  0.0625  0.5  0.390625
 0.21875  0.59375  0.0  0.1875
 0.0  0.0  1.0  0.0
 1.0  0.0  0.0  0.0
 0.125  0.0  0.0  0.875
 1.0  0.0  0.0  0.0
 0.734375  0.0  0.265625  0.0
 0.0  0.296875  0.40625  0.296875
 0.484375  0.171875  0.328125  0.015625
URL http://autosome.ru/iDMMPMM/iDMMPMM_26_AUG_RELEASE/idmmpmm_html/SRP.html

MOTIF tll
letter-probability matrix: alength= 4 w= 10 nsites= 171 E= 0
 0.581934287228404  0.202639109697934  0.101918388977213  0.11350821409645
 0.708622151563327  0.0123423423423424  0.174621091679916  0.104414414414415
 0.863439321674615  0.0748489666136726  0.0617117117117118  0.0
 0.871849496555378  0.0666348701642821  0.0615156332803393  0.0
 0.0858399576046636  0.00900900900900903  0.871457339692633  0.0336936936936938
 0.0313513513513514  0.181679915209327  0.0256756756756757  0.761293057763646
 0.0  0.865225225225224  0.0  0.134774774774775
 0.929279279279278  0.00900900900900903  0.0313513513513514  0.0303603603603604
 0.814626391096978  0.0  0.140885002649709  0.0444886062533122
 0.50295707472178  0.23344462109168  0.117986221515634  0.145612082670906
URL http://autosome.ru/iDMMPMM/iDMMPMM_26_AUG_RELEASE/idmmpmm_html/TLL.html

MOTIF ttk
letter-probability matrix: alength= 4 w= 10 nsites= 30 E= 0
 0.545454545454545  0.130681818181818  0.238636363636364  0.0852272727272727
 0.25  0.0625  0.0625  0.625
 0.0227272727272727  0.0  0.3125  0.664772727272727
 0.573863636363636  0.0  0.426136363636364  0.0
 0.0  0.0  0.0  1.0
 0.0  1.0  0.0  0.0
 0.0  1.0  0.0  0.0
 0.0  0.0625  0.0  0.9375
 0.0227272727272727  0.0681818181818182  0.494318181818182  0.414772727272727
 0.0738636363636364  0.306818181818182  0.426136363636364  0.193181818181818
URL http://autosome.ru/iDMMPMM/iDMMPMM_26_AUG_RELEASE/idmmpmm_html/TTK.html

MOTIF twi
letter-probability matrix: alength= 4 w= 12 nsites= 214 E= 0
 0.185000000000001  0.361666666666668  0.118333333333334  0.335000000000001
 0.0  0.415  0.205000000000001  0.380000000000001
 0.270833333333335  0.350833333333334  0.343333333333334  0.0350000000000001
 0.316666666666668  0.197500000000001  0.4425  0.0433333333333335
 0.0  0.999999999999998  0.0  0.0
 0.879999999999998  0.0333333333333334  0.086666666666667  0.0
 0.0  0.345000000000001  0.221666666666668  0.433333333333333
 0.632499999999999  0.181666666666668  0.142500000000001  0.0433333333333335
 0.0  0.0383333333333335  0.0  0.961666666666665
 0.0458333333333335  0.0  0.905833333333331  0.0483333333333335
 0.0383333333333335  0.00500000000000002  0.161666666666667  0.794999999999999
 0.0683333333333335  0.110833333333334  0.0858333333333337  0.734999999999999
URL http://autosome.ru/iDMMPMM/iDMMPMM_26_AUG_RELEASE/idmmpmm_html/TWI.html

MOTIF Ubx
letter-probability matrix: alength= 4 w= 7 nsites= 168 E= 0
 0.11010101010101  0.407575757575757  0.0525252525252526  0.42979797979798
 0.524873737373738  0.381186868686868  0.0395202020202021  0.054419191919192
 0.97159090909091  0.00946969696969698  0.0132575757575758  0.00568181818181819
 0.00568181818181819  0.00946969696969698  0.00568181818181819  0.979166666666668
 0.183522727272727  0.027209595959596  0.00852272727272728  0.78074494949495
 0.876515151515152  0.0373737373737374  0.0151515151515152  0.070959595959596
 0.723295454545456  0.0515782828282829  0.123042929292929  0.102083333333333
URL http://autosome.ru/iDMMPMM/iDMMPMM_26_AUG_RELEASE/idmmpmm_html/UBX.html

MOTIF usp
letter-probability matrix: alength= 4 w= 9 nsites= 39 E= 0
 0.0394736842105263  0.789473684210526  0.131578947368421  0.0394736842105263
 0.069078947368421  0.0296052631578947  0.832236842105263  0.069078947368421
 0.00328947368421053  0.0164473684210526  0.00328947368421053  0.976973684210527
 0.00328947368421053  0.00328947368421053  0.990131578947369  0.00328947368421053
 0.976973684210527  0.00328947368421053  0.0164473684210526  0.00328947368421053
 0.00328947368421053  0.990131578947369  0.00328947368421053  0.00328947368421053
 0.00328947368421053  0.990131578947369  0.00328947368421053  0.00328947368421053
 0.00328947368421053  0.476973684210526  0.00328947368421053  0.516447368421052
 0.50328947368421  0.476973684210526  0.0164473684210526  0.00328947368421053
URL http://autosome.ru/iDMMPMM/iDMMPMM_26_AUG_RELEASE/idmmpmm_html/USP.html

MOTIF vnd
letter-probability matrix: alength= 4 w= 8 nsites= 90 E= 0
 0.225574712643678  0.380747126436782  0.380747126436782  0.0129310344827586
 0.028735632183908  0.844827586206897  0.00574712643678161  0.120689655172414
 0.971264367816091  0.0114942528735632  0.00574712643678161  0.0114942528735632
 0.00718390804597701  0.978448275862068  0.00718390804597701  0.00718390804597701
 0.00718390804597701  0.00718390804597701  0.00718390804597701  0.978448275862068
 0.014367816091954  0.158045977011494  0.014367816091954  0.813218390804598
 0.162356321839081  0.116379310344828  0.673850574712644  0.0474137931034483
 0.830459770114943  0.0545977011494253  0.0373563218390805  0.0775862068965517
URL http://autosome.ru/iDMMPMM/iDMMPMM_26_AUG_RELEASE/idmmpmm_html/VND.html

MOTIF z
letter-probability matrix: alength= 4 w= 10 nsites= 141 E= 0
 0.511707317073171  0.0243902439024391  0.0781707317073172  0.385731707317073
 0.293536585365854  0.251951219512195  0.0981707317073172  0.356341463414634
 0.0859756097560977  0.274146341463415  0.130365853658537  0.509512195121951
 0.0537804878048781  0.863048780487805  0.0709756097560976  0.0121951219512195
 0.774878048780488  0.0  0.131951219512195  0.0931707317073172
 0.0  0.995000000000001  0.0  0.005
 0.0  0.0  0.0  1.0
 0.0  0.982804878048782  0.0  0.0171951219512195
 0.783658536585366  0.0365853658536586  0.145365853658537  0.0343902439024391
 0.715487804878049  0.0709756097560976  0.0665853658536586  0.146951219512195
URL http://autosome.ru/iDMMPMM/iDMMPMM_26_AUG_RELEASE/idmmpmm_html/Z.html

