MEME version 4

ALPHABET= ACGT

strands: + -

Background letter frequencies (from uniform background):
A 0.25000 C 0.25000 G 0.25000 T 0.25000 

MOTIF Ada_28-0 

letter-probability matrix: alength= 4 w= 28 nsites= 3 E= 0
  0.333333	  0.666667	  0.000000	  0.000000	
  0.000000	  0.000000	  1.000000	  0.000000	
  0.333333	  0.666667	  0.000000	  0.000000	
  1.000000	  0.000000	  0.000000	  0.000000	
  0.666667	  0.000000	  0.000000	  0.333333	
  0.666667	  0.000000	  0.000000	  0.333333	
  0.666667	  0.000000	  0.333333	  0.000000	
  0.333333	  0.666667	  0.000000	  0.000000	
  0.666667	  0.000000	  0.333333	  0.000000	
  0.000000	  0.333333	  0.000000	  0.666667	
  0.333333	  0.000000	  0.000000	  0.666667	
  0.333333	  0.000000	  0.666667	  0.000000	
  0.333333	  0.666667	  0.000000	  0.000000	
  0.333333	  0.000000	  0.333333	  0.333333	
  0.000000	  0.000000	  0.666667	  0.333333	
  0.000000	  0.666667	  0.333333	  0.000000	
  0.333333	  0.000000	  0.333333	  0.333333	
  0.000000	  0.333333	  0.333333	  0.333333	
  1.000000	  0.000000	  0.000000	  0.000000	
  1.000000	  0.000000	  0.000000	  0.000000	
  0.000000	  0.000000	  0.666667	  0.333333	
  1.000000	  0.000000	  0.000000	  0.000000	
  0.666667	  0.000000	  0.000000	  0.333333	
  0.000000	  0.333333	  0.000000	  0.666667	
  0.000000	  0.000000	  1.000000	  0.000000	
  0.000000	  0.000000	  0.000000	  1.000000	
  0.000000	  0.000000	  0.000000	  1.000000	
  0.000000	  0.000000	  0.333333	  0.666667	

MOTIF AgaR_25-2 

letter-probability matrix: alength= 4 w= 25 nsites= 11 E= 0
  0.454545	  0.181818	  0.000000	  0.363636	
  0.363636	  0.000000	  0.090909	  0.545455	
  0.181818	  0.090909	  0.181818	  0.545455	
  0.454545	  0.181818	  0.363636	  0.000000	
  0.454545	  0.363636	  0.000000	  0.181818	
  0.090909	  0.818182	  0.090909	  0.000000	
  0.000000	  0.000000	  0.090909	  0.909091	
  0.090909	  0.000000	  0.090909	  0.818182	
  0.000000	  0.000000	  0.000000	  1.000000	
  0.000000	  0.818182	  0.000000	  0.181818	
  0.363636	  0.000000	  0.545455	  0.090909	
  0.181818	  0.090909	  0.090909	  0.636364	
  0.000000	  0.090909	  0.000000	  0.909091	
  0.090909	  0.000000	  0.090909	  0.818182	
  0.090909	  0.363636	  0.000000	  0.545455	
  0.363636	  0.363636	  0.272727	  0.000000	
  0.000000	  0.090909	  0.000000	  0.909091	
  0.000000	  0.000000	  0.000000	  1.000000	
  0.000000	  0.000000	  0.000000	  1.000000	
  0.090909	  0.727273	  0.000000	  0.181818	
  0.181818	  0.090909	  0.272727	  0.454545	
  0.181818	  0.181818	  0.090909	  0.545455	
  0.090909	  0.000000	  0.000000	  0.909091	
  0.000000	  0.090909	  0.000000	  0.909091	
  0.181818	  0.000000	  0.272727	  0.545455	

MOTIF AraC_19-8 

letter-probability matrix: alength= 4 w= 19 nsites= 3 E= 0
  0.000000	  1.000000	  0.000000	  0.000000	
  0.000000	  1.000000	  0.000000	  0.000000	
  1.000000	  0.000000	  0.000000	  0.000000	
  0.333333	  0.000000	  0.000000	  0.666667	
  0.666667	  0.000000	  0.333333	  0.000000	
  1.000000	  0.000000	  0.000000	  0.000000	
  0.000000	  0.000000	  1.000000	  0.000000	
  1.000000	  0.000000	  0.000000	  0.000000	
  0.000000	  0.000000	  0.000000	  1.000000	
  0.333333	  0.000000	  0.000000	  0.666667	
  1.000000	  0.000000	  0.000000	  0.000000	
  0.000000	  0.000000	  0.666667	  0.333333	
  0.000000	  0.666667	  0.000000	  0.333333	
  0.000000	  0.666667	  0.333333	  0.000000	
  0.000000	  0.000000	  0.666667	  0.333333	
  0.333333	  0.333333	  0.333333	  0.000000	
  0.000000	  0.333333	  0.333333	  0.333333	
  0.333333	  0.666667	  0.000000	  0.000000	
  0.333333	  0.666667	  0.000000	  0.000000	

MOTIF AraC_19-9 

letter-probability matrix: alength= 4 w= 19 nsites= 10 E= 0
  0.500000	  0.000000	  0.200000	  0.300000	
  0.000000	  0.600000	  0.100000	  0.300000	
  0.800000	  0.000000	  0.200000	  0.000000	
  0.200000	  0.000000	  0.800000	  0.000000	
  0.200000	  0.700000	  0.000000	  0.100000	
  0.700000	  0.100000	  0.200000	  0.000000	
  0.400000	  0.100000	  0.400000	  0.100000	
  0.400000	  0.100000	  0.300000	  0.200000	
  0.700000	  0.000000	  0.000000	  0.300000	
  0.300000	  0.000000	  0.200000	  0.500000	
  0.500000	  0.200000	  0.000000	  0.300000	
  0.600000	  0.000000	  0.400000	  0.000000	
  0.000000	  0.000000	  0.100000	  0.900000	
  0.200000	  0.600000	  0.200000	  0.000000	
  0.200000	  0.700000	  0.000000	  0.100000	
  1.000000	  0.000000	  0.000000	  0.000000	
  0.000000	  0.100000	  0.000000	  0.900000	
  1.000000	  0.000000	  0.000000	  0.000000	
  0.500000	  0.100000	  0.000000	  0.400000	

MOTIF ArcA_28-0 

letter-probability matrix: alength= 4 w= 28 nsites= 32 E= 0
  0.468750	  0.000000	  0.093750	  0.437500	
  0.656250	  0.125000	  0.031250	  0.187500	
  0.562500	  0.062500	  0.000000	  0.375000	
  0.187500	  0.093750	  0.093750	  0.625000	
  0.468750	  0.062500	  0.000000	  0.468750	
  0.437500	  0.000000	  0.062500	  0.500000	
  0.312500	  0.093750	  0.031250	  0.562500	
  0.218750	  0.000000	  0.312500	  0.468750	
  0.281250	  0.062500	  0.656250	  0.000000	
  0.062500	  0.000000	  0.031250	  0.906250	
  0.125000	  0.000000	  0.125000	  0.750000	
  0.812500	  0.000000	  0.187500	  0.000000	
  0.687500	  0.187500	  0.062500	  0.062500	
  0.312500	  0.250000	  0.125000	  0.312500	
  0.343750	  0.125000	  0.093750	  0.437500	
  0.843750	  0.031250	  0.000000	  0.125000	
  0.593750	  0.031250	  0.031250	  0.343750	
  0.406250	  0.062500	  0.187500	  0.343750	
  0.093750	  0.031250	  0.062500	  0.812500	
  0.031250	  0.062500	  0.687500	  0.218750	
  0.343750	  0.031250	  0.031250	  0.593750	
  0.406250	  0.000000	  0.000000	  0.593750	
  0.656250	  0.000000	  0.187500	  0.156250	
  0.531250	  0.062500	  0.031250	  0.375000	
  0.218750	  0.250000	  0.062500	  0.468750	
  0.625000	  0.000000	  0.156250	  0.218750	
  0.687500	  0.093750	  0.093750	  0.125000	
  0.468750	  0.125000	  0.000000	  0.406250	

MOTIF ArcA_28-37 

letter-probability matrix: alength= 4 w= 28 nsites= 10 E= 0
  0.300000	  0.100000	  0.000000	  0.600000	
  0.800000	  0.000000	  0.000000	  0.200000	
  0.700000	  0.000000	  0.300000	  0.000000	
  0.700000	  0.100000	  0.200000	  0.000000	
  0.300000	  0.200000	  0.000000	  0.500000	
  0.200000	  0.000000	  0.700000	  0.100000	
  0.600000	  0.000000	  0.000000	  0.400000	
  0.400000	  0.400000	  0.000000	  0.200000	
  0.900000	  0.000000	  0.000000	  0.100000	
  0.200000	  0.300000	  0.000000	  0.500000	
  0.600000	  0.000000	  0.300000	  0.100000	
  0.100000	  0.800000	  0.000000	  0.100000	
  0.000000	  0.900000	  0.100000	  0.000000	
  0.000000	  0.600000	  0.200000	  0.200000	
  0.500000	  0.200000	  0.300000	  0.000000	
  0.000000	  0.700000	  0.200000	  0.100000	
  0.500000	  0.000000	  0.000000	  0.500000	
  0.000000	  0.200000	  0.000000	  0.800000	
  0.400000	  0.300000	  0.100000	  0.200000	
  0.500000	  0.400000	  0.100000	  0.000000	
  0.300000	  0.000000	  0.200000	  0.500000	
  0.300000	  0.100000	  0.300000	  0.300000	
  0.500000	  0.300000	  0.000000	  0.200000	
  0.000000	  0.500000	  0.400000	  0.100000	
  0.700000	  0.000000	  0.000000	  0.300000	
  0.500000	  0.000000	  0.100000	  0.400000	
  0.000000	  0.300000	  0.200000	  0.500000	
  0.000000	  0.000000	  0.100000	  0.900000	

MOTIF ArgP_14-0 

letter-probability matrix: alength= 4 w= 14 nsites= 4 E= 0
  1.000000	  0.000000	  0.000000	  0.000000	
  0.000000	  0.000000	  0.000000	  1.000000	
  0.000000	  0.000000	  0.000000	  1.000000	
  0.000000	  0.000000	  0.500000	  0.500000	
  0.750000	  0.000000	  0.000000	  0.250000	
  0.250000	  0.500000	  0.000000	  0.250000	
  0.250000	  0.750000	  0.000000	  0.000000	
  0.750000	  0.000000	  0.000000	  0.250000	
  0.750000	  0.250000	  0.000000	  0.000000	
  0.250000	  0.000000	  0.250000	  0.500000	
  1.000000	  0.000000	  0.000000	  0.000000	
  0.250000	  0.250000	  0.000000	  0.500000	
  0.000000	  0.250000	  0.500000	  0.250000	
  0.000000	  0.500000	  0.500000	  0.000000	

MOTIF ArgR_26-5 

letter-probability matrix: alength= 4 w= 26 nsites= 17 E= 0
  0.823529	  0.000000	  0.176471	  0.000000	
  0.000000	  0.235294	  0.058824	  0.705882	
  0.117647	  0.058824	  0.529412	  0.294118	
  0.117647	  0.882353	  0.000000	  0.000000	
  0.882353	  0.058824	  0.000000	  0.058824	
  0.294118	  0.117647	  0.117647	  0.470588	
  0.529412	  0.000000	  0.058824	  0.411765	
  0.235294	  0.058824	  0.000000	  0.705882	
  0.529412	  0.000000	  0.117647	  0.352941	
  0.588235	  0.058824	  0.117647	  0.235294	
  0.470588	  0.000000	  0.058824	  0.470588	
  0.235294	  0.117647	  0.352941	  0.294118	
  0.000000	  0.058824	  0.000000	  0.941176	
  0.000000	  0.000000	  1.000000	  0.000000	
  0.352941	  0.352941	  0.235294	  0.058824	
  0.764706	  0.000000	  0.176471	  0.058824	
  0.000000	  0.000000	  0.058824	  0.941176	
  0.588235	  0.000000	  0.235294	  0.176471	
  0.411765	  0.176471	  0.000000	  0.411765	
  0.470588	  0.000000	  0.058824	  0.470588	
  0.529412	  0.117647	  0.058824	  0.294118	
  0.882353	  0.058824	  0.000000	  0.058824	
  0.000000	  0.058824	  0.058824	  0.882353	
  0.058824	  0.058824	  0.117647	  0.764706	
  0.058824	  0.705882	  0.176471	  0.058824	
  0.764706	  0.000000	  0.117647	  0.117647	

MOTIF CpxR_14-3 

letter-probability matrix: alength= 4 w= 14 nsites= 15 E= 0
  0.000000	  0.000000	  0.000000	  1.000000	
  0.066667	  0.000000	  0.133333	  0.800000	
  0.866667	  0.000000	  0.066667	  0.066667	
  0.000000	  1.000000	  0.000000	  0.000000	
  0.333333	  0.133333	  0.533333	  0.000000	
  0.066667	  0.333333	  0.133333	  0.466667	
  0.200000	  0.266667	  0.133333	  0.400000	
  0.200000	  0.133333	  0.266667	  0.400000	
  0.133333	  0.200000	  0.200000	  0.466667	
  0.066667	  0.000000	  0.133333	  0.800000	
  0.000000	  0.000000	  0.000000	  1.000000	
  0.000000	  0.000000	  0.000000	  1.000000	
  0.733333	  0.000000	  0.133333	  0.133333	
  0.066667	  0.933333	  0.000000	  0.000000	

MOTIF CpxR_14-8 

letter-probability matrix: alength= 4 w= 14 nsites= 9 E= 0
  0.111111	  0.000000	  0.111111	  0.777778	
  0.000000	  0.000000	  0.000000	  1.000000	
  0.777778	  0.000000	  0.000000	  0.222222	
  0.777778	  0.222222	  0.000000	  0.000000	
  0.444444	  0.000000	  0.333333	  0.222222	
  0.333333	  0.111111	  0.000000	  0.555556	
  0.000000	  0.000000	  0.222222	  0.777778	
  0.000000	  0.000000	  0.111111	  0.888889	
  0.111111	  0.000000	  0.000000	  0.888889	
  0.000000	  0.000000	  0.666667	  0.333333	
  0.444444	  0.111111	  0.000000	  0.444444	
  0.777778	  0.222222	  0.000000	  0.000000	
  0.666667	  0.111111	  0.222222	  0.000000	
  0.000000	  0.333333	  0.000000	  0.666667	

MOTIF CRP_25-12 

letter-probability matrix: alength= 4 w= 25 nsites= 27 E= 0
  0.370370	  0.111111	  0.074074	  0.444444	
  0.592593	  0.074074	  0.148148	  0.185185	
  0.851852	  0.000000	  0.000000	  0.148148	
  0.481481	  0.037037	  0.074074	  0.407407	
  0.185185	  0.296296	  0.037037	  0.481481	
  0.000000	  0.074074	  0.592593	  0.333333	
  0.111111	  0.074074	  0.000000	  0.814815	
  0.111111	  0.000000	  0.777778	  0.111111	
  0.481481	  0.481481	  0.000000	  0.037037	
  0.259259	  0.000000	  0.296296	  0.444444	
  0.037037	  0.814815	  0.037037	  0.111111	
  0.259259	  0.074074	  0.111111	  0.555556	
  0.407407	  0.074074	  0.259259	  0.259259	
  0.000000	  0.333333	  0.148148	  0.518519	
  0.000000	  0.111111	  0.629630	  0.259259	
  0.111111	  0.148148	  0.037037	  0.703704	
  0.111111	  0.777778	  0.000000	  0.111111	
  0.814815	  0.000000	  0.111111	  0.074074	
  0.148148	  0.777778	  0.000000	  0.074074	
  0.703704	  0.037037	  0.185185	  0.074074	
  0.222222	  0.185185	  0.000000	  0.592593	
  0.037037	  0.074074	  0.000000	  0.888889	
  0.000000	  0.037037	  0.000000	  0.962963	
  0.000000	  0.111111	  0.074074	  0.814815	
  0.000000	  0.111111	  0.333333	  0.555556	

MOTIF CRP_25-141 

letter-probability matrix: alength= 4 w= 25 nsites= 6 E= 0
  0.833333	  0.000000	  0.166667	  0.000000	
  0.166667	  0.166667	  0.000000	  0.666667	
  0.166667	  0.500000	  0.333333	  0.000000	
  0.333333	  0.333333	  0.166667	  0.166667	
  0.166667	  0.000000	  0.666667	  0.166667	
  0.000000	  0.000000	  0.833333	  0.166667	
  0.166667	  0.333333	  0.333333	  0.166667	
  0.666667	  0.000000	  0.166667	  0.166667	
  0.000000	  0.666667	  0.000000	  0.333333	
  0.333333	  0.166667	  0.000000	  0.500000	
  0.000000	  0.000000	  0.000000	  1.000000	
  0.000000	  0.166667	  0.833333	  0.000000	
  0.333333	  0.500000	  0.166667	  0.000000	
  0.000000	  0.000000	  0.000000	  1.000000	
  0.500000	  0.000000	  0.500000	  0.000000	
  0.833333	  0.000000	  0.166667	  0.000000	
  0.666667	  0.333333	  0.000000	  0.000000	
  0.000000	  0.000000	  0.833333	  0.166667	
  0.000000	  1.000000	  0.000000	  0.000000	
  0.000000	  0.500000	  0.500000	  0.000000	
  0.666667	  0.000000	  0.166667	  0.166667	
  0.000000	  0.000000	  0.500000	  0.500000	
  0.166667	  0.000000	  0.000000	  0.833333	
  0.166667	  0.500000	  0.000000	  0.333333	
  0.833333	  0.000000	  0.166667	  0.000000	

MOTIF CRP_25-152 

letter-probability matrix: alength= 4 w= 25 nsites= 27 E= 0
  0.407407	  0.111111	  0.074074	  0.407407	
  0.703704	  0.037037	  0.111111	  0.148148	
  0.777778	  0.000000	  0.148148	  0.074074	
  0.518519	  0.185185	  0.000000	  0.296296	
  0.185185	  0.185185	  0.185185	  0.444444	
  0.037037	  0.185185	  0.037037	  0.740741	
  0.259259	  0.000000	  0.740741	  0.000000	
  0.000000	  0.333333	  0.111111	  0.555556	
  0.037037	  0.037037	  0.888889	  0.037037	
  0.629630	  0.148148	  0.074074	  0.148148	
  0.074074	  0.000000	  0.333333	  0.592593	
  0.037037	  0.037037	  0.296296	  0.629630	
  0.185185	  0.370370	  0.259259	  0.185185	
  0.629630	  0.000000	  0.370370	  0.000000	
  0.296296	  0.148148	  0.222222	  0.333333	
  0.518519	  0.185185	  0.074074	  0.222222	
  0.000000	  0.000000	  0.148148	  0.851852	
  0.037037	  0.777778	  0.037037	  0.148148	
  0.814815	  0.000000	  0.148148	  0.037037	
  0.185185	  0.814815	  0.000000	  0.000000	
  0.703704	  0.037037	  0.259259	  0.000000	
  0.000000	  0.037037	  0.222222	  0.740741	
  0.037037	  0.000000	  0.000000	  0.962963	
  0.074074	  0.074074	  0.037037	  0.814815	
  0.148148	  0.148148	  0.037037	  0.666667	

MOTIF CRP_25-18 

letter-probability matrix: alength= 4 w= 25 nsites= 28 E= 0
  0.035714	  0.285714	  0.464286	  0.214286	
  0.250000	  0.035714	  0.642857	  0.071429	
  0.500000	  0.142857	  0.071429	  0.285714	
  0.535714	  0.000000	  0.428571	  0.035714	
  0.785714	  0.142857	  0.000000	  0.071429	
  0.000000	  0.178571	  0.000000	  0.821429	
  0.178571	  0.000000	  0.821429	  0.000000	
  0.000000	  0.000000	  0.000000	  1.000000	
  0.000000	  0.000000	  1.000000	  0.000000	
  0.928571	  0.035714	  0.035714	  0.000000	
  0.214286	  0.250000	  0.071429	  0.464286	
  0.178571	  0.321429	  0.428571	  0.071429	
  0.285714	  0.142857	  0.321429	  0.250000	
  0.392857	  0.214286	  0.071429	  0.321429	
  0.250000	  0.214286	  0.428571	  0.107143	
  0.321429	  0.214286	  0.214286	  0.250000	
  0.000000	  0.214286	  0.035714	  0.750000	
  0.178571	  0.750000	  0.000000	  0.071429	
  0.500000	  0.000000	  0.285714	  0.214286	
  0.142857	  0.750000	  0.035714	  0.071429	
  0.785714	  0.107143	  0.000000	  0.107143	
  0.250000	  0.214286	  0.071429	  0.464286	
  0.464286	  0.214286	  0.035714	  0.285714	
  0.464286	  0.250000	  0.107143	  0.178571	
  0.428571	  0.035714	  0.214286	  0.321429	

MOTIF CRP_25-22 

letter-probability matrix: alength= 4 w= 25 nsites= 15 E= 0
  0.066667	  0.000000	  0.000000	  0.933333	
  0.000000	  0.066667	  0.466667	  0.466667	
  0.400000	  0.266667	  0.066667	  0.266667	
  0.733333	  0.000000	  0.200000	  0.066667	
  0.333333	  0.533333	  0.133333	  0.000000	
  0.533333	  0.000000	  0.200000	  0.266667	
  0.600000	  0.000000	  0.000000	  0.400000	
  0.800000	  0.000000	  0.000000	  0.200000	
  0.866667	  0.066667	  0.000000	  0.066667	
  0.000000	  0.600000	  0.266667	  0.133333	
  0.666667	  0.066667	  0.000000	  0.266667	
  0.400000	  0.333333	  0.066667	  0.200000	
  0.666667	  0.000000	  0.000000	  0.333333	
  0.133333	  0.133333	  0.333333	  0.400000	
  0.000000	  0.000000	  0.266667	  0.733333	
  0.000000	  0.133333	  0.200000	  0.666667	
  0.333333	  0.533333	  0.066667	  0.066667	
  0.533333	  0.066667	  0.133333	  0.266667	
  0.333333	  0.400000	  0.000000	  0.266667	
  0.666667	  0.000000	  0.066667	  0.266667	
  0.133333	  0.066667	  0.533333	  0.266667	
  0.533333	  0.133333	  0.266667	  0.066667	
  0.800000	  0.000000	  0.000000	  0.200000	
  0.266667	  0.066667	  0.200000	  0.466667	
  0.600000	  0.066667	  0.133333	  0.200000	

MOTIF CRP_25-81 

letter-probability matrix: alength= 4 w= 25 nsites= 12 E= 0
  0.083333	  0.250000	  0.166667	  0.500000	
  0.416667	  0.083333	  0.416667	  0.083333	
  0.583333	  0.083333	  0.000000	  0.333333	
  0.500000	  0.333333	  0.083333	  0.083333	
  0.916667	  0.000000	  0.000000	  0.083333	
  0.333333	  0.000000	  0.000000	  0.666667	
  0.000000	  0.083333	  0.250000	  0.666667	
  0.000000	  0.000000	  0.000000	  1.000000	
  0.083333	  0.166667	  0.250000	  0.500000	
  0.083333	  0.000000	  0.083333	  0.833333	
  0.083333	  0.166667	  0.750000	  0.000000	
  0.666667	  0.083333	  0.250000	  0.000000	
  0.333333	  0.000000	  0.000000	  0.666667	
  0.000000	  0.083333	  0.250000	  0.666667	
  0.166667	  0.000000	  0.500000	  0.333333	
  0.166667	  0.083333	  0.500000	  0.250000	
  0.000000	  0.250000	  0.250000	  0.500000	
  0.250000	  0.083333	  0.166667	  0.500000	
  0.250000	  0.000000	  0.666667	  0.083333	
  0.000000	  1.000000	  0.000000	  0.000000	
  0.916667	  0.000000	  0.000000	  0.083333	
  0.416667	  0.000000	  0.333333	  0.250000	
  0.416667	  0.333333	  0.000000	  0.250000	
  0.500000	  0.166667	  0.000000	  0.333333	
  0.250000	  0.250000	  0.000000	  0.500000	

MOTIF CRP_25-83 

letter-probability matrix: alength= 4 w= 25 nsites= 54 E= 0
  0.574074	  0.129630	  0.111111	  0.185185	
  0.666667	  0.185185	  0.037037	  0.111111	
  0.518519	  0.018519	  0.018519	  0.444444	
  0.388889	  0.018519	  0.129630	  0.462963	
  0.259259	  0.111111	  0.259259	  0.370370	
  0.203704	  0.129630	  0.074074	  0.592593	
  0.000000	  0.037037	  0.796296	  0.166667	
  0.074074	  0.000000	  0.055556	  0.870370	
  0.055556	  0.000000	  0.796296	  0.148148	
  0.888889	  0.074074	  0.000000	  0.037037	
  0.259259	  0.074074	  0.129630	  0.537037	
  0.240741	  0.351852	  0.222222	  0.185185	
  0.018519	  0.425926	  0.129630	  0.425926	
  0.518519	  0.092593	  0.092593	  0.296296	
  0.129630	  0.277778	  0.407407	  0.185185	
  0.629630	  0.092593	  0.185185	  0.092593	
  0.000000	  0.018519	  0.000000	  0.981481	
  0.037037	  0.870370	  0.000000	  0.092593	
  0.777778	  0.000000	  0.148148	  0.074074	
  0.037037	  0.777778	  0.074074	  0.111111	
  0.814815	  0.074074	  0.092593	  0.018519	
  0.629630	  0.129630	  0.037037	  0.203704	
  0.722222	  0.000000	  0.055556	  0.222222	
  0.703704	  0.000000	  0.055556	  0.240741	
  0.537037	  0.222222	  0.000000	  0.240741	

MOTIF CueR_22-0 

letter-probability matrix: alength= 4 w= 22 nsites= 3 E= 0
  0.000000	  1.000000	  0.000000	  0.000000	
  0.000000	  0.666667	  0.000000	  0.333333	
  0.000000	  0.000000	  0.000000	  1.000000	
  0.000000	  0.000000	  0.000000	  1.000000	
  0.000000	  1.000000	  0.000000	  0.000000	
  0.000000	  1.000000	  0.000000	  0.000000	
  0.666667	  0.333333	  0.000000	  0.000000	
  0.000000	  0.333333	  0.666667	  0.000000	
  0.333333	  0.333333	  0.000000	  0.333333	
  0.333333	  0.000000	  0.000000	  0.666667	
  1.000000	  0.000000	  0.000000	  0.000000	
  0.000000	  0.666667	  0.333333	  0.000000	
  0.000000	  0.000000	  1.000000	  0.000000	
  0.000000	  0.000000	  1.000000	  0.000000	
  0.000000	  0.000000	  1.000000	  0.000000	
  1.000000	  0.000000	  0.000000	  0.000000	
  0.666667	  0.000000	  0.333333	  0.000000	
  0.000000	  0.000000	  1.000000	  0.000000	
  0.000000	  0.333333	  0.666667	  0.000000	
  0.000000	  0.000000	  0.333333	  0.666667	
  0.333333	  0.666667	  0.000000	  0.000000	
  1.000000	  0.000000	  0.000000	  0.000000	

MOTIF CysB_13-5 

letter-probability matrix: alength= 4 w= 13 nsites= 8 E= 0
  0.000000	  0.000000	  1.000000	  0.000000	
  0.375000	  0.000000	  0.625000	  0.000000	
  1.000000	  0.000000	  0.000000	  0.000000	
  0.750000	  0.000000	  0.125000	  0.125000	
  0.125000	  0.000000	  0.000000	  0.875000	
  1.000000	  0.000000	  0.000000	  0.000000	
  1.000000	  0.000000	  0.000000	  0.000000	
  0.250000	  0.250000	  0.125000	  0.375000	
  0.250000	  0.000000	  0.625000	  0.125000	
  0.875000	  0.000000	  0.125000	  0.000000	
  0.125000	  0.625000	  0.000000	  0.250000	
  0.375000	  0.000000	  0.375000	  0.250000	
  0.000000	  0.000000	  0.125000	  0.875000	

MOTIF CytR_24-5 

letter-probability matrix: alength= 4 w= 24 nsites= 8 E= 0
  0.000000	  0.375000	  0.000000	  0.625000	
  0.000000	  0.125000	  0.500000	  0.375000	
  0.625000	  0.250000	  0.125000	  0.000000	
  0.375000	  0.125000	  0.250000	  0.250000	
  0.000000	  0.125000	  0.375000	  0.500000	
  0.000000	  0.125000	  0.875000	  0.000000	
  0.500000	  0.500000	  0.000000	  0.000000	
  1.000000	  0.000000	  0.000000	  0.000000	
  1.000000	  0.000000	  0.000000	  0.000000	
  0.250000	  0.125000	  0.125000	  0.500000	
  0.125000	  0.625000	  0.125000	  0.125000	
  0.125000	  0.125000	  0.375000	  0.375000	
  0.500000	  0.000000	  0.375000	  0.125000	
  0.000000	  0.250000	  0.125000	  0.625000	
  0.125000	  0.000000	  0.000000	  0.875000	
  0.250000	  0.000000	  0.500000	  0.250000	
  0.250000	  0.750000	  0.000000	  0.000000	
  0.625000	  0.125000	  0.125000	  0.125000	
  0.500000	  0.000000	  0.125000	  0.375000	
  1.000000	  0.000000	  0.000000	  0.000000	
  0.750000	  0.125000	  0.125000	  0.000000	
  0.625000	  0.000000	  0.000000	  0.375000	
  0.000000	  0.000000	  0.000000	  1.000000	
  0.000000	  0.000000	  0.375000	  0.625000	

MOTIF DcuR_25-2 

letter-probability matrix: alength= 4 w= 25 nsites= 3 E= 0
  0.000000	  0.000000	  0.000000	  1.000000	
  0.000000	  0.000000	  0.000000	  1.000000	
  0.666667	  0.000000	  0.000000	  0.333333	
  0.666667	  0.000000	  0.000000	  0.333333	
  0.000000	  0.000000	  0.000000	  1.000000	
  0.333333	  0.333333	  0.000000	  0.333333	
  1.000000	  0.000000	  0.000000	  0.000000	
  0.666667	  0.000000	  0.000000	  0.333333	
  0.000000	  0.666667	  0.333333	  0.000000	
  0.000000	  0.000000	  0.000000	  1.000000	
  0.000000	  0.000000	  0.000000	  1.000000	
  0.000000	  0.333333	  0.000000	  0.666667	
  0.333333	  0.000000	  0.000000	  0.666667	
  0.000000	  0.000000	  1.000000	  0.000000	
  0.000000	  0.000000	  0.000000	  1.000000	
  0.333333	  0.000000	  0.333333	  0.333333	
  1.000000	  0.000000	  0.000000	  0.000000	
  0.000000	  0.000000	  0.333333	  0.666667	
  0.333333	  0.666667	  0.000000	  0.000000	
  0.666667	  0.000000	  0.333333	  0.000000	
  0.000000	  0.000000	  0.333333	  0.666667	
  0.000000	  0.000000	  0.000000	  1.000000	
  0.000000	  0.000000	  0.000000	  1.000000	
  0.333333	  0.000000	  0.000000	  0.666667	
  0.000000	  0.000000	  1.000000	  0.000000	

MOTIF DeoR_19-5 

letter-probability matrix: alength= 4 w= 19 nsites= 7 E= 0
  0.000000	  0.000000	  0.142857	  0.857143	
  0.000000	  0.142857	  0.285714	  0.571429	
  0.000000	  0.000000	  0.000000	  1.000000	
  0.000000	  0.142857	  0.857143	  0.000000	
  0.000000	  0.000000	  0.000000	  1.000000	
  0.000000	  0.000000	  0.571429	  0.428571	
  0.714286	  0.000000	  0.285714	  0.000000	
  0.285714	  0.285714	  0.428571	  0.000000	
  0.571429	  0.000000	  0.000000	  0.428571	
  0.714286	  0.285714	  0.000000	  0.000000	
  0.285714	  0.000000	  0.000000	  0.714286	
  0.000000	  0.000000	  0.571429	  0.428571	
  0.142857	  0.428571	  0.285714	  0.142857	
  0.285714	  0.142857	  0.000000	  0.571429	
  0.714286	  0.000000	  0.142857	  0.142857	
  0.428571	  0.000000	  0.428571	  0.142857	
  0.142857	  0.714286	  0.142857	  0.000000	
  0.857143	  0.000000	  0.000000	  0.142857	
  0.000000	  0.000000	  0.142857	  0.857143	

MOTIF DnaA_10-1 

letter-probability matrix: alength= 4 w= 10 nsites= 8 E= 0
  0.000000	  0.000000	  0.375000	  0.625000	
  0.000000	  0.000000	  0.000000	  1.000000	
  0.125000	  0.000000	  0.000000	  0.875000	
  1.000000	  0.000000	  0.000000	  0.000000	
  0.000000	  0.000000	  0.000000	  1.000000	
  0.000000	  0.625000	  0.125000	  0.250000	
  0.125000	  0.875000	  0.000000	  0.000000	
  1.000000	  0.000000	  0.000000	  0.000000	
  0.000000	  1.000000	  0.000000	  0.000000	
  0.875000	  0.000000	  0.000000	  0.125000	

MOTIF FadR_19-5 

letter-probability matrix: alength= 4 w= 19 nsites= 10 E= 0
  0.100000	  0.300000	  0.000000	  0.600000	
  0.100000	  0.000000	  0.500000	  0.400000	
  0.500000	  0.100000	  0.100000	  0.300000	
  0.800000	  0.100000	  0.000000	  0.100000	
  0.100000	  0.500000	  0.300000	  0.100000	
  0.600000	  0.000000	  0.000000	  0.400000	
  0.300000	  0.300000	  0.300000	  0.100000	
  0.400000	  0.000000	  0.500000	  0.100000	
  0.100000	  0.000000	  0.100000	  0.800000	
  0.100000	  0.900000	  0.000000	  0.000000	
  0.300000	  0.200000	  0.400000	  0.100000	
  0.000000	  0.000000	  0.800000	  0.200000	
  0.900000	  0.000000	  0.100000	  0.000000	
  0.000000	  0.700000	  0.000000	  0.300000	
  0.000000	  1.000000	  0.000000	  0.000000	
  1.000000	  0.000000	  0.000000	  0.000000	
  0.000000	  0.000000	  0.900000	  0.100000	
  0.100000	  0.600000	  0.000000	  0.300000	
  0.000000	  0.300000	  0.100000	  0.600000	

MOTIF FhlA_30-0 

letter-probability matrix: alength= 4 w= 30 nsites= 4 E= 0
  1.000000	  0.000000	  0.000000	  0.000000	
  1.000000	  0.000000	  0.000000	  0.000000	
  0.750000	  0.000000	  0.250000	  0.000000	
  0.750000	  0.000000	  0.000000	  0.250000	
  0.250000	  0.000000	  0.250000	  0.500000	
  0.250000	  0.250000	  0.500000	  0.000000	
  0.500000	  0.250000	  0.250000	  0.000000	
  0.750000	  0.000000	  0.250000	  0.000000	
  0.000000	  0.000000	  0.250000	  0.750000	
  0.000000	  0.250000	  0.000000	  0.750000	
  0.000000	  0.250000	  0.000000	  0.750000	
  0.000000	  0.500000	  0.500000	  0.000000	
  0.500000	  0.000000	  0.250000	  0.250000	
  0.000000	  0.500000	  0.000000	  0.500000	
  0.250000	  0.500000	  0.250000	  0.000000	
  0.000000	  0.250000	  0.500000	  0.250000	
  0.000000	  0.750000	  0.250000	  0.000000	
  0.250000	  0.750000	  0.000000	  0.000000	
  0.250000	  0.000000	  0.750000	  0.000000	
  0.000000	  0.000000	  0.000000	  1.000000	
  0.000000	  0.000000	  0.750000	  0.250000	
  0.000000	  0.000000	  0.000000	  1.000000	
  0.000000	  0.500000	  0.000000	  0.500000	
  0.000000	  0.000000	  0.750000	  0.250000	
  0.500000	  0.250000	  0.000000	  0.250000	
  0.250000	  0.750000	  0.000000	  0.000000	
  0.000000	  0.000000	  1.000000	  0.000000	
  0.000000	  0.000000	  0.250000	  0.750000	
  0.000000	  0.250000	  0.750000	  0.000000	
  0.500000	  0.000000	  0.250000	  0.250000	

MOTIF Fis_26-104 

letter-probability matrix: alength= 4 w= 26 nsites= 11 E= 0
  0.636364	  0.000000	  0.181818	  0.181818	
  0.000000	  0.000000	  0.454545	  0.545455	
  0.090909	  0.000000	  0.090909	  0.818182	
  0.090909	  0.272727	  0.363636	  0.272727	
  0.454545	  0.363636	  0.090909	  0.090909	
  0.818182	  0.000000	  0.000000	  0.181818	
  0.636364	  0.090909	  0.272727	  0.000000	
  0.818182	  0.000000	  0.090909	  0.090909	
  0.000000	  0.090909	  0.000000	  0.909091	
  0.000000	  0.000000	  0.090909	  0.909091	
  0.090909	  0.000000	  0.454545	  0.454545	
  0.090909	  0.000000	  0.090909	  0.818182	
  0.000000	  0.000000	  0.727273	  0.272727	
  0.727273	  0.090909	  0.090909	  0.090909	
  0.181818	  0.272727	  0.000000	  0.545455	
  0.181818	  0.363636	  0.000000	  0.454545	
  0.909091	  0.000000	  0.000000	  0.090909	
  0.727273	  0.272727	  0.000000	  0.000000	
  0.181818	  0.181818	  0.000000	  0.636364	
  0.181818	  0.272727	  0.090909	  0.454545	
  0.090909	  0.454545	  0.000000	  0.454545	
  0.090909	  0.000000	  0.181818	  0.727273	
  0.272727	  0.272727	  0.454545	  0.000000	
  0.090909	  0.000000	  0.090909	  0.818182	
  0.181818	  0.000000	  0.727273	  0.090909	
  0.545455	  0.363636	  0.000000	  0.090909	

MOTIF Fis_26-108 

letter-probability matrix: alength= 4 w= 26 nsites= 17 E= 0
  0.823529	  0.176471	  0.000000	  0.000000	
  0.647059	  0.176471	  0.000000	  0.176471	
  0.176471	  0.294118	  0.000000	  0.529412	
  0.000000	  0.352941	  0.176471	  0.470588	
  0.000000	  0.000000	  0.235294	  0.764706	
  0.000000	  0.352941	  0.647059	  0.000000	
  0.000000	  0.470588	  0.294118	  0.235294	
  0.000000	  0.588235	  0.058824	  0.352941	
  0.117647	  0.117647	  0.529412	  0.235294	
  0.588235	  0.000000	  0.117647	  0.294118	
  0.000000	  0.000000	  0.000000	  1.000000	
  0.058824	  0.000000	  0.058824	  0.882353	
  0.176471	  0.117647	  0.000000	  0.705882	
  0.294118	  0.058824	  0.000000	  0.647059	
  0.000000	  0.117647	  0.117647	  0.764706	
  0.000000	  0.470588	  0.352941	  0.176471	
  0.117647	  0.235294	  0.588235	  0.058824	
  0.176471	  0.705882	  0.058824	  0.058824	
  0.470588	  0.117647	  0.352941	  0.058824	
  0.000000	  0.882353	  0.117647	  0.000000	
  0.352941	  0.000000	  0.470588	  0.176471	
  0.352941	  0.000000	  0.235294	  0.411765	
  0.235294	  0.176471	  0.000000	  0.588235	
  0.411765	  0.058824	  0.058824	  0.470588	
  0.294118	  0.235294	  0.000000	  0.470588	
  0.058824	  0.235294	  0.117647	  0.588235	

MOTIF Fis_26-109 

letter-probability matrix: alength= 4 w= 26 nsites= 7 E= 0
  0.000000	  0.000000	  0.571429	  0.428571	
  0.000000	  0.714286	  0.142857	  0.142857	
  0.714286	  0.142857	  0.000000	  0.142857	
  0.857143	  0.000000	  0.000000	  0.142857	
  0.428571	  0.000000	  0.000000	  0.571429	
  0.857143	  0.000000	  0.142857	  0.000000	
  0.857143	  0.000000	  0.142857	  0.000000	
  0.714286	  0.000000	  0.142857	  0.142857	
  0.142857	  0.142857	  0.000000	  0.714286	
  0.142857	  0.000000	  0.285714	  0.571429	
  0.857143	  0.000000	  0.142857	  0.000000	
  0.000000	  0.142857	  0.571429	  0.285714	
  0.428571	  0.285714	  0.142857	  0.142857	
  0.000000	  0.428571	  0.000000	  0.571429	
  0.285714	  0.000000	  0.142857	  0.571429	
  0.000000	  0.142857	  0.428571	  0.428571	
  0.857143	  0.000000	  0.000000	  0.142857	
  1.000000	  0.000000	  0.000000	  0.000000	
  0.857143	  0.000000	  0.142857	  0.000000	
  0.714286	  0.000000	  0.000000	  0.285714	
  0.000000	  0.000000	  0.571429	  0.428571	
  0.571429	  0.142857	  0.285714	  0.000000	
  0.285714	  0.571429	  0.000000	  0.142857	
  0.000000	  0.000000	  0.571429	  0.428571	
  0.142857	  0.428571	  0.000000	  0.428571	
  0.000000	  0.000000	  0.428571	  0.571429	

MOTIF Fis_26-25 

letter-probability matrix: alength= 4 w= 26 nsites= 21 E= 0
  0.095238	  0.095238	  0.047619	  0.761905	
  0.238095	  0.095238	  0.666667	  0.000000	
  0.809524	  0.142857	  0.047619	  0.000000	
  0.000000	  0.714286	  0.047619	  0.238095	
  0.047619	  0.285714	  0.000000	  0.666667	
  0.000000	  0.000000	  1.000000	  0.000000	
  0.095238	  0.619048	  0.142857	  0.142857	
  0.142857	  0.095238	  0.238095	  0.523810	
  0.000000	  0.428571	  0.285714	  0.285714	
  0.857143	  0.095238	  0.000000	  0.047619	
  0.380952	  0.095238	  0.047619	  0.476190	
  0.142857	  0.238095	  0.000000	  0.619048	
  0.095238	  0.095238	  0.000000	  0.809524	
  0.142857	  0.190476	  0.000000	  0.666667	
  0.142857	  0.142857	  0.047619	  0.666667	
  0.095238	  0.333333	  0.000000	  0.571429	
  0.523810	  0.380952	  0.095238	  0.000000	
  0.571429	  0.047619	  0.142857	  0.238095	
  0.000000	  0.571429	  0.190476	  0.238095	
  0.000000	  1.000000	  0.000000	  0.000000	
  0.666667	  0.047619	  0.238095	  0.047619	
  0.285714	  0.095238	  0.285714	  0.333333	
  0.285714	  0.190476	  0.000000	  0.523810	
  0.380952	  0.285714	  0.142857	  0.190476	
  0.095238	  0.238095	  0.428571	  0.238095	
  0.190476	  0.238095	  0.571429	  0.000000	

MOTIF Fis_26-32 

letter-probability matrix: alength= 4 w= 26 nsites= 18 E= 0
  0.388889	  0.000000	  0.555556	  0.055556	
  0.222222	  0.166667	  0.000000	  0.611111	
  0.055556	  0.277778	  0.166667	  0.500000	
  0.000000	  0.500000	  0.222222	  0.277778	
  0.166667	  0.000000	  0.388889	  0.444444	
  0.277778	  0.000000	  0.388889	  0.333333	
  0.000000	  0.000000	  0.111111	  0.888889	
  0.000000	  0.277778	  0.000000	  0.722222	
  0.000000	  0.055556	  0.944444	  0.000000	
  0.166667	  0.722222	  0.000000	  0.111111	
  0.111111	  0.333333	  0.000000	  0.555556	
  0.055556	  0.055556	  0.666667	  0.222222	
  0.444444	  0.222222	  0.277778	  0.055556	
  0.944444	  0.000000	  0.000000	  0.055556	
  0.833333	  0.111111	  0.000000	  0.055556	
  0.944444	  0.000000	  0.000000	  0.055556	
  0.666667	  0.000000	  0.055556	  0.277778	
  0.388889	  0.055556	  0.222222	  0.333333	
  0.000000	  0.222222	  0.111111	  0.666667	
  0.500000	  0.055556	  0.444444	  0.000000	
  0.444444	  0.000000	  0.444444	  0.111111	
  0.166667	  0.444444	  0.333333	  0.055556	
  0.000000	  0.888889	  0.055556	  0.055556	
  0.555556	  0.111111	  0.333333	  0.000000	
  0.777778	  0.000000	  0.000000	  0.222222	
  0.444444	  0.277778	  0.111111	  0.166667	

MOTIF Fis_26-37 

letter-probability matrix: alength= 4 w= 26 nsites= 12 E= 0
  0.083333	  0.000000	  0.000000	  0.916667	
  0.000000	  0.083333	  0.916667	  0.000000	
  0.166667	  0.583333	  0.083333	  0.166667	
  0.666667	  0.000000	  0.083333	  0.250000	
  0.000000	  0.083333	  0.666667	  0.250000	
  0.083333	  0.083333	  0.750000	  0.083333	
  0.000000	  0.250000	  0.500000	  0.250000	
  0.083333	  0.333333	  0.500000	  0.083333	
  0.750000	  0.083333	  0.166667	  0.000000	
  0.333333	  0.000000	  0.166667	  0.500000	
  0.000000	  0.000000	  0.333333	  0.666667	
  0.666667	  0.000000	  0.250000	  0.083333	
  0.750000	  0.250000	  0.000000	  0.000000	
  0.166667	  0.166667	  0.333333	  0.333333	
  0.166667	  0.000000	  0.750000	  0.083333	
  0.250000	  0.416667	  0.333333	  0.000000	
  0.250000	  0.083333	  0.500000	  0.166667	
  0.333333	  0.000000	  0.416667	  0.250000	
  0.583333	  0.083333	  0.000000	  0.333333	
  0.750000	  0.083333	  0.000000	  0.166667	
  0.250000	  0.250000	  0.000000	  0.500000	
  0.083333	  0.416667	  0.083333	  0.416667	
  0.083333	  0.333333	  0.416667	  0.166667	
  0.583333	  0.000000	  0.000000	  0.416667	
  0.000000	  0.083333	  0.666667	  0.250000	
  0.083333	  0.333333	  0.000000	  0.583333	

MOTIF Fis_26-48 

letter-probability matrix: alength= 4 w= 26 nsites= 9 E= 0
  0.444444	  0.111111	  0.444444	  0.000000	
  0.777778	  0.111111	  0.111111	  0.000000	
  0.666667	  0.333333	  0.000000	  0.000000	
  0.555556	  0.222222	  0.222222	  0.000000	
  0.333333	  0.444444	  0.000000	  0.222222	
  0.000000	  0.000000	  1.000000	  0.000000	
  0.111111	  0.222222	  0.555556	  0.111111	
  0.000000	  0.444444	  0.333333	  0.222222	
  0.000000	  0.444444	  0.222222	  0.333333	
  1.000000	  0.000000	  0.000000	  0.000000	
  0.666667	  0.111111	  0.000000	  0.222222	
  0.111111	  0.333333	  0.000000	  0.555556	
  0.666667	  0.000000	  0.333333	  0.000000	
  0.444444	  0.444444	  0.000000	  0.111111	
  0.000000	  0.333333	  0.222222	  0.444444	
  0.000000	  0.000000	  0.222222	  0.777778	
  0.000000	  0.333333	  0.555556	  0.111111	
  0.000000	  0.222222	  0.555556	  0.222222	
  0.000000	  0.333333	  0.000000	  0.666667	
  0.000000	  0.888889	  0.111111	  0.000000	
  0.777778	  0.222222	  0.000000	  0.000000	
  0.444444	  0.111111	  0.444444	  0.000000	
  0.444444	  0.444444	  0.000000	  0.111111	
  0.444444	  0.222222	  0.000000	  0.333333	
  0.000000	  0.333333	  0.444444	  0.222222	
  0.111111	  0.333333	  0.111111	  0.444444	

MOTIF Fis_26-4 

letter-probability matrix: alength= 4 w= 26 nsites= 10 E= 0
  0.400000	  0.200000	  0.000000	  0.400000	
  0.700000	  0.000000	  0.300000	  0.000000	
  0.800000	  0.000000	  0.100000	  0.100000	
  0.400000	  0.200000	  0.400000	  0.000000	
  1.000000	  0.000000	  0.000000	  0.000000	
  0.800000	  0.000000	  0.000000	  0.200000	
  0.600000	  0.000000	  0.100000	  0.300000	
  0.100000	  0.000000	  0.200000	  0.700000	
  0.100000	  0.300000	  0.200000	  0.400000	
  0.300000	  0.000000	  0.600000	  0.100000	
  0.100000	  0.500000	  0.300000	  0.100000	
  0.000000	  0.600000	  0.000000	  0.400000	
  0.500000	  0.200000	  0.300000	  0.000000	
  0.500000	  0.300000	  0.100000	  0.100000	
  0.600000	  0.000000	  0.000000	  0.400000	
  0.100000	  0.300000	  0.300000	  0.300000	
  0.300000	  0.500000	  0.000000	  0.200000	
  0.100000	  0.000000	  0.900000	  0.000000	
  0.000000	  0.200000	  0.000000	  0.800000	
  0.000000	  0.000000	  0.300000	  0.700000	
  0.800000	  0.000000	  0.000000	  0.200000	
  0.200000	  0.300000	  0.000000	  0.500000	
  0.000000	  0.000000	  0.100000	  0.900000	
  0.000000	  0.000000	  0.700000	  0.300000	
  0.200000	  0.100000	  0.000000	  0.700000	
  0.200000	  0.000000	  0.000000	  0.800000	

MOTIF Fis_26-83 

letter-probability matrix: alength= 4 w= 26 nsites= 10 E= 0
  0.000000	  0.100000	  0.000000	  0.900000	
  0.200000	  0.000000	  0.000000	  0.800000	
  0.000000	  0.100000	  0.600000	  0.300000	
  0.000000	  0.000000	  0.200000	  0.800000	
  0.000000	  0.200000	  0.100000	  0.700000	
  0.200000	  0.000000	  0.200000	  0.600000	
  0.800000	  0.000000	  0.000000	  0.200000	
  0.000000	  0.400000	  0.000000	  0.600000	
  0.000000	  0.100000	  0.100000	  0.800000	
  0.600000	  0.200000	  0.200000	  0.000000	
  0.200000	  0.000000	  0.200000	  0.600000	
  0.000000	  0.000000	  0.100000	  0.900000	
  0.000000	  0.000000	  0.100000	  0.900000	
  0.100000	  0.000000	  0.900000	  0.000000	
  0.200000	  0.000000	  0.000000	  0.800000	
  0.100000	  0.000000	  0.700000	  0.200000	
  0.300000	  0.500000	  0.100000	  0.100000	
  0.100000	  0.000000	  0.300000	  0.600000	
  0.300000	  0.000000	  0.000000	  0.700000	
  0.600000	  0.000000	  0.000000	  0.400000	
  0.400000	  0.200000	  0.000000	  0.400000	
  0.000000	  0.200000	  0.200000	  0.600000	
  0.400000	  0.000000	  0.200000	  0.400000	
  0.100000	  0.400000	  0.300000	  0.200000	
  0.700000	  0.000000	  0.100000	  0.200000	
  0.100000	  0.400000	  0.500000	  0.000000	

MOTIF FNR_17-11 

letter-probability matrix: alength= 4 w= 17 nsites= 31 E= 0
  0.580645	  0.064516	  0.161290	  0.193548	
  0.580645	  0.096774	  0.000000	  0.322581	
  0.483871	  0.096774	  0.000000	  0.419355	
  0.096774	  0.032258	  0.064516	  0.806452	
  0.000000	  0.032258	  0.000000	  0.967742	
  0.000000	  0.000000	  1.000000	  0.000000	
  0.580645	  0.193548	  0.000000	  0.225806	
  0.000000	  0.064516	  0.161290	  0.774194	
  0.322581	  0.290323	  0.064516	  0.322581	
  0.290323	  0.032258	  0.129032	  0.548387	
  0.741935	  0.096774	  0.161290	  0.000000	
  0.225806	  0.387097	  0.161290	  0.225806	
  0.838710	  0.032258	  0.129032	  0.000000	
  0.032258	  0.000000	  0.000000	  0.967742	
  0.000000	  0.935484	  0.032258	  0.032258	
  0.935484	  0.000000	  0.000000	  0.064516	
  0.838710	  0.064516	  0.000000	  0.096774	

MOTIF FNR_17-53 

letter-probability matrix: alength= 4 w= 17 nsites= 11 E= 0
  0.727273	  0.090909	  0.181818	  0.000000	
  0.272727	  0.181818	  0.000000	  0.545455	
  0.000000	  0.000000	  0.000000	  1.000000	
  0.000000	  0.000000	  0.636364	  0.363636	
  0.545455	  0.000000	  0.454545	  0.000000	
  0.545455	  0.363636	  0.090909	  0.000000	
  0.636364	  0.090909	  0.000000	  0.272727	
  0.272727	  0.090909	  0.545455	  0.090909	
  0.090909	  0.000000	  0.000000	  0.909091	
  0.000000	  0.000000	  0.636364	  0.363636	
  1.000000	  0.000000	  0.000000	  0.000000	
  0.181818	  0.090909	  0.272727	  0.454545	
  0.000000	  0.727273	  0.181818	  0.090909	
  0.545455	  0.181818	  0.272727	  0.000000	
  0.545455	  0.090909	  0.000000	  0.363636	
  0.636364	  0.181818	  0.090909	  0.090909	
  0.454545	  0.181818	  0.000000	  0.363636	

MOTIF FNR_17-9 

letter-probability matrix: alength= 4 w= 17 nsites= 13 E= 0
