MEME version 4

ALPHABET= ACGT

strands: + -

Background letter frequencies (from uniform background):
A 0.25000 C 0.25000 G 0.25000 T 0.25000 

MOTIF MA0001.1 SEP4

letter-probability matrix: alength= 4 w= 10 nsites= 97 E= 0
  0.000000	  0.969072	  0.010309	  0.020619	
  0.030928	  0.773196	  0.000000	  0.195876	
  0.814433	  0.041237	  0.030928	  0.113402	
  0.412371	  0.030928	  0.041237	  0.515464	
  0.680412	  0.010309	  0.010309	  0.298969	
  0.494845	  0.020619	  0.000000	  0.484536	
  0.670103	  0.051546	  0.051546	  0.226804	
  0.113402	  0.020619	  0.030928	  0.835052	
  0.670103	  0.030928	  0.288660	  0.010309	
  0.000000	  0.030928	  0.907216	  0.061856	

URL http://jaspar2014.genereg.net?ID=MA0001.1&rm=present&collection=CORE

MOTIF MA0005.1 AG

letter-probability matrix: alength= 4 w= 11 nsites= 90 E= 0
  0.000000	  0.966667	  0.022222	  0.011111	
  0.022222	  0.955556	  0.000000	  0.022222	
  0.422222	  0.100000	  0.077778	  0.400000	
  0.677778	  0.055556	  0.022222	  0.244444	
  0.811111	  0.011111	  0.011111	  0.166667	
  0.344444	  0.033333	  0.044444	  0.577778	
  0.255556	  0.177778	  0.188889	  0.377778	
  0.222222	  0.144444	  0.288889	  0.344444	
  0.244444	  0.000000	  0.711111	  0.044444	
  0.011111	  0.000000	  0.911111	  0.077778	
  0.300000	  0.277778	  0.100000	  0.322222	

URL http://jaspar2014.genereg.net?ID=MA0005.1&rm=present&collection=CORE

MOTIF MA0008.1 HAT5

letter-probability matrix: alength= 4 w= 8 nsites= 25 E= 0
  0.120000	  0.520000	  0.160000	  0.200000	
  0.840000	  0.040000	  0.000000	  0.120000	
  1.000000	  0.000000	  0.000000	  0.000000	
  0.000000	  0.000000	  0.000000	  1.000000	
  0.000000	  0.200000	  0.000000	  0.800000	
  0.960000	  0.000000	  0.040000	  0.000000	
  0.040000	  0.000000	  0.000000	  0.960000	
  0.000000	  0.000000	  0.080000	  0.920000	

URL http://jaspar2014.genereg.net?ID=MA0008.1&rm=present&collection=CORE

MOTIF MA0020.1 Dof2

letter-probability matrix: alength= 4 w= 6 nsites= 21 E= 0
  1.000000	  0.000000	  0.000000	  0.000000	
  1.000000	  0.000000	  0.000000	  0.000000	
  1.000000	  0.000000	  0.000000	  0.000000	
  0.000000	  0.000000	  1.000000	  0.000000	
  0.142857	  0.666667	  0.095238	  0.095238	
  0.333333	  0.285714	  0.142857	  0.238095	

URL http://jaspar2014.genereg.net?ID=MA0020.1&rm=present&collection=CORE

MOTIF MA0021.1 Dof3

letter-probability matrix: alength= 4 w= 6 nsites= 21 E= 0
  1.000000	  0.000000	  0.000000	  0.000000	
  1.000000	  0.000000	  0.000000	  0.000000	
  1.000000	  0.000000	  0.000000	  0.000000	
  0.000000	  0.000000	  1.000000	  0.000000	
  0.000000	  0.476190	  0.142857	  0.380952	
  0.285714	  0.285714	  0.428571	  0.000000	

URL http://jaspar2014.genereg.net?ID=MA0021.1&rm=present&collection=CORE

MOTIF MA0034.1 Gamyb

letter-probability matrix: alength= 4 w= 10 nsites= 25 E= 0
  0.160000	  0.240000	  0.440000	  0.160000	
  0.400000	  0.200000	  0.280000	  0.120000	
  0.120000	  0.520000	  0.000000	  0.360000	
  0.920000	  0.040000	  0.040000	  0.000000	
  1.000000	  0.000000	  0.000000	  0.000000	
  0.040000	  0.960000	  0.000000	  0.000000	
  0.120000	  0.560000	  0.240000	  0.080000	
  0.240000	  0.000000	  0.760000	  0.000000	
  0.400000	  0.440000	  0.000000	  0.160000	
  0.200000	  0.760000	  0.040000	  0.000000	

URL http://jaspar2014.genereg.net?ID=MA0034.1&rm=present&collection=CORE

MOTIF MA0044.1 HMG-1

letter-probability matrix: alength= 4 w= 9 nsites= 13 E= 0
  0.000000	  0.384615	  0.615385	  0.000000	
  0.000000	  0.000000	  0.230769	  0.769231	
  0.000000	  0.307692	  0.000000	  0.692308	
  0.000000	  0.153846	  0.769231	  0.076923	
  0.000000	  0.076923	  0.000000	  0.923077	
  0.461538	  0.076923	  0.230769	  0.230769	
  0.230769	  0.384615	  0.000000	  0.384615	
  0.000000	  0.076923	  0.153846	  0.769231	
  0.000000	  0.615385	  0.076923	  0.307692	

URL http://jaspar2014.genereg.net?ID=MA0044.1&rm=present&collection=CORE

MOTIF MA0045.1 HMG-I/Y

letter-probability matrix: alength= 4 w= 16 nsites= 14 E= 0
  0.214286	  0.357143	  0.285714	  0.142857	
  0.500000	  0.000000	  0.214286	  0.285714	
  0.642857	  0.071429	  0.071429	  0.214286	
  0.214286	  0.428571	  0.285714	  0.071429	
  0.785714	  0.000000	  0.214286	  0.000000	
  0.785714	  0.000000	  0.142857	  0.071429	
  0.785714	  0.000000	  0.142857	  0.071429	
  0.214286	  0.214286	  0.142857	  0.428571	
  0.285714	  0.071429	  0.571429	  0.071429	
  0.214286	  0.285714	  0.428571	  0.071429	
  0.571429	  0.357143	  0.071429	  0.000000	
  0.571429	  0.071429	  0.285714	  0.071429	
  0.642857	  0.000000	  0.142857	  0.214286	
  0.642857	  0.357143	  0.000000	  0.000000	
  0.785714	  0.000000	  0.214286	  0.000000	
  0.142857	  0.500000	  0.000000	  0.357143	

URL http://jaspar2014.genereg.net?ID=MA0045.1&rm=present&collection=CORE

MOTIF MA0053.1 MNB1A

letter-probability matrix: alength= 4 w= 5 nsites= 15 E= 0
  1.000000	  0.000000	  0.000000	  0.000000	
  1.000000	  0.000000	  0.000000	  0.000000	
  1.000000	  0.000000	  0.000000	  0.000000	
  0.000000	  0.000000	  1.000000	  0.000000	
  0.200000	  0.600000	  0.000000	  0.200000	

URL http://jaspar2014.genereg.net?ID=MA0053.1&rm=present&collection=CORE

MOTIF MA0054.1 myb.Ph3

letter-probability matrix: alength= 4 w= 9 nsites= 70 E= 0
  0.271429	  0.042857	  0.028571	  0.657143	
  0.914286	  0.014286	  0.028571	  0.042857	
  0.900000	  0.000000	  0.028571	  0.071429	
  0.057143	  0.885714	  0.042857	  0.014286	
  0.142857	  0.385714	  0.228571	  0.242857	
  0.142857	  0.028571	  0.757143	  0.071429	
  0.185714	  0.114286	  0.000000	  0.700000	
  0.042857	  0.242857	  0.014286	  0.700000	
  0.400000	  0.014286	  0.000000	  0.585714	

URL http://jaspar2014.genereg.net?ID=MA0054.1&rm=present&collection=CORE

MOTIF MA0064.1 PBF

letter-probability matrix: alength= 4 w= 5 nsites= 16 E= 0
  1.000000	  0.000000	  0.000000	  0.000000	
  1.000000	  0.000000	  0.000000	  0.000000	
  1.000000	  0.000000	  0.000000	  0.000000	
  0.000000	  0.000000	  1.000000	  0.000000	
  0.062500	  0.562500	  0.062500	  0.312500	

URL http://jaspar2014.genereg.net?ID=MA0064.1&rm=present&collection=CORE

MOTIF MA0082.1 squamosa

letter-probability matrix: alength= 4 w= 14 nsites= 30 E= 0
  0.366667	  0.466667	  0.033333	  0.133333	
  0.000000	  0.733333	  0.000000	  0.266667	
  0.800000	  0.000000	  0.133333	  0.066667	
  0.533333	  0.066667	  0.033333	  0.366667	
  0.766667	  0.000000	  0.000000	  0.233333	
  0.566667	  0.000000	  0.000000	  0.433333	
  0.800000	  0.033333	  0.000000	  0.166667	
  0.266667	  0.000000	  0.033333	  0.700000	
  0.466667	  0.033333	  0.500000	  0.000000	
  0.033333	  0.033333	  0.933333	  0.000000	
  0.466667	  0.166667	  0.033333	  0.333333	
  0.833333	  0.166667	  0.000000	  0.000000	
  0.700000	  0.066667	  0.100000	  0.133333	
  0.233333	  0.166667	  0.266667	  0.333333	

URL http://jaspar2014.genereg.net?ID=MA0082.1&rm=present&collection=CORE

MOTIF MA0096.1 bZIP910

letter-probability matrix: alength= 4 w= 7 nsites= 35 E= 0
  0.428571	  0.428571	  0.142857	  0.000000	
  0.000000	  0.000000	  0.000000	  1.000000	
  0.000000	  0.000000	  1.000000	  0.000000	
  1.000000	  0.000000	  0.000000	  0.000000	
  0.000000	  1.000000	  0.000000	  0.000000	
  0.000000	  0.000000	  1.000000	  0.000000	
  0.000000	  0.000000	  0.000000	  1.000000	

URL http://jaspar2014.genereg.net?ID=MA0096.1&rm=present&collection=CORE

MOTIF MA0097.1 bZIP911

letter-probability matrix: alength= 4 w= 12 nsites= 33 E= 0
  0.030303	  0.000000	  0.939394	  0.030303	
  0.515152	  0.000000	  0.484848	  0.000000	
  0.000000	  0.000000	  0.000000	  1.000000	
  0.000000	  0.000000	  1.000000	  0.000000	
  1.000000	  0.000000	  0.000000	  0.000000	
  0.000000	  1.000000	  0.000000	  0.000000	
  0.000000	  0.000000	  1.000000	  0.000000	
  0.000000	  0.000000	  0.000000	  1.000000	
  0.000000	  0.030303	  0.969697	  0.000000	
  0.030303	  0.000000	  0.666667	  0.303030	
  0.333333	  0.606061	  0.030303	  0.030303	
  0.030303	  0.969697	  0.000000	  0.000000	

URL http://jaspar2014.genereg.net?ID=MA0097.1&rm=present&collection=CORE

MOTIF MA0110.1 ATHB-5

letter-probability matrix: alength= 4 w= 9 nsites= 37 E= 0
  0.081081	  0.513514	  0.243243	  0.162162	
  0.027027	  0.783784	  0.108108	  0.081081	
  0.810811	  0.162162	  0.000000	  0.027027	
  1.000000	  0.000000	  0.000000	  0.000000	
  0.000000	  0.000000	  0.000000	  1.000000	
  0.054054	  0.135135	  0.270270	  0.540541	
  1.000000	  0.000000	  0.000000	  0.000000	
  0.000000	  0.000000	  0.000000	  1.000000	
  0.000000	  0.000000	  0.000000	  1.000000	

URL http://jaspar2014.genereg.net?ID=MA0110.1&rm=present&collection=CORE

MOTIF MA0120.1 id1

letter-probability matrix: alength= 4 w= 12 nsites= 24 E= 0
  0.041667	  0.041667	  0.083333	  0.833333	
  0.125000	  0.125000	  0.166667	  0.583333	
  0.041667	  0.083333	  0.375000	  0.500000	
  0.000000	  0.375000	  0.125000	  0.500000	
  0.000000	  0.541667	  0.166667	  0.291667	
  0.083333	  0.458333	  0.166667	  0.291667	
  0.125000	  0.333333	  0.083333	  0.458333	
  0.041667	  0.041667	  0.041667	  0.875000	
  0.333333	  0.208333	  0.041667	  0.416667	
  0.000000	  0.250000	  0.291667	  0.458333	
  0.000000	  0.708333	  0.000000	  0.291667	
  0.083333	  0.000000	  0.750000	  0.166667	

URL http://jaspar2014.genereg.net?ID=MA0120.1&rm=present&collection=CORE

MOTIF MA0121.1 ARR10

letter-probability matrix: alength= 4 w= 8 nsites= 15 E= 0
  0.933333	  0.066667	  0.000000	  0.000000	
  0.000000	  0.000000	  1.000000	  0.000000	
  0.933333	  0.000000	  0.066667	  0.000000	
  0.000000	  0.000000	  0.000000	  1.000000	
  0.266667	  0.400000	  0.000000	  0.333333	
  0.066667	  0.533333	  0.000000	  0.400000	
  0.000000	  0.000000	  0.600000	  0.400000	
  0.200000	  0.400000	  0.266667	  0.133333	

URL http://jaspar2014.genereg.net?ID=MA0121.1&rm=present&collection=CORE

MOTIF MA0123.1 abi4

letter-probability matrix: alength= 4 w= 10 nsites= 49 E= 0
  0.000000	  1.000000	  0.000000	  0.000000	
  0.244898	  0.000000	  0.755102	  0.000000	
  0.000000	  0.408163	  0.591837	  0.000000	
  0.000000	  0.469388	  0.020408	  0.510204	
  0.020408	  0.061224	  0.918367	  0.000000	
  0.000000	  0.918367	  0.081633	  0.000000	
  0.102041	  0.571429	  0.122449	  0.204082	
  0.061224	  0.510204	  0.224490	  0.204082	
  0.061224	  0.632653	  0.102041	  0.204082	
  0.081633	  0.530612	  0.142857	  0.244898	

URL http://jaspar2014.genereg.net?ID=MA0123.1&rm=present&collection=CORE

MOTIF MA0127.1 PEND

letter-probability matrix: alength= 4 w= 10 nsites= 42 E= 0
  0.714286	  0.047619	  0.190476	  0.047619	
  0.142857	  0.452381	  0.166667	  0.238095	
  0.023810	  0.000000	  0.047619	  0.928571	
  0.095238	  0.000000	  0.095238	  0.809524	
  0.071429	  0.785714	  0.047619	  0.095238	
  0.000000	  0.047619	  0.047619	  0.904762	
  0.047619	  0.000000	  0.023810	  0.928571	
  0.761905	  0.166667	  0.047619	  0.023810	
  0.095238	  0.071429	  0.000000	  0.833333	
  0.047619	  0.119048	  0.333333	  0.500000	

URL http://jaspar2014.genereg.net?ID=MA0127.1&rm=present&collection=CORE

MOTIF MA0128.1 EmBP-1

letter-probability matrix: alength= 4 w= 8 nsites= 13 E= 0
  0.692308	  0.000000	  0.000000	  0.307692	
  0.076923	  0.538462	  0.307692	  0.076923	
  1.000000	  0.000000	  0.000000	  0.000000	
  0.000000	  0.923077	  0.000000	  0.076923	
  0.000000	  0.000000	  1.000000	  0.000000	
  0.000000	  0.000000	  0.000000	  1.000000	
  0.000000	  0.076923	  0.923077	  0.000000	
  0.000000	  0.076923	  0.923077	  0.000000	

URL http://jaspar2014.genereg.net?ID=MA0128.1&rm=present&collection=CORE

MOTIF MA0129.1 TGA1A

letter-probability matrix: alength= 4 w= 7 nsites= 15 E= 0
  0.266667	  0.266667	  0.000000	  0.466667	
  0.866667	  0.000000	  0.066667	  0.066667	
  0.000000	  0.933333	  0.000000	  0.066667	
  0.133333	  0.000000	  0.866667	  0.000000	
  0.066667	  0.000000	  0.000000	  0.933333	
  0.000000	  1.000000	  0.000000	  0.000000	
  0.866667	  0.000000	  0.066667	  0.066667	

URL http://jaspar2014.genereg.net?ID=MA0129.1&rm=present&collection=CORE

MOTIF MA0548.1 AGL15

letter-probability matrix: alength= 4 w= 15 nsites= 150 E= 0
  0.060000	  0.033333	  0.020000	  0.886667	
  0.026667	  0.066667	  0.040000	  0.866667	
  0.120000	  0.000000	  0.073333	  0.806667	
  0.000000	  0.960000	  0.013333	  0.026667	
  0.026667	  0.660000	  0.006667	  0.306667	
  0.420000	  0.133333	  0.120000	  0.326667	
  0.100000	  0.153333	  0.106667	  0.640000	
  0.220000	  0.026667	  0.020000	  0.733333	
  0.020000	  0.000000	  0.000000	  0.980000	
  0.100000	  0.060000	  0.053333	  0.786667	
  0.093333	  0.093333	  0.180000	  0.633333	
  0.120000	  0.000000	  0.826667	  0.053333	
  0.013333	  0.000000	  0.733333	  0.253333	
  0.360000	  0.200000	  0.200000	  0.240000	
  0.533333	  0.066667	  0.073333	  0.326667	

URL http://jaspar2014.genereg.net?ID=MA0548.1&rm=present&collection=CORE

MOTIF MA0549.1 BES1

letter-probability matrix: alength= 4 w= 11 nsites= 99 E= 0
  0.232323	  0.454545	  0.101010	  0.212121	
  0.414141	  0.080808	  0.505051	  0.000000	
  0.000000	  1.000000	  0.000000	  0.000000	
  0.898990	  0.000000	  0.040404	  0.060606	
  0.000000	  1.000000	  0.000000	  0.000000	
  0.000000	  0.000000	  1.000000	  0.000000	
  0.000000	  0.000000	  0.000000	  1.000000	
  0.030303	  0.000000	  0.969697	  0.000000	
  0.161616	  0.050505	  0.363636	  0.424242	
  0.171717	  0.333333	  0.464646	  0.030303	
  0.363636	  0.292929	  0.333333	  0.010101	

URL http://jaspar2014.genereg.net?ID=MA0549.1&rm=present&collection=CORE

MOTIF MA0550.1 BZR1

letter-probability matrix: alength= 4 w= 14 nsites= 153 E= 0
  0.411765	  0.392157	  0.196078	  0.000000	
  0.359477	  0.307190	  0.176471	  0.156863	
  0.196078	  0.130719	  0.339869	  0.333333	
  0.320261	  0.431373	  0.169935	  0.078431	
  0.000000	  1.000000	  0.000000	  0.000000	
  0.960784	  0.013072	  0.000000	  0.026144	
  0.039216	  0.960784	  0.000000	  0.000000	
  0.000000	  0.000000	  1.000000	  0.000000	
  0.000000	  0.000000	  0.000000	  1.000000	
  0.039216	  0.032680	  0.928105	  0.000000	
  0.274510	  0.000000	  0.254902	  0.470588	
  0.267974	  0.346405	  0.281046	  0.104575	
  0.274510	  0.398693	  0.143791	  0.183007	
  0.529412	  0.254902	  0.000000	  0.215686	

URL http://jaspar2014.genereg.net?ID=MA0550.1&rm=present&collection=CORE

MOTIF MA0551.1 HY5

letter-probability matrix: alength= 4 w= 16 nsites= 320 E= 0
  0.321875	  0.187500	  0.212500	  0.278125	
  0.337500	  0.175000	  0.193750	  0.293750	
  0.162500	  0.171875	  0.093750	  0.571875	
  0.028125	  0.025000	  0.871875	  0.075000	
  0.468750	  0.515625	  0.003125	  0.012500	
  0.000000	  0.990625	  0.003125	  0.006250	
  0.968750	  0.003125	  0.028125	  0.000000	
  0.009375	  0.971875	  0.015625	  0.003125	
  0.003125	  0.015625	  0.971875	  0.009375	
  0.000000	  0.028125	  0.003125	  0.968750	
  0.006250	  0.003125	  0.990625	  0.000000	
  0.012500	  0.003125	  0.515625	  0.468750	
  0.075000	  0.871875	  0.025000	  0.028125	
  0.571875	  0.093750	  0.171875	  0.162500	
  0.293750	  0.193750	  0.175000	  0.337500	
  0.278125	  0.212500	  0.187500	  0.321875	

URL http://jaspar2014.genereg.net?ID=MA0551.1&rm=present&collection=CORE

MOTIF MA0552.1 PIL5

letter-probability matrix: alength= 4 w= 14 nsites= 114 E= 0
  0.324561	  0.105263	  0.324561	  0.245614	
  0.219298	  0.000000	  0.464912	  0.315789	
  0.307018	  0.245614	  0.254386	  0.192982	
  0.464912	  0.070175	  0.350877	  0.114035	
  0.236842	  0.236842	  0.280702	  0.245614	
  0.078947	  0.149123	  0.640351	  0.131579	
  0.333333	  0.122807	  0.122807	  0.421053	
  0.000000	  0.903509	  0.096491	  0.000000	
  1.000000	  0.000000	  0.000000	  0.000000	
  0.000000	  0.991228	  0.008772	  0.000000	
  0.000000	  0.000000	  1.000000	  0.000000	
  0.000000	  0.017544	  0.000000	  0.982456	
  0.000000	  0.000000	  1.000000	  0.000000	
  0.192982	  0.201754	  0.447368	  0.157895	

URL http://jaspar2014.genereg.net?ID=MA0552.1&rm=present&collection=CORE

MOTIF MA0553.1 SMZ

letter-probability matrix: alength= 4 w= 8 nsites= 147 E= 0
  0.000000	  0.714286	  0.000000	  0.285714	
  0.000000	  0.809524	  0.190476	  0.000000	
  0.000000	  0.000000	  0.000000	  1.000000	
  0.000000	  1.000000	  0.000000	  0.000000	
  0.000000	  0.000000	  1.000000	  0.000000	
  0.000000	  0.000000	  0.170068	  0.829932	
  0.918367	  0.081633	  0.000000	  0.000000	
  0.000000	  1.000000	  0.000000	  0.000000	

URL http://jaspar2014.genereg.net?ID=MA0553.1&rm=present&collection=CORE

MOTIF MA0554.1 SOC1

letter-probability matrix: alength= 4 w= 21 nsites= 806 E= 0
  0.000000	  0.259305	  0.142680	  0.598015	
  0.000000	  0.260546	  0.167494	  0.571960	
  0.040943	  0.208437	  0.000000	  0.750620	
  0.000000	  0.404467	  0.054591	  0.540943	
  0.172457	  0.155087	  0.147643	  0.524814	
  0.096774	  0.276675	  0.117866	  0.508685	
  0.000000	  0.255583	  0.028536	  0.715881	
  0.096774	  0.189826	  0.152605	  0.560794	
  0.079404	  0.000000	  0.007444	  0.913151	
  0.000000	  0.326303	  0.122829	  0.550868	
  0.073201	  0.111663	  0.070720	  0.744417	
  0.000000	  0.320099	  0.166253	  0.513648	
  0.000000	  0.223325	  0.012407	  0.764268	
  0.000000	  0.425558	  0.096774	  0.477667	
  0.060794	  0.000000	  0.142680	  0.796526	
  0.145161	  0.354839	  0.000000	  0.500000	
  0.000000	  0.150124	  0.000000	  0.849876	
  0.040943	  0.258065	  0.079404	  0.621588	
  0.017370	  0.235732	  0.000000	  0.746898	
  0.098015	  0.297767	  0.121588	  0.482630	
  0.156328	  0.168734	  0.182382	  0.492556	

URL http://jaspar2014.genereg.net?ID=MA0554.1&rm=present&collection=CORE

MOTIF MA0555.1 SVP

letter-probability matrix: alength= 4 w= 20 nsites= 92 E= 0
  0.304348	  0.260870	  0.228261	  0.206522	
  0.304348	  0.119565	  0.086957	  0.489130	
  0.304348	  0.010870	  0.108696	  0.576087	
  0.358696	  0.173913	  0.119565	  0.347826	
  0.076087	  0.923913	  0.000000	  0.000000	
  0.032609	  0.858696	  0.010870	  0.097826	
  0.630435	  0.173913	  0.076087	  0.119565	
  0.728261	  0.054348	  0.086957	  0.130435	
  0.934783	  0.000000	  0.000000	  0.065217	
  0.836957	  0.010870	  0.021739	  0.130435	
  0.847826	  0.086957	  0.032609	  0.032609	
  0.369565	  0.108696	  0.152174	  0.369565	
  0.173913	  0.000000	  0.804348	  0.021739	
  0.000000	  0.000000	  1.000000	  0.000000	
  0.771739	  0.108696	  0.000000	  0.119565	
  0.913043	  0.021739	  0.021739	  0.043478	
  0.836957	  0.076087	  0.021739	  0.065217	
  0.369565	  0.086957	  0.423913	  0.119565	
  0.543478	  0.173913	  0.054348	  0.228261	
  0.413043	  0.228261	  0.032609	  0.326087	

URL http://jaspar2014.genereg.net?ID=MA0555.1&rm=present&collection=CORE

MOTIF MA0556.1 AP3

letter-probability matrix: alength= 4 w= 15 nsites= 291 E= 0
  0.316151	  0.123711	  0.068729	  0.491409	
  0.288660	  0.113402	  0.134021	  0.463918	
  0.164948	  0.828179	  0.000000	  0.006873	
  0.000000	  0.797251	  0.003436	  0.199313	
  0.635739	  0.209622	  0.037801	  0.116838	
  0.745704	  0.075601	  0.037801	  0.140893	
  0.972509	  0.000000	  0.000000	  0.027491	
  0.824742	  0.003436	  0.000000	  0.171821	
  0.536082	  0.034364	  0.357388	  0.072165	
  0.326460	  0.000000	  0.103093	  0.570447	
  0.336770	  0.006873	  0.656357	  0.000000	
  0.024055	  0.000000	  0.975945	  0.000000	
  0.628866	  0.192440	  0.017182	  0.161512	
  0.793814	  0.061856	  0.030928	  0.113402	
  0.835052	  0.030928	  0.065292	  0.068729	

URL http://jaspar2014.genereg.net?ID=MA0556.1&rm=present&collection=CORE

MOTIF MA0557.1 FHY3

letter-probability matrix: alength= 4 w= 12 nsites= 235 E= 0
  0.195745	  0.344681	  0.170213	  0.289362	
  0.319149	  0.246809	  0.106383	  0.327660	
  0.038298	  0.893617	  0.038298	  0.029787	
  0.961702	  0.012766	  0.008511	  0.017021	
  0.008511	  0.978723	  0.004255	  0.008511	
  0.012766	  0.068085	  0.906383	  0.012766	
  0.000000	  0.936170	  0.000000	  0.063830	
  0.017021	  0.000000	  0.970213	  0.012766	
  0.076596	  0.885106	  0.025532	  0.012766	
  0.068085	  0.170213	  0.072340	  0.689362	
  0.268085	  0.289362	  0.170213	  0.272340	
  0.348936	  0.187234	  0.212766	  0.251064	

URL http://jaspar2014.genereg.net?ID=MA0557.1&rm=present&collection=CORE

MOTIF MA0558.1 FLC

letter-probability matrix: alength= 4 w= 21 nsites= 275 E= 0
  0.440000	  0.160000	  0.163636	  0.236364	
  0.327273	  0.221818	  0.229091	  0.221818	
  0.345455	  0.134545	  0.076364	  0.443636	
  0.298182	  0.094545	  0.130909	  0.476364	
  0.283636	  0.090909	  0.240000	  0.385455	
  0.196364	  0.701818	  0.043636	  0.058182	
  0.032727	  0.672727	  0.014545	  0.280000	
  0.490909	  0.254545	  0.134545	  0.120000	
  0.720000	  0.036364	  0.138182	  0.105455	
  0.949091	  0.000000	  0.010909	  0.040000	
  0.847273	  0.010909	  0.010909	  0.130909	
  0.701818	  0.010909	  0.065455	  0.221818	
  0.283636	  0.040000	  0.054545	  0.621818	
  0.512727	  0.000000	  0.487273	  0.000000	
  0.000000	  0.000000	  1.000000	  0.000000	
  0.789091	  0.076364	  0.021818	  0.112727	
  0.974545	  0.010909	  0.014545	  0.000000	
  0.934545	  0.003636	  0.054545	  0.007273	
  0.225455	  0.156364	  0.538182	  0.080000	
  0.396364	  0.170909	  0.061818	  0.370909	
  0.374545	  0.181818	  0.105455	  0.338182	

URL http://jaspar2014.genereg.net?ID=MA0558.1&rm=present&collection=CORE

MOTIF MA0559.1 PI

letter-probability matrix: alength= 4 w= 14 nsites= 558 E= 0
  0.279570	  0.600358	  0.086022	  0.034050	
  0.102151	  0.706093	  0.078853	  0.112903	
  0.639785	  0.141577	  0.120072	  0.098566	
  0.802867	  0.021505	  0.148746	  0.026882	
  0.987455	  0.001792	  0.007168	  0.003584	
  0.892473	  0.000000	  0.021505	  0.086022	
  0.539427	  0.014337	  0.437276	  0.008961	
  0.559140	  0.025090	  0.123656	  0.292115	
  0.413978	  0.000000	  0.586022	  0.000000	
  0.012545	  0.010753	  0.976703	  0.000000	
  0.799283	  0.096774	  0.012545	  0.091398	
  0.887097	  0.012545	  0.043011	  0.057348	
  0.817204	  0.046595	  0.107527	  0.028674	
  0.458781	  0.103943	  0.356631	  0.080645	

URL http://jaspar2014.genereg.net?ID=MA0559.1&rm=present&collection=CORE

MOTIF MA0560.1 PIF3

letter-probability matrix: alength= 4 w= 10 nsites= 527 E= 0
  0.398482	  0.049336	  0.280835	  0.271347	
  0.110057	  0.248577	  0.421252	  0.220114	
  0.036053	  0.757116	  0.178368	  0.028463	
  0.000000	  1.000000	  0.000000	  0.000000	
  1.000000	  0.000000	  0.000000	  0.000000	
  0.000000	  0.776091	  0.000000	  0.223909	
  0.000000	  0.000000	  1.000000	  0.000000	
  0.000000	  0.000000	  0.000000	  1.000000	
  0.000000	  0.000000	  1.000000	  0.000000	
  0.491461	  0.062619	  0.259962	  0.185958	

URL http://jaspar2014.genereg.net?ID=MA0560.1&rm=present&collection=CORE

MOTIF MA0561.1 PIF4

letter-probability matrix: alength= 4 w= 8 nsites= 335 E= 0
  0.000000	  1.000000	  0.000000	  0.000000	
  1.000000	  0.000000	  0.000000	  0.000000	
  0.000000	  1.000000	  0.000000	  0.000000	
  0.146269	  0.000000	  0.853731	  0.000000	
  0.000000	  0.000000	  0.000000	  1.000000	
  0.000000	  0.000000	  1.000000	  0.000000	
  0.000000	  0.295522	  0.546269	  0.158209	
  0.191045	  0.614925	  0.194030	  0.000000	

URL http://jaspar2014.genereg.net?ID=MA0561.1&rm=present&collection=CORE

MOTIF MA0562.1 PIF5

letter-probability matrix: alength= 4 w= 8 nsites= 286 E= 0
  0.000000	  0.272727	  0.000000	  0.727273	
  0.000000	  1.000000	  0.000000	  0.000000	
  1.000000	  0.000000	  0.000000	  0.000000	
  0.000000	  1.000000	  0.000000	  0.000000	
  0.318182	  0.000000	  0.681818	  0.000000	
  0.000000	  0.000000	  0.000000	  1.000000	
  0.000000	  0.000000	  1.000000	  0.000000	
  0.000000	  0.332168	  0.562937	  0.104895	

URL http://jaspar2014.genereg.net?ID=MA0562.1&rm=present&collection=CORE

MOTIF MA0563.1 SEP3

letter-probability matrix: alength= 4 w= 11 nsites= 150 E= 0
  0.160000	  0.246667	  0.193333	  0.400000	
  0.126667	  0.740000	  0.033333	  0.100000	
  0.006667	  0.646667	  0.006667	  0.340000	
  0.513333	  0.000000	  0.000000	  0.486667	
  0.080000	  0.186667	  0.033333	  0.700000	
  0.126667	  0.000000	  0.033333	  0.840000	
  0.000000	  0.000000	  0.000000	  1.000000	
  0.060000	  0.000000	  0.160000	  0.780000	
  0.073333	  0.020000	  0.146667	  0.760000	
  0.060000	  0.000000	  0.920000	  0.020000	
  0.000000	  0.046667	  0.760000	  0.193333	

URL http://jaspar2014.genereg.net?ID=MA0563.1&rm=present&collection=CORE

MOTIF MA0564.1 ABI3

letter-probability matrix: alength= 4 w= 9 nsites= 100 E= 0
  0.060000	  0.600000	  0.090000	  0.250000	
  0.151515	  0.161616	  0.151515	  0.535354	
  0.030000	  0.070000	  0.850000	  0.050000	
  0.010000	  0.960000	  0.020000	  0.010000	
  0.970000	  0.010000	  0.010000	  0.010000	
  0.010000	  0.010000	  0.010000	  0.970000	
  0.010101	  0.010101	  0.969697	  0.010101	
  0.060000	  0.840000	  0.080000	  0.020000	
  0.500000	  0.150000	  0.130000	  0.220000	

URL http://jaspar2014.genereg.net?ID=MA0564.1&rm=present&collection=CORE

MOTIF MA0565.1 FUS3

letter-probability matrix: alength= 4 w= 9 nsites= 100 E= 0
  0.079208	  0.603960	  0.039604	  0.277228	
  0.009901	  0.019802	  0.960396	  0.009901	
  0.010000	  0.990000	  0.000000	  0.000000	
  0.990000	  0.000000	  0.000000	  0.010000	
  0.009901	  0.000000	  0.009901	  0.980198	
  0.000000	  0.000000	  0.990000	  0.010000	
  0.009901	  0.960396	  0.019802	  0.009901	
  0.290000	  0.030000	  0.590000	  0.090000	
  0.150000	  0.440000	  0.250000	  0.160000	

URL http://jaspar2014.genereg.net?ID=MA0565.1&rm=present&collection=CORE

MOTIF MA0566.1 MYC2

letter-probability matrix: alength= 4 w= 8 nsites= 100 E= 0
  0.250000	  0.100000	  0.600000	  0.050000	
  0.090000	  0.910000	  0.000000	  0.000000	
  0.970000	  0.000000	  0.020000	  0.010000	
  0.000000	  0.850000	  0.000000	  0.150000	
  0.150000	  0.000000	  0.850000	  0.000000	
  0.010000	  0.020000	  0.000000	  0.970000	
  0.000000	  0.000000	  0.910000	  0.090000	
  0.050000	  0.600000	  0.100000	  0.250000	

URL http://jaspar2014.genereg.net?ID=MA0566.1&rm=present&collection=CORE

MOTIF MA0567.1 ERF1

letter-probability matrix: alength= 4 w= 8 nsites= 100 E= 0
  0.420000	  0.540000	  0.030000	  0.010000	
  0.009901	  0.009901	  0.970297	  0.009901	
  0.000000	  0.980000	  0.010000	  0.010000	
  0.040000	  0.960000	  0.000000	  0.000000	
  0.020000	  0.000000	  0.970000	  0.010000	
  0.020000	  0.920000	  0.020000	  0.040000	
  0.009901	  0.970297	  0.009901	  0.009901	
  0.585859	  0.050505	  0.242424	  0.121212	

URL http://jaspar2014.genereg.net?ID=MA0567.1&rm=present&collection=CORE

MOTIF MA0568.1 MYC3

letter-probability matrix: alength= 4 w= 8 nsites= 100 E= 0
  0.250000	  0.280000	  0.400000	  0.070000	
  0.101010	  0.898990	  0.000000	  0.000000	
  0.970000	  0.000000	  0.020000	  0.010000	
  0.000000	  0.840000	  0.000000	  0.160000	
  0.160000	  0.000000	  0.840000	  0.000000	
  0.010000	  0.020000	  0.000000	  0.970000	
  0.000000	  0.000000	  0.898990	  0.101010	
  0.070000	  0.400000	  0.280000	  0.250000	

URL http://jaspar2014.genereg.net?ID=MA0568.1&rm=present&collection=CORE

MOTIF MA0569.1 MYC4

letter-probability matrix: alength= 4 w= 8 nsites= 100 E= 0
  0.380000	  0.180000	  0.360000	  0.080000	
  0.050000	  0.950000	  0.000000	  0.000000	
  0.990000	  0.000000	  0.000000	  0.010000	
  0.000000	  0.940000	  0.000000	  0.060000	
  0.020000	  0.000000	  0.980000	  0.000000	
  0.000000	  0.010000	  0.000000	  0.990000	
  0.000000	  0.000000	  0.980000	  0.020000	
  0.020202	  0.727273	  0.080808	  0.171717	

URL http://jaspar2014.genereg.net?ID=MA0569.1&rm=present&collection=CORE

MOTIF MA0570.1 ABF1

letter-probability matrix: alength= 4 w= 19 nsites= 44 E= 0
  0.000000	  0.090909	  0.727273	  0.181818	
  0.181818	  0.045455	  0.636364	  0.136364	
  0.431818	  0.363636	  0.000000	  0.204545	
  0.000000	  0.795455	  0.181818	  0.022727	
  0.977273	  0.000000	  0.022727	  0.000000	
  0.000000	  1.000000	  0.000000	  0.000000	
  0.000000	  0.000000	  1.000000	  0.000000	
  0.000000	  0.000000	  0.000000	  1.000000	
  0.000000	  0.000000	  1.000000	  0.000000	
  0.000000	  0.000000	  0.863636	  0.136364	
  0.000000	  1.000000	  0.000000	  0.000000	
  0.386364	  0.318182	  0.204545	  0.090909	
  0.136364	  0.545455	  0.204545	  0.113636	
  0.295455	  0.136364	  0.477273	  0.090909	
  0.454545	  0.250000	  0.250000	  0.045455	
  0.272727	  0.431818	  0.295455	  0.000000	
  0.295455	  0.272727	  0.386364	  0.045455	
  0.227273	  0.136364	  0.522727	  0.113636	
  0.295455	  0.204545	  0.454545	  0.045455	

URL http://jaspar2014.genereg.net?ID=MA0570.1&rm=present&collection=CORE

MOTIF MA0005.2 AG

letter-probability matrix: alength= 4 w= 18 nsites= 66 E= 0
  0.318182	  0.303030	  0.090909	  0.287879	
  0.136364	  0.045455	  0.045455	  0.772727	
  0.151515	  0.000000	  0.015152	  0.833333	
  0.439394	  0.121212	  0.121212	  0.318182	
  0.000000	  1.000000	  0.000000	  0.000000	
  0.000000	  0.984848	  0.000000	  0.015152	
  0.469697	  0.045455	  0.090909	  0.393939	
  0.712121	  0.030303	  0.000000	  0.257576	
  0.787879	  0.000000	  0.015152	  0.196970	
  0.378788	  0.000000	  0.015152	  0.606061	
  0.257576	  0.227273	  0.166667	  0.348485	
  0.287879	  0.121212	  0.303030	  0.287879	
  0.106061	  0.000000	  0.863636	  0.030303	
  0.030303	  0.000000	  0.818182	  0.151515	
  0.333333	  0.257576	  0.075758	  0.333333	
  0.681818	  0.060606	  0.075758	  0.181818	
  0.606061	  0.090909	  0.136364	  0.166667	
  0.227273	  0.151515	  0.242424	  0.378788	

URL http://jaspar2014.genereg.net?ID=MA0005.2&rm=present&collection=CORE

MOTIF MA0571.1 ANT

letter-probability matrix: alength= 4 w= 21 nsites= 34 E= 0
  0.176471	  0.117647	  0.352941	  0.352941	
  0.147059	  0.205882	  0.382353	  0.264706	
  0.235294	  0.000000	  0.705882	  0.058824	
  0.000000	  0.941176	  0.000000	  0.058824	
  0.911765	  0.000000	  0.058824	  0.029412	
  0.000000	  1.000000	  0.000000	  0.000000	
  0.617647	  0.000000	  0.382353	  0.000000	
  0.235294	  0.176471	  0.441176	  0.147059	
  0.441176	  0.029412	  0.029412	  0.500000	
  0.000000	  0.088235	  0.000000	  0.911765	
  0.117647	  0.735294	  0.000000	  0.147059	
  0.000000	  1.000000	  0.000000	  0.000000	
  0.000000	  0.970588	  0.000000	  0.029412	
  0.264706	  0.323529	  0.382353	  0.029412	
  1.000000	  0.000000	  0.000000	  0.000000	
  0.205882	  0.029412	  0.470588	  0.294118	
  0.088235	  0.029412	  0.852941	  0.029412	
  0.058824	  0.294118	  0.088235	  0.558824	
  0.235294	  0.176471	  0.411765	  0.176471	
  0.352941	  0.294118	  0.117647	  0.235294	
  0.558824	  0.117647	  0.088235	  0.235294	

URL http://jaspar2014.genereg.net?ID=MA0571.1&rm=present&collection=CORE

MOTIF MA0572.1 ATHB1

letter-probability matrix: alength= 4 w= 12 nsites= 22 E= 0
  0.052632	  0.263158	  0.157895	  0.526316	
  0.181818	  0.227273	  0.136364	  0.454545	
  0.130435	  0.565217	  0.173913	  0.130435	
  0.916667	  0.041667	  0.000000	  0.041667	
  1.000000	  0.000000	  0.000000	  0.000000	
  0.000000	  0.000000	  0.000000	  1.000000	
  0.000000	  0.200000	  0.000000	  0.800000	
  1.000000	  0.000000	  0.000000	  0.000000	
  0.000000	  0.000000	  0.000000	  1.000000	
  0.000000	  0.000000	  0.000000	  1.000000	
  0.187500	  0.062500	  0.750000	  0.000000	
  0.133333	  0.533333	  0.266667	  0.066667	

URL http://jaspar2014.genereg.net?ID=MA0572.1&rm=present&collection=CORE

MOTIF MA0110.2 ATHB5

letter-probability matrix: alength= 4 w= 13 nsites= 35 E= 0
  0.000000	  0.300000	  0.400000	  0.300000	
  0.117647	  0.264706	  0.500000	  0.117647	
  0.055556	  0.333333	  0.222222	  0.388889	
  0.055556	  0.472222	  0.277778	  0.194444	
  0.000000	  0.820513	  0.102564	  0.076923	
  0.820513	  0.153846	  0.000000	  0.025641	
  1.000000	  0.000000	  0.000000	  0.000000	
  0.000000	  0.000000	  0.000000	  1.000000	
  0.051282	  0.205128	  0.179487	  0.564103	
  1.000000	  0.000000	  0.000000	  0.000000	
  0.000000	  0.000000	  0.000000	  1.000000	
  0.000000	  0.000000	  0.000000	  1.000000	
  0.000000	  0.000000	  0.875000	  0.125000	

URL http://jaspar2014.genereg.net?ID=MA0110.2&rm=present&collection=CORE

MOTIF MA0573.1 ATHB9

letter-probability matrix: alength= 4 w= 19 nsites= 21 E= 0
  0.444444	  0.222222	  0.111111	  0.222222	
  0.357143	  0.214286	  0.214286	  0.214286	
  0.312500	  0.250000	  0.125000	  0.312500	
  0.166667	  0.444444	  0.111111	  0.277778	
  0.000000	  0.038462	  0.961538	  0.000000	
  0.000000	  0.230769	  0.000000	  0.769231	
  0.961538	  0.000000	  0.038462	  0.000000	
  1.000000	  0.000000	  0.000000	  0.000000	
  0.000000	  0.000000	  0.000000	  1.000000	
  0.000000	  0.000000	  1.000000	  0.000000	
  1.000000	  0.000000	  0.000000	  0.000000	
  0.000000	  0.000000	  0.000000	  1.000000	
  0.000000	  0.000000	  0.115385	  0.884615	
  0.653846	  0.000000	  0.346154	  0.000000	
  0.000000	  0.961538	  0.038462	  0.000000	
  0.294118	  0.058824	  0.235294	  0.411765	
  0.166667	  0.500000	  0.000000	  0.333333	
  0.000000	  0.300000	  0.400000	  0.300000	
  0.000000	  0.625000	  0.375000	  0.000000	

URL http://jaspar2014.genereg.net?ID=MA0573.1&rm=present&collection=CORE

MOTIF MA0574.1 AtMYB15

letter-probability matrix: alength= 4 w= 13 nsites= 100 E= 0
  0.040000	  0.730000	  0.090000	  0.140000	
  0.270000	  0.180000	  0.510000	  0.040000	
  0.640000	  0.180000	  0.180000	  0.000000	
  0.040000	  0.640000	  0.180000	  0.140000	
  0.000000	  0.000000	  1.000000	  0.000000	
  0.000000	  0.000000	  1.000000	  0.000000	
  0.000000	  0.000000	  0.000000	  1.000000	
  0.870000	  0.040000	  0.000000	  0.090000	
  0.000000	  0.000000	  1.000000	  0.000000	
  0.000000	  0.000000	  1.000000	  0.000000	
  0.000000	  0.000000	  0.000000	  1.000000	
  0.180000	  0.000000	  0.780000	  0.040000	
  0.040000	  0.000000	  0.870000	  0.090000	

URL http://jaspar2014.genereg.net?ID=MA0574.1&rm=present&collection=CORE

MOTIF MA0575.1 AtMYB77

letter-probability matrix: alength= 4 w= 13 nsites= 100 E= 0
  0.330000	  0.300000	  0.200000	  0.170000	
  0.570000	  0.170000	  0.170000	  0.090000	
  0.270000	  0.090000	  0.370000	  0.270000	
  0.060000	  0.300000	  0.200000	  0.440000	
  0.090000	  0.060000	  0.820000	  0.030000	
  0.680000	  0.030000	  0.230000	  0.060000	
  0.000000	  1.000000	  0.000000	  0.000000	
  0.500000	  0.000000	  0.500000	  0.000000	
  0.000000	  0.000000	  1.000000	  0.000000	
  0.000000	  0.000000	  0.000000	  1.000000	
  0.000000	  0.000000	  0.000000	  1.000000	
  0.680000	  0.030000	  0.260000	  0.030000	
  0.030000	  0.550000	  0.300000	  0.120000	

URL http://jaspar2014.genereg.net?ID=MA0575.1&rm=present&collection=CORE

MOTIF MA0576.1 AtMYB84

letter-probability matrix: alength= 4 w= 13 nsites= 100 E= 0
  0.220000	  0.180000	  0.420000	  0.180000	
  0.000000	  0.140000	  0.860000	  0.000000	
  0.180000	  0.040000	  0.780000	  0.000000	
  0.140000	  0.090000	  0.550000	  0.220000	
  0.000000	  0.000000	  1.000000	  0.000000	
  0.000000	  0.000000	  1.000000	  0.000000	
  0.000000	  0.000000	  0.000000	  1.000000	
  0.780000	  0.040000	  0.040000	  0.140000	
  0.000000	  0.000000	  1.000000	  0.000000	
  0.000000	  0.000000	  1.000000	  0.000000	
  0.000000	  0.000000	  0.000000	  1.000000	
  0.000000	  0.000000	  0.960000	  0.040000	
  0.040000	  0.320000	  0.600000	  0.040000	

URL http://jaspar2014.genereg.net?ID=MA0576.1&rm=present&collection=CORE

MOTIF MA0577.1 AtSPL3

letter-probability matrix: alength= 4 w= 16 nsites= 34 E= 0
  0.382353	  0.088235	  0.264706	  0.264706	
  0.235294	  0.058824	  0.235294	  0.470588	
  0.411765	  0.000000	  0.176471	  0.411765	
  0.294118	  0.029412	  0.382353	  0.294118	
  0.382353	  0.441176	  0.029412	  0.147059	
  0.058824	  0.852941	  0.058824	  0.029412	
  0.000000	  0.000000	  1.000000	  0.000000	
  0.000000	  0.000000	  0.000000	  1.000000	
  1.000000	  0.000000	  0.000000	  0.000000	
  0.000000	  1.000000	  0.000000	  0.000000	
  0.294118	  0.205882	  0.205882	  0.294118	
  0.382353	  0.176471	  0.058824	  0.382353	
  0.235294	  0.264706	  0.117647	  0.382353	
  0.294118	  0.235294	  0.058824	  0.411765	
  0.352941	  0.205882	  0.000000	  0.441176	
  0.264706	  0.352941	  0.088235	  0.294118	

URL http://jaspar2014.genereg.net?ID=MA0577.1&rm=present&collection=CORE

MOTIF MA0578.1 AtSPL8

letter-probability matrix: alength= 4 w= 16 nsites= 30 E= 0
  0.366667	  0.033333	  0.133333	  0.466667	
  0.366667	  0.000000	  0.200000	  0.433333	
  0.300000	  0.133333	  0.200000	  0.366667	
  0.333333	  0.033333	  0.133333	  0.500000	
  0.333333	  0.200000	  0.133333	  0.333333	
  0.100000	  0.333333	  0.066667	  0.500000	
  0.000000	  0.000000	  1.000000	  0.000000	
  0.000000	  0.000000	  0.000000	  1.000000	
  1.000000	  0.000000	  0.000000	  0.000000	
  0.000000	  1.000000	  0.000000	  0.000000	
  0.200000	  0.400000	  0.033333	  0.366667	
  0.333333	  0.233333	  0.000000	  0.433333	
  0.166667	  0.266667	  0.033333	  0.533333	
  0.433333	  0.166667	  0.000000	  0.400000	
  0.333333	  0.100000	  0.000000	  0.566667	
  0.366667	  0.200000	  0.000000	  0.433333	

URL http://jaspar2014.genereg.net?ID=MA0578.1&rm=present&collection=CORE

MOTIF MA0579.1 CDC5

letter-probability matrix: alength= 4 w= 11 nsites= 100 E= 0
  0.282828	  0.242424	  0.323232	  0.151515	
  0.170000	  0.260000	  0.550000	  0.020000	
  0.000000	  0.920000	  0.040000	  0.040000	
  0.020000	  0.020000	  0.000000	  0.960000	
  0.060606	  0.858586	  0.000000	  0.080808	
  0.919192	  0.020202	  0.020202	  0.040404	
  0.020202	  0.000000	  0.939394	  0.040404	
  0.020000	  0.930000	  0.050000	  0.000000	
  0.040404	  0.040404	  0.919192	  0.000000	
  0.020000	  0.550000	  0.270000	  0.160000	
  0.180000	  0.230000	  0.450000	  0.140000	

URL http://jaspar2014.genereg.net?ID=MA0579.1&rm=present&collection=CORE

MOTIF MA0580.1 DYT1

letter-probability matrix: alength= 4 w= 14 nsites= 11 E= 0
  0.363636	  0.545455	  0.000000	  0.090909	
  0.272727	  0.090909	  0.636364	  0.000000	
  0.090909	  0.181818	  0.090909	  0.636364	
  0.181818	  0.181818	  0.545455	  0.090909	
  0.909091	  0.090909	  0.000000	  0.000000	
  0.272727	  0.000000	  0.636364	  0.090909	
  0.363636	  0.000000	  0.000000	  0.636364	
  0.000000	  1.000000	  0.000000	  0.000000	
  1.000000	  0.000000	  0.000000	  0.000000	
  0.000000	  1.000000	  0.000000	  0.000000	
  0.090909	  0.000000	  0.909091	  0.000000	
  0.000000	  0.000000	  0.000000	  1.000000	
  0.000000	  0.000000	  1.000000	  0.000000	
  1.000000	  0.000000	  0.000000	  0.000000	

URL http://jaspar2014.genereg.net?ID=MA0580.1&rm=present&collection=CORE

MOTIF MA0581.1 LEC2

letter-probability matrix: alength= 4 w= 11 nsites= 487 E= 0
  0.219713	  0.176591	  0.244353	  0.359343	
  0.197125	  0.334702	  0.338809	  0.129363	
  0.004107	  0.975359	  0.000000	  0.020534	
  1.000000	  0.000000	  0.000000	  0.000000	
  0.000000	  0.000000	  0.000000	  1.000000	
  0.000000	  0.000000	  1.000000	  0.000000	
  0.000000	  1.000000	  0.000000	  0.000000	
  0.618070	  0.061602	  0.320329	  0.000000	
  0.236140	  0.447639	  0.123203	  0.193018	
  0.468172	  0.176591	  0.090349	  0.264887	
  0.197125	  0.162218	  0.127310	  0.513347	

URL http://jaspar2014.genereg.net?ID=MA0581.1&rm=present&collection=CORE

MOTIF MA0582.1 RAV1

letter-probability matrix: alength= 4 w= 12 nsites= 64 E= 0
  0.285714	  0.346939	  0.244898	  0.122449	
  0.313725	  0.215686	  0.196078	  0.274510	
  0.122807	  0.245614	  0.614035	  0.017544	
  0.000000	  1.000000	  0.000000	  0.000000	
  0.691176	  0.176471	  0.132353	  0.000000	
  0.898551	  0.057971	  0.043478	  0.000000	
  0.000000	  1.000000	  0.000000	  0.000000	
  1.000000	  0.000000	  0.000000	  0.000000	
  0.130435	  0.101449	  0.463768	  0.304348	
  0.594203	  0.057971	  0.057971	  0.289855	
  0.492754	  0.086957	  0.144928	  0.275362	
  0.391304	  0.130435	  0.246377	  0.231884	

URL http://jaspar2014.genereg.net?ID=MA0582.1&rm=present&collection=CORE

MOTIF MA0583.1 RAV1

letter-probability matrix: alength= 4 w= 12 nsites= 60 E= 0
  0.354839	  0.193548	  0.161290	  0.290323	
