MEME version 4

ALPHABET= ACGT

strands: + -

Background letter frequencies (from uniform background):
A 0.25000 C 0.25000 G 0.25000 T 0.25000 

MOTIF ALX3_DBD 

letter-probability matrix: alength= 4 w= 10 nsites= 20 E= 0
  0.256975	  0.178358	  0.418072	  0.146595	
  0.135629	  0.472732	  0.174718	  0.216920	
  0.069878	  0.311037	  0.027254	  0.591831	
  0.852722	  0.052554	  0.036089	  0.058636	
  0.940760	  0.028842	  0.012345	  0.018054	
  0.006302	  0.010633	  0.001856	  0.981209	
  0.038694	  0.039532	  0.035551	  0.886223	
  0.903997	  0.018168	  0.004952	  0.072884	
  0.323179	  0.172683	  0.342765	  0.161373	
  0.226898	  0.407022	  0.208614	  0.157465	

URL http://floresta.eead.csic.es/footprintdb/index.php?db=HumanTF:1.0&motif=ALX3_DBD

MOTIF ALX3_full_1 

letter-probability matrix: alength= 4 w= 10 nsites= 20 E= 0
  0.158817	  0.275993	  0.134823	  0.430367	
  0.125317	  0.431945	  0.146013	  0.296724	
  0.088066	  0.373447	  0.038265	  0.500222	
  0.795898	  0.051127	  0.089421	  0.063555	
  0.919566	  0.037007	  0.016460	  0.026967	
  0.009461	  0.008963	  0.000996	  0.980580	
  0.073045	  0.076399	  0.025047	  0.825508	
  0.838871	  0.047817	  0.009265	  0.104047	
  0.329736	  0.212164	  0.279964	  0.178136	
  0.350305	  0.310564	  0.190833	  0.148299	

URL http://floresta.eead.csic.es/footprintdb/index.php?db=HumanTF:1.0&motif=ALX3_full_1

MOTIF ALX3_full_2 

letter-probability matrix: alength= 4 w= 13 nsites= 20 E= 0
  0.270041	  0.326229	  0.147736	  0.255994	
  0.135458	  0.066970	  0.014419	  0.783153	
  0.867956	  0.009672	  0.043734	  0.078638	
  0.991593	  0.003603	  0.003123	  0.001681	
  0.039437	  0.166948	  0.018404	  0.775211	
  0.040026	  0.369811	  0.081116	  0.509048	
  0.283430	  0.229651	  0.163033	  0.323886	
  0.665909	  0.116188	  0.187513	  0.030391	
  0.867227	  0.035294	  0.071429	  0.026050	
  0.002396	  0.006231	  0.002157	  0.989216	
  0.121980	  0.070559	  0.009472	  0.797990	
  0.850608	  0.020194	  0.037297	  0.091902	
  0.315407	  0.276890	  0.196705	  0.210998	

URL http://floresta.eead.csic.es/footprintdb/index.php?db=HumanTF:1.0&motif=ALX3_full_2

MOTIF ALX4_DBD 

letter-probability matrix: alength= 4 w= 13 nsites= 20 E= 0
  0.267681	  0.357899	  0.144050	  0.230369	
  0.150561	  0.088436	  0.018941	  0.742062	
  0.829791	  0.018022	  0.075246	  0.076941	
  0.989893	  0.003859	  0.004594	  0.001654	
  0.062258	  0.214055	  0.027153	  0.696535	
  0.051610	  0.378790	  0.102042	  0.467557	
  0.295712	  0.268331	  0.172174	  0.263783	
  0.623535	  0.134835	  0.201946	  0.039684	
  0.838183	  0.048856	  0.080753	  0.032208	
  0.003468	  0.011226	  0.002008	  0.983298	
  0.125077	  0.123984	  0.015362	  0.735577	
  0.843762	  0.024826	  0.042838	  0.088574	
  0.315545	  0.294107	  0.195360	  0.194988	

URL http://floresta.eead.csic.es/footprintdb/index.php?db=HumanTF:1.0&motif=ALX4_DBD

MOTIF ARNTL_DBD 

letter-probability matrix: alength= 4 w= 10 nsites= 20 E= 0
  0.045739	  0.010025	  0.932331	  0.011905	
  0.016312	  0.000000	  0.067376	  0.916312	
  0.004213	  0.988764	  0.001404	  0.005618	
  0.981651	  0.000000	  0.018349	  0.000000	
  0.000000	  0.987252	  0.011331	  0.001416	
  0.000000	  0.000000	  0.997620	  0.002380	
  0.000000	  0.000000	  0.002317	  0.997683	
  0.000000	  0.000000	  0.996464	  0.003536	
  0.959920	  0.020040	  0.013026	  0.007014	
  0.013210	  0.875826	  0.026420	  0.084544	

URL http://floresta.eead.csic.es/footprintdb/index.php?db=HumanTF:1.0&motif=ARNTL_DBD

MOTIF ARX_DBD 

letter-probability matrix: alength= 4 w= 13 nsites= 20 E= 0
  0.264560	  0.275137	  0.173383	  0.286919	
  0.150036	  0.052128	  0.020601	  0.777234	
  0.860698	  0.010831	  0.063832	  0.064639	
  0.980701	  0.004858	  0.010503	  0.003939	
  0.059676	  0.100216	  0.032541	  0.807568	
  0.036795	  0.297448	  0.076677	  0.589080	
  0.358549	  0.175392	  0.195475	  0.270585	
  0.665073	  0.064730	  0.250582	  0.019615	
  0.867193	  0.025656	  0.078477	  0.028674	
  0.009181	  0.018492	  0.006336	  0.965990	
  0.118970	  0.079664	  0.016290	  0.785076	
  0.867596	  0.014170	  0.034495	  0.083740	
  0.408032	  0.178447	  0.247523	  0.165997	

URL http://floresta.eead.csic.es/footprintdb/index.php?db=HumanTF:1.0&motif=ARX_DBD

MOTIF AR_DBD 

letter-probability matrix: alength= 4 w= 17 nsites= 20 E= 0
  0.420860	  0.103566	  0.233757	  0.241817	
  0.393105	  0.003224	  0.593254	  0.010417	
  0.002103	  0.000000	  0.989103	  0.008794	
  0.320667	  0.106153	  0.068889	  0.504290	
  0.993009	  0.000666	  0.001664	  0.004660	
  0.000395	  0.992487	  0.001186	  0.005931	
  0.728183	  0.003593	  0.242043	  0.026181	
  0.162048	  0.463971	  0.101728	  0.272253	
  0.133242	  0.274451	  0.469780	  0.122527	
  0.332000	  0.087467	  0.410133	  0.170400	
  0.021517	  0.288901	  0.003149	  0.686434	
  0.003094	  0.000000	  0.994973	  0.001933	
  0.007364	  0.000000	  0.004825	  0.987811	
  0.482714	  0.044814	  0.112932	  0.359539	
  0.006696	  0.990154	  0.000000	  0.003151	
  0.007133	  0.752496	  0.007489	  0.232882	
  0.105127	  0.490404	  0.102263	  0.302206	

URL http://floresta.eead.csic.es/footprintdb/index.php?db=HumanTF:1.0&motif=AR_DBD

MOTIF AR_full 

letter-probability matrix: alength= 4 w= 17 nsites= 20 E= 0
  0.352676	  0.053836	  0.501289	  0.092199	
  0.293805	  0.005319	  0.694931	  0.005945	
  0.002077	  0.000000	  0.996365	  0.001558	
  0.443498	  0.107818	  0.068173	  0.380511	
  0.994949	  0.002296	  0.001377	  0.001377	
  0.001818	  0.995000	  0.002273	  0.000909	
  0.867884	  0.008692	  0.118644	  0.004781	
  0.080665	  0.497771	  0.132955	  0.288610	
  0.209955	  0.228668	  0.370883	  0.190494	
  0.261698	  0.086655	  0.579896	  0.071750	
  0.011591	  0.097295	  0.002810	  0.888303	
  0.000000	  0.001104	  0.998620	  0.000276	
  0.007874	  0.001432	  0.000000	  0.990694	
  0.454200	  0.042569	  0.087419	  0.415811	
  0.003210	  0.993122	  0.000000	  0.003668	
  0.013306	  0.641164	  0.000832	  0.344699	
  0.154788	  0.393089	  0.123470	  0.328654	

URL http://floresta.eead.csic.es/footprintdb/index.php?db=HumanTF:1.0&motif=AR_full

MOTIF ATF4_DBD 

letter-probability matrix: alength= 4 w= 13 nsites= 20 E= 0
  0.235162	  0.079507	  0.494961	  0.190370	
  0.186123	  0.128855	  0.450441	  0.234581	
  0.658084	  0.208033	  0.130793	  0.003090	
  0.000000	  0.000000	  0.007085	  0.992915	
  0.016964	  0.000000	  0.973214	  0.009821	
  0.972618	  0.000000	  0.000000	  0.027382	
  0.002345	  0.436108	  0.010551	  0.550996	
  0.000902	  0.000000	  0.995491	  0.003607	
  0.039722	  0.832175	  0.015889	  0.112214	
  0.973941	  0.022801	  0.000000	  0.003257	
  0.991071	  0.003348	  0.001116	  0.004464	
  0.000000	  0.255278	  0.059501	  0.685221	
  0.478613	  0.314451	  0.116763	  0.090173	

URL http://floresta.eead.csic.es/footprintdb/index.php?db=HumanTF:1.0&motif=ATF4_DBD

MOTIF ATF7_DBD 

letter-probability matrix: alength= 4 w= 14 nsites= 20 E= 0
  0.202897	  0.341749	  0.215261	  0.240093	
  0.265391	  0.126229	  0.377600	  0.230781	
  0.822161	  0.015653	  0.160442	  0.001744	
  0.000567	  0.000206	  0.002218	  0.997008	
  0.001231	  0.000331	  0.915156	  0.083282	
  0.995981	  0.000412	  0.002989	  0.000618	
  0.001028	  0.993779	  0.001697	  0.003496	
  0.004068	  0.000463	  0.995263	  0.000206	
  0.001286	  0.000823	  0.003959	  0.993932	
  0.122081	  0.874615	  0.002308	  0.000995	
  0.996803	  0.000103	  0.002527	  0.000567	
  0.003020	  0.269001	  0.016203	  0.711776	
  0.291169	  0.419887	  0.110145	  0.178799	
  0.293829	  0.254513	  0.304795	  0.146863	

URL http://floresta.eead.csic.es/footprintdb/index.php?db=HumanTF:1.0&motif=ATF7_DBD

MOTIF Alx1_DBD_1 

letter-probability matrix: alength= 4 w= 10 nsites= 20 E= 0
  0.138864	  0.266416	  0.123031	  0.471688	
  0.094769	  0.470192	  0.125857	  0.309182	
  0.076449	  0.266319	  0.030277	  0.626955	
  0.900329	  0.013493	  0.065493	  0.020685	
  0.985796	  0.003195	  0.005840	  0.005169	
  0.003372	  0.005763	  0.000838	  0.990027	
  0.034955	  0.049241	  0.006383	  0.909422	
  0.906478	  0.033195	  0.001422	  0.058905	
  0.360292	  0.190282	  0.314941	  0.134485	
  0.378396	  0.291925	  0.190447	  0.139233	

URL http://floresta.eead.csic.es/footprintdb/index.php?db=HumanTF:1.0&motif=Alx1_DBD_1

MOTIF Alx1_DBD_2 

letter-probability matrix: alength= 4 w= 13 nsites= 20 E= 0
  0.249986	  0.329447	  0.149941	  0.270625	
  0.107149	  0.047712	  0.009440	  0.835699	
  0.896933	  0.007305	  0.038325	  0.057437	
  0.996083	  0.001222	  0.001889	  0.000806	
  0.037054	  0.156661	  0.017834	  0.788451	
  0.025542	  0.351550	  0.067725	  0.555182	
  0.327021	  0.211329	  0.149523	  0.312127	
  0.677135	  0.099711	  0.201898	  0.021256	
  0.876005	  0.029857	  0.071416	  0.022722	
  0.000638	  0.003303	  0.000777	  0.995281	
  0.078146	  0.057239	  0.005939	  0.858676	
  0.892912	  0.010958	  0.025925	  0.070205	
  0.357495	  0.245126	  0.195565	  0.201813	

URL http://floresta.eead.csic.es/footprintdb/index.php?db=HumanTF:1.0&motif=Alx1_DBD_2

MOTIF Alx4_DBD 

letter-probability matrix: alength= 4 w= 13 nsites= 20 E= 0
  0.303739	  0.291435	  0.170406	  0.234419	
  0.180029	  0.064232	  0.016177	  0.739562	
  0.847129	  0.012194	  0.074256	  0.066421	
  0.994323	  0.001839	  0.002639	  0.001199	
  0.057650	  0.153671	  0.022789	  0.765891	
  0.053021	  0.332633	  0.103871	  0.510475	
  0.335263	  0.227423	  0.170004	  0.267310	
  0.637090	  0.117312	  0.205161	  0.040436	
  0.869337	  0.032299	  0.071588	  0.026776	
  0.001596	  0.005108	  0.000878	  0.992418	
  0.116967	  0.111526	  0.011189	  0.760318	
  0.850896	  0.014643	  0.038525	  0.095935	
  0.346039	  0.259509	  0.193567	  0.200885	

URL http://floresta.eead.csic.es/footprintdb/index.php?db=HumanTF:1.0&motif=Alx4_DBD

MOTIF Ar_DBD 

letter-probability matrix: alength= 4 w= 17 nsites= 20 E= 0
  0.259535	  0.140465	  0.332293	  0.267707	
  0.344375	  0.008225	  0.599638	  0.047763	
  0.000000	  0.000000	  0.969259	  0.030741	
  0.204553	  0.136257	  0.074099	  0.585091	
  0.973398	  0.000000	  0.003031	  0.023572	
  0.000000	  0.995002	  0.000000	  0.004998	
  0.700736	  0.000000	  0.247300	  0.051964	
  0.059751	  0.398380	  0.176340	  0.365529	
  0.160382	  0.200478	  0.389662	  0.249477	
  0.298796	  0.098658	  0.501123	  0.101423	
  0.028943	  0.168158	  0.002964	  0.799935	
  0.000598	  0.000000	  0.999402	  0.000000	
  0.016322	  0.000000	  0.003451	  0.980227	
  0.533218	  0.054261	  0.161506	  0.251015	
  0.044391	  0.948817	  0.002426	  0.004366	
  0.049348	  0.568302	  0.026863	  0.355487	
  0.212594	  0.222216	  0.291278	  0.273913	

URL http://floresta.eead.csic.es/footprintdb/index.php?db=HumanTF:1.0&motif=Ar_DBD

MOTIF Arx_DBD 

letter-probability matrix: alength= 4 w= 13 nsites= 20 E= 0
  0.268479	  0.274375	  0.185828	  0.271318	
  0.148177	  0.044462	  0.019608	  0.787754	
  0.879416	  0.008449	  0.052227	  0.059908	
  0.987388	  0.002587	  0.006899	  0.003126	
  0.047719	  0.093248	  0.023266	  0.835766	
  0.031888	  0.283784	  0.077581	  0.606747	
  0.374017	  0.176092	  0.198581	  0.251310	
  0.674528	  0.060217	  0.244681	  0.020574	
  0.892179	  0.018408	  0.071296	  0.018116	
  0.003439	  0.009241	  0.003009	  0.984311	
  0.116690	  0.068754	  0.013296	  0.801260	
  0.881702	  0.013861	  0.032053	  0.072384	
  0.403821	  0.181550	  0.247052	  0.167576	

URL http://floresta.eead.csic.es/footprintdb/index.php?db=HumanTF:1.0&motif=Arx_DBD

MOTIF Ascl2_DBD 

letter-probability matrix: alength= 4 w= 10 nsites= 20 E= 0
  0.673295	  0.102273	  0.178977	  0.045455	
  0.374269	  0.119883	  0.502924	  0.002924	
  0.009868	  0.986842	  0.000000	  0.003289	
  0.952381	  0.000000	  0.000000	  0.047619	
  0.020115	  0.066092	  0.862069	  0.051724	
  0.009804	  0.980392	  0.006536	  0.003268	
  0.013158	  0.000000	  0.000000	  0.986842	
  0.000000	  0.003300	  0.990099	  0.006601	
  0.018692	  0.641745	  0.046729	  0.292835	
  0.093923	  0.279006	  0.077348	  0.549724	

URL http://floresta.eead.csic.es/footprintdb/index.php?db=HumanTF:1.0&motif=Ascl2_DBD

MOTIF Atf4_DBD 

letter-probability matrix: alength= 4 w= 14 nsites= 20 E= 0
  0.571702	  0.119503	  0.139579	  0.169216	
  0.229635	  0.025983	  0.650983	  0.093399	
  0.065312	  0.233672	  0.554427	  0.146589	
  0.867797	  0.075424	  0.056780	  0.000000	
  0.000000	  0.001881	  0.000000	  0.998119	
  0.000880	  0.000000	  0.996479	  0.002641	
  0.999103	  0.000000	  0.000000	  0.000897	
  0.000000	  0.310369	  0.001420	  0.688210	
  0.000000	  0.003231	  0.996769	  0.000000	
  0.000000	  0.960611	  0.000000	  0.039389	
  1.000000	  0.000000	  0.000000	  0.000000	
  0.998168	  0.001832	  0.000000	  0.000000	
  0.000000	  0.129032	  0.028122	  0.842845	
  0.395250	  0.543681	  0.046650	  0.014419	

URL http://floresta.eead.csic.es/footprintdb/index.php?db=HumanTF:1.0&motif=Atf4_DBD

MOTIF Atoh1_DBD 

letter-probability matrix: alength= 4 w= 10 nsites= 20 E= 0
  0.548576	  0.090452	  0.311558	  0.049414	
  0.509250	  0.325219	  0.145083	  0.020448	
  0.038997	  0.953575	  0.007428	  0.000000	
  0.950046	  0.018501	  0.031452	  0.000000	
  0.014286	  0.008403	  0.114286	  0.863025	
  0.932788	  0.067212	  0.000000	  0.000000	
  0.020794	  0.003781	  0.004726	  0.970699	
  0.001885	  0.000943	  0.967955	  0.029218	
  0.033074	  0.227626	  0.365759	  0.373541	
  0.099922	  0.385636	  0.098361	  0.416081	

URL http://floresta.eead.csic.es/footprintdb/index.php?db=HumanTF:1.0&motif=Atoh1_DBD

MOTIF BARHL2_DBD_1 

letter-probability matrix: alength= 4 w= 10 nsites= 20 E= 0
  0.268787	  0.251900	  0.307064	  0.172249	
  0.291585	  0.269631	  0.125528	  0.313256	
  0.086632	  0.000000	  0.000000	  0.913368	
  0.836985	  0.013428	  0.007067	  0.142521	
  0.969970	  0.000000	  0.000000	  0.030030	
  0.680651	  0.012835	  0.074904	  0.231609	
  0.000000	  0.592265	  0.006668	  0.401067	
  0.135631	  0.000000	  0.795210	  0.069158	
  0.242049	  0.182100	  0.337180	  0.238672	
  0.195836	  0.218346	  0.134778	  0.451041	

URL http://floresta.eead.csic.es/footprintdb/index.php?db=HumanTF:1.0&motif=BARHL2_DBD_1

MOTIF BARHL2_DBD_2 

letter-probability matrix: alength= 4 w= 10 nsites= 20 E= 0
  0.215734	  0.259586	  0.317541	  0.207140	
  0.189511	  0.313574	  0.173645	  0.323270	
  0.071197	  0.010922	  0.000000	  0.917880	
  0.957990	  0.000000	  0.025966	  0.016044	
  1.000000	  0.000000	  0.000000	  0.000000	
  0.294808	  0.026947	  0.117305	  0.560939	
  0.120561	  0.173891	  0.132061	  0.573487	
  0.185683	  0.000000	  0.753695	  0.060621	
  0.199427	  0.365580	  0.235787	  0.199207	
  0.195417	  0.258647	  0.181978	  0.363957	

URL http://floresta.eead.csic.es/footprintdb/index.php?db=HumanTF:1.0&motif=BARHL2_DBD_2

MOTIF BARHL2_DBD_3 

letter-probability matrix: alength= 4 w= 16 nsites= 20 E= 0
  0.076645	  0.020550	  0.004443	  0.898362	
  0.900612	  0.003341	  0.018096	  0.077951	
  0.986581	  0.003355	  0.005489	  0.004575	
  0.408802	  0.029162	  0.113203	  0.448834	
  0.112558	  0.322929	  0.092406	  0.472106	
  0.157262	  0.033683	  0.707568	  0.101487	
  0.206801	  0.269552	  0.276043	  0.247604	
  0.148377	  0.289335	  0.136321	  0.425966	
  0.207110	  0.277898	  0.348686	  0.166306	
  0.198702	  0.319530	  0.136279	  0.345488	
  0.081616	  0.022534	  0.006870	  0.888980	
  0.862897	  0.003734	  0.017871	  0.115497	
  0.986280	  0.002439	  0.003049	  0.008232	
  0.438283	  0.020528	  0.117035	  0.424154	
  0.092531	  0.350242	  0.082845	  0.474382	
  0.187305	  0.030177	  0.673257	  0.109261	

URL http://floresta.eead.csic.es/footprintdb/index.php?db=HumanTF:1.0&motif=BARHL2_DBD_3

MOTIF BARHL2_full_1 

letter-probability matrix: alength= 4 w= 10 nsites= 20 E= 0
  0.258110	  0.268378	  0.340257	  0.133256	
  0.258888	  0.317231	  0.136601	  0.287281	
  0.047637	  0.000000	  0.000000	  0.952363	
  0.867175	  0.000000	  0.000000	  0.132825	
  1.000000	  0.000000	  0.000000	  0.000000	
  0.710653	  0.006413	  0.060036	  0.222898	
  0.020915	  0.606912	  0.005996	  0.366177	
  0.099619	  0.000000	  0.815673	  0.084708	
  0.280513	  0.170362	  0.379385	  0.169739	
  0.168884	  0.233139	  0.099261	  0.498716	

URL http://floresta.eead.csic.es/footprintdb/index.php?db=HumanTF:1.0&motif=BARHL2_full_1

MOTIF BARHL2_full_2 

letter-probability matrix: alength= 4 w= 10 nsites= 20 E= 0
  0.176058	  0.269625	  0.354936	  0.199381	
  0.182262	  0.351314	  0.157149	  0.309275	
  0.014510	  0.000000	  0.000000	  0.985490	
  1.000000	  0.000000	  0.000000	  0.000000	
  1.000000	  0.000000	  0.000000	  0.000000	
  0.261503	  0.011251	  0.114824	  0.612422	
  0.107005	  0.161475	  0.119717	  0.611803	
  0.162326	  0.000000	  0.817481	  0.020192	
  0.203936	  0.318701	  0.269712	  0.207651	
  0.165073	  0.273309	  0.153100	  0.408519	

URL http://floresta.eead.csic.es/footprintdb/index.php?db=HumanTF:1.0&motif=BARHL2_full_2

MOTIF BARHL2_full_3 

letter-probability matrix: alength= 4 w= 16 nsites= 20 E= 0
  0.046562	  0.015503	  0.007071	  0.930864	
  0.928641	  0.004830	  0.018179	  0.048350	
  0.983788	  0.005634	  0.006669	  0.003909	
  0.381642	  0.016179	  0.079046	  0.523132	
  0.074855	  0.330783	  0.063680	  0.530682	
  0.121903	  0.015983	  0.809202	  0.052913	
  0.189739	  0.265295	  0.292585	  0.252381	
  0.094022	  0.315491	  0.106469	  0.484018	
  0.184724	  0.304815	  0.381545	  0.128915	
  0.191386	  0.358813	  0.108988	  0.340813	
  0.035343	  0.009058	  0.004612	  0.950986	
  0.919066	  0.004887	  0.007465	  0.068582	
  0.991656	  0.003651	  0.001738	  0.002955	
  0.424504	  0.011173	  0.069614	  0.494709	
  0.061775	  0.378227	  0.056572	  0.503426	
  0.129857	  0.013187	  0.800234	  0.056722	

URL http://floresta.eead.csic.es/footprintdb/index.php?db=HumanTF:1.0&motif=BARHL2_full_3

MOTIF BARX1_DBD_1 

letter-probability matrix: alength= 4 w= 17 nsites= 20 E= 0
  0.128716	  0.570947	  0.075084	  0.225253	
  0.340445	  0.322820	  0.250464	  0.086271	
  0.715612	  0.128692	  0.099156	  0.056540	
  0.003153	  0.004054	  0.001802	  0.990991	
  0.003118	  0.029399	  0.002673	  0.964811	
  0.950930	  0.004132	  0.008264	  0.036674	
  0.716965	  0.047937	  0.061692	  0.173406	
  0.641785	  0.074644	  0.063486	  0.220085	
  0.424054	  0.032103	  0.048874	  0.494969	
  0.638739	  0.072636	  0.114143	  0.174481	
  0.271759	  0.286574	  0.258796	  0.182870	
  0.097775	  0.716116	  0.087323	  0.098786	
  0.279359	  0.231317	  0.456406	  0.032918	
  0.682035	  0.157393	  0.075914	  0.084658	
  0.001897	  0.001897	  0.000000	  0.996207	
  0.010909	  0.033636	  0.002273	  0.953182	
  0.900290	  0.006292	  0.017425	  0.075992	

URL http://floresta.eead.csic.es/footprintdb/index.php?db=HumanTF:1.0&motif=BARX1_DBD_1

MOTIF BARX1_DBD_2 

letter-probability matrix: alength= 4 w= 8 nsites= 20 E= 0
  0.275051	  0.267558	  0.328534	  0.128857	
  0.077215	  0.672425	  0.032195	  0.218165	
  0.490741	  0.292769	  0.203704	  0.012787	
  0.944614	  0.028734	  0.026652	  0.000000	
  0.000000	  0.000000	  0.000000	  1.000000	
  0.000000	  0.000000	  0.000000	  1.000000	
  1.000000	  0.000000	  0.000000	  0.000000	
  0.281705	  0.204409	  0.355621	  0.158266	

URL http://floresta.eead.csic.es/footprintdb/index.php?db=HumanTF:1.0&motif=BARX1_DBD_2

MOTIF BATF3_DBD 

letter-probability matrix: alength= 4 w= 14 nsites= 20 E= 0
  0.050441	  0.123581	  0.037831	  0.788146	
  0.027778	  0.013285	  0.938406	  0.020531	
  0.925234	  0.025701	  0.046729	  0.002336	
  0.001364	  0.000000	  0.000000	  0.998636	
  0.000000	  0.000000	  1.000000	  0.000000	
  1.000000	  0.000000	  0.000000	  0.000000	
  0.002008	  0.997992	  0.000000	  0.000000	
  0.010610	  0.000000	  0.989390	  0.000000	
  0.000000	  0.000000	  0.002882	  0.997118	
  0.011450	  0.979008	  0.003817	  0.005725	
  0.995261	  0.000000	  0.000000	  0.004739	
  0.006623	  0.051656	  0.035762	  0.905960	
  0.032086	  0.926916	  0.012478	  0.028520	
  0.618718	  0.041594	  0.254766	  0.084922	

URL http://floresta.eead.csic.es/footprintdb/index.php?db=HumanTF:1.0&motif=BATF3_DBD

MOTIF BCL6B_DBD 

letter-probability matrix: alength= 4 w= 17 nsites= 20 E= 0
  0.000000	  0.084071	  0.000000	  0.915929	
  0.015789	  0.000000	  0.978947	  0.005263	
  0.000000	  0.994580	  0.000000	  0.005420	
  0.000000	  0.000000	  0.000000	  1.000000	
  0.000000	  0.000000	  0.000000	  1.000000	
  0.000000	  0.000000	  0.009346	  0.990654	
  0.000000	  1.000000	  0.000000	  0.000000	
  0.000000	  0.046154	  0.130769	  0.823077	
  1.000000	  0.000000	  0.000000	  0.000000	
  0.000000	  0.000000	  1.000000	  0.000000	
  0.000000	  0.000000	  1.000000	  0.000000	
  0.993127	  0.000000	  0.006873	  0.000000	
  1.000000	  0.000000	  0.000000	  0.000000	
  0.000000	  0.009217	  0.000000	  0.990783	
  0.000000	  0.070485	  0.000000	  0.929515	
  0.309589	  0.665753	  0.024658	  0.000000	
  0.544643	  0.434524	  0.020833	  0.000000	

URL http://floresta.eead.csic.es/footprintdb/index.php?db=HumanTF:1.0&motif=BCL6B_DBD

MOTIF BHLHA15_DBD 

letter-probability matrix: alength= 4 w= 10 nsites= 20 E= 0
  0.685227	  0.067902	  0.139647	  0.107224	
  0.248448	  0.705233	  0.045925	  0.000394	
  0.002946	  0.996465	  0.000589	  0.000000	
  0.989952	  0.001073	  0.008780	  0.000195	
  0.000000	  0.000000	  0.005391	  0.994609	
  0.993344	  0.006656	  0.000000	  0.000000	
  0.000677	  0.018461	  0.000000	  0.980862	
  0.000000	  0.000000	  0.997641	  0.002359	
  0.000887	  0.122980	  0.587111	  0.289022	
  0.159440	  0.234726	  0.043260	  0.562574	

URL http://floresta.eead.csic.es/footprintdb/index.php?db=HumanTF:1.0&motif=BHLHA15_DBD

MOTIF BHLHB2_DBD 

letter-probability matrix: alength= 4 w= 10 nsites= 20 E= 0
  0.340759	  0.269560	  0.260738	  0.128943	
  0.106232	  0.036734	  0.381854	  0.475179	
  0.005224	  0.993537	  0.000000	  0.001239	
  0.975232	  0.011297	  0.006778	  0.006692	
  0.002039	  0.994946	  0.000177	  0.002837	
  0.005831	  0.002651	  0.991518	  0.000000	
  0.014244	  0.021153	  0.007421	  0.957182	
  0.000354	  0.001061	  0.992219	  0.006366	
  0.500127	  0.446798	  0.010885	  0.042191	
  0.137587	  0.508466	  0.123418	  0.230529	

URL http://floresta.eead.csic.es/footprintdb/index.php?db=HumanTF:1.0&motif=BHLHB2_DBD

MOTIF BHLHB3_full 

letter-probability matrix: alength= 4 w= 10 nsites= 20 E= 0
  0.220228	  0.319774	  0.330776	  0.129222	
  0.058124	  0.015291	  0.480774	  0.445811	
  0.002071	  0.997929	  0.000000	  0.000000	
  0.983345	  0.007402	  0.004081	  0.005172	
  0.000000	  0.997689	  0.000337	  0.001974	
  0.006223	  0.001723	  0.992054	  0.000000	
  0.009348	  0.013106	  0.004040	  0.973506	
  0.000000	  0.001442	  0.996107	  0.002451	
  0.497432	  0.478963	  0.003958	  0.019647	
  0.136701	  0.553609	  0.129415	  0.180274	

URL http://floresta.eead.csic.es/footprintdb/index.php?db=HumanTF:1.0&motif=BHLHB3_full

MOTIF BHLHE22_DBD 

letter-probability matrix: alength= 4 w= 12 nsites= 20 E= 0
  0.509389	  0.137036	  0.171394	  0.182181	
  0.835002	  0.009176	  0.148482	  0.007341	
  0.555245	  0.256943	  0.186214	  0.001598	
  0.004178	  0.995822	  0.000000	  0.000000	
  0.983494	  0.000000	  0.013166	  0.003341	
  0.000000	  0.000798	  0.000200	  0.999002	
  0.998404	  0.000997	  0.000598	  0.000000	
  0.009087	  0.022235	  0.000967	  0.967711	
  0.000000	  0.000797	  0.997807	  0.001396	
  0.002597	  0.240360	  0.353846	  0.403197	
  0.035693	  0.215629	  0.013514	  0.735165	
  0.304357	  0.182054	  0.192646	  0.320943	

URL http://floresta.eead.csic.es/footprintdb/index.php?db=HumanTF:1.0&motif=BHLHE22_DBD

MOTIF BHLHE23_DBD 

letter-probability matrix: alength= 4 w= 10 nsites= 20 E= 0
  0.703654	  0.035183	  0.232747	  0.028417	
  0.362764	  0.439539	  0.190019	  0.007678	
  0.011407	  0.988593	  0.000000	  0.000000	
  0.931900	  0.010753	  0.043011	  0.014337	
  0.000000	  0.003831	  0.000000	  0.996169	
  0.984848	  0.007576	  0.003788	  0.003788	
  0.018998	  0.082902	  0.000000	  0.898100	
  0.000000	  0.003802	  0.988593	  0.007605	
  0.007678	  0.370441	  0.236084	  0.385797	
  0.043321	  0.305656	  0.025271	  0.625752	

URL http://floresta.eead.csic.es/footprintdb/index.php?db=HumanTF:1.0&motif=BHLHE23_DBD

MOTIF BHLHE41_full 

letter-probability matrix: alength= 4 w= 10 nsites= 20 E= 0
  0.302309	  0.109266	  0.582263	  0.006163	
  0.013032	  0.002261	  0.243484	  0.741223	
  0.000358	  0.998925	  0.000538	  0.000179	
  0.993583	  0.002139	  0.003743	  0.000535	
  0.000179	  0.998746	  0.000179	  0.000896	
  0.000359	  0.000179	  0.999462	  0.000000	
  0.003378	  0.002844	  0.002844	  0.990933	
  0.000179	  0.000179	  0.999641	  0.000000	
  0.815747	  0.179862	  0.001024	  0.003366	
  0.008609	  0.648441	  0.114588	  0.228362	

URL http://floresta.eead.csic.es/footprintdb/index.php?db=HumanTF:1.0&motif=BHLHE41_full

MOTIF BSX_DBD 

letter-probability matrix: alength= 4 w= 8 nsites= 20 E= 0
  0.164062	  0.444860	  0.259284	  0.131793	
  0.071495	  0.580380	  0.010704	  0.337421	
  0.456975	  0.281137	  0.248755	  0.013134	
  0.868437	  0.019076	  0.105998	  0.006490	
  0.000000	  0.000000	  0.000000	  1.000000	
  0.010753	  0.000000	  0.000000	  0.989247	
  1.000000	  0.000000	  0.000000	  0.000000	
  0.313632	  0.268229	  0.273664	  0.144475	

URL http://floresta.eead.csic.es/footprintdb/index.php?db=HumanTF:1.0&motif=BSX_DBD

MOTIF Barhl1_DBD_1 

letter-probability matrix: alength= 4 w= 10 nsites= 20 E= 0
  0.250806	  0.281181	  0.310708	  0.157305	
  0.221279	  0.361955	  0.141184	  0.275581	
  0.091520	  0.008098	  0.000000	  0.900382	
  0.866235	  0.000000	  0.001323	  0.132442	
  0.991420	  0.000000	  0.007571	  0.001009	
  0.663626	  0.026802	  0.105068	  0.204505	
  0.044903	  0.595975	  0.026699	  0.332423	
  0.141995	  0.035861	  0.711543	  0.110601	
  0.232010	  0.236422	  0.338595	  0.192974	
  0.159369	  0.263069	  0.104039	  0.473523	

URL http://floresta.eead.csic.es/footprintdb/index.php?db=HumanTF:1.0&motif=Barhl1_DBD_1

MOTIF Barhl1_DBD_2 

letter-probability matrix: alength= 4 w= 10 nsites= 20 E= 0
  0.193806	  0.259100	  0.338921	  0.208174	
  0.179888	  0.344613	  0.178931	  0.296568	
  0.085557	  0.005945	  0.000000	  0.908498	
  0.963994	  0.000000	  0.008155	  0.027850	
  0.993341	  0.000000	  0.006184	  0.000476	
  0.272949	  0.035203	  0.164224	  0.527623	
  0.155455	  0.166694	  0.160083	  0.517769	
  0.194979	  0.037271	  0.692878	  0.074873	
  0.181354	  0.327746	  0.293582	  0.197318	
  0.157223	  0.280926	  0.190742	  0.371109	

URL http://floresta.eead.csic.es/footprintdb/index.php?db=HumanTF:1.0&motif=Barhl1_DBD_2

MOTIF Barhl1_DBD_3 

letter-probability matrix: alength= 4 w= 16 nsites= 20 E= 0
  0.043329	  0.005961	  0.000229	  0.950481	
  0.918883	  0.001995	  0.007092	  0.072030	
  0.989971	  0.000716	  0.007641	  0.001671	
  0.424952	  0.016181	  0.101128	  0.457739	
  0.090200	  0.350800	  0.080600	  0.478400	
  0.136682	  0.015735	  0.785972	  0.061611	
  0.154124	  0.317414	  0.304872	  0.223589	
  0.101568	  0.331484	  0.119421	  0.447527	
  0.177762	  0.317414	  0.369754	  0.135070	
  0.184318	  0.366466	  0.130760	  0.318456	
  0.041982	  0.006423	  0.000459	  0.951136	
  0.899544	  0.000000	  0.006292	  0.094164	
  0.997594	  0.000000	  0.001203	  0.001203	
  0.457562	  0.012763	  0.105297	  0.424378	
  0.068980	  0.389448	  0.079860	  0.461712	
  0.154647	  0.018623	  0.756984	  0.069746	

URL http://floresta.eead.csic.es/footprintdb/index.php?db=HumanTF:1.0&motif=Barhl1_DBD_3

MOTIF Bhlhb2_DBD_1 

letter-probability matrix: alength= 4 w= 10 nsites= 20 E= 0
  0.320894	  0.211668	  0.341805	  0.125633	
  0.083875	  0.016265	  0.431438	  0.468422	
  0.005738	  0.992055	  0.001986	  0.000221	
  0.983052	  0.003827	  0.007490	  0.005631	
  0.000000	  0.997780	  0.000222	  0.001998	
  0.001220	  0.001498	  0.997282	  0.000000	
  0.010629	  0.013974	  0.005234	  0.970163	
  0.000885	  0.000719	  0.994579	  0.003817	
  0.576390	  0.378472	  0.009028	  0.036111	
  0.130812	  0.472469	  0.158176	  0.238543	

URL http://floresta.eead.csic.es/footprintdb/index.php?db=HumanTF:1.0&motif=Bhlhb2_DBD_1

MOTIF Bhlhb2_DBD_2 

letter-probability matrix: alength= 4 w= 10 nsites= 20 E= 0
  0.295858	  0.275394	  0.295611	  0.133136	
  0.093464	  0.023094	  0.443573	  0.439869	
  0.005152	  0.994848	  0.000000	  0.000000	
  0.978759	  0.008689	  0.007241	  0.005310	
  0.000000	  0.999507	  0.000493	  0.000000	
  0.003930	  0.000000	  0.996070	  0.000000	
  0.012396	  0.018832	  0.002145	  0.966627	
  0.001223	  0.000000	  0.991928	  0.006849	
  0.505328	  0.454890	  0.005446	  0.034336	
  0.152158	  0.496178	  0.143773	  0.207891	

URL http://floresta.eead.csic.es/footprintdb/index.php?db=HumanTF:1.0&motif=Bhlhb2_DBD_2

MOTIF CART1_DBD 

letter-probability matrix: alength= 4 w= 13 nsites= 20 E= 0
  0.253053	  0.256053	  0.208914	  0.281980	
  0.184423	  0.090081	  0.039677	  0.685819	
  0.730817	  0.036173	  0.116192	  0.116818	
  0.958316	  0.014784	  0.019097	  0.007803	
  0.099663	  0.260330	  0.072708	  0.567299	
  0.068954	  0.343796	  0.172223	  0.415027	
  0.080862	  0.334500	  0.059495	  0.525143	
  0.752499	  0.055950	  0.142373	  0.049178	
  0.906214	  0.032039	  0.036117	  0.025631	
  0.001268	  0.010782	  0.001268	  0.986681	
  0.147740	  0.069351	  0.015941	  0.766968	
  0.769370	  0.020772	  0.083416	  0.126442	
  0.313759	  0.215388	  0.257394	  0.213459	

URL http://floresta.eead.csic.es/footprintdb/index.php?db=HumanTF:1.0&motif=CART1_DBD

MOTIF CDX1_DBD 

letter-probability matrix: alength= 4 w= 9 nsites= 20 E= 0
  0.241104	  0.167889	  0.529545	  0.061462	
  0.030161	  0.536736	  0.001983	  0.431121	
  0.511102	  0.388151	  0.019296	  0.081451	
  0.905753	  0.013087	  0.073933	  0.007227	
  0.003006	  0.001288	  0.000000	  0.995705	
  0.832570	  0.026932	  0.010055	  0.130443	
  0.903634	  0.007210	  0.007600	  0.081555	
  0.869084	  0.045919	  0.023990	  0.061006	
  0.501402	  0.188376	  0.135540	  0.174682	

URL http://floresta.eead.csic.es/footprintdb/index.php?db=HumanTF:1.0&motif=CDX1_DBD

MOTIF CDX2_DBD 

letter-probability matrix: alength= 4 w= 9 nsites= 20 E= 0
  0.230595	  0.184748	  0.538357	  0.046300	
  0.035915	  0.511034	  0.010818	  0.442233	
  0.528683	  0.380520	  0.011143	  0.079653	
  0.904723	  0.005339	  0.089117	  0.000821	
  0.011947	  0.010177	  0.003097	  0.974779	
  0.924465	  0.009652	  0.001259	  0.064624	
  0.931107	  0.000000	  0.008453	  0.060440	
  0.923303	  0.019698	  0.021375	  0.035624	
  0.559437	  0.206443	  0.102541	  0.131579	

URL http://floresta.eead.csic.es/footprintdb/index.php?db=HumanTF:1.0&motif=CDX2_DBD

MOTIF CEBPB_DBD 

letter-probability matrix: alength= 4 w= 10 nsites= 20 E= 0
  0.465623	  0.220252	  0.276338	  0.037786	
  0.001447	  0.001491	  0.000351	  0.996712	
  0.000679	  0.000559	  0.090898	  0.907864	
  0.437130	  0.001360	  0.472044	  0.089466	
  0.015374	  0.889254	  0.008645	  0.086727	
  0.129003	  0.020334	  0.832857	  0.017806	
  0.092236	  0.829726	  0.000110	  0.077928	
  0.972409	  0.027206	  0.000385	  0.000000	
  0.999209	  0.000396	  0.000000	  0.000396	
  0.006505	  0.445568	  0.039449	  0.508477	

URL http://floresta.eead.csic.es/footprintdb/index.php?db=HumanTF:1.0&motif=CEBPB_DBD

MOTIF CEBPB_full 

letter-probability matrix: alength= 4 w= 10 nsites= 20 E= 0
  0.540978	  0.169212	  0.262699	  0.027111	
  0.000000	  0.000312	  0.000000	  0.999688	
  0.003964	  0.000000	  0.087486	  0.908550	
  0.460430	  0.000000	  0.483672	  0.055899	
  0.034808	  0.865893	  0.004317	  0.094981	
  0.106360	  0.008931	  0.868471	  0.016238	
  0.119941	  0.782301	  0.000975	  0.096782	
  0.990432	  0.009568	  0.000000	  0.000000	
  0.998755	  0.000000	  0.001245	  0.000000	
  0.003611	  0.362022	  0.030695	  0.603671	

URL http://floresta.eead.csic.es/footprintdb/index.php?db=HumanTF:1.0&motif=CEBPB_full

MOTIF CEBPD_DBD 

letter-probability matrix: alength= 4 w= 10 nsites= 20 E= 0
  0.520176	  0.177970	  0.270423	  0.031431	
  0.000000	  0.000000	  0.000283	  0.999717	
  0.000128	  0.000128	  0.096316	  0.903428	
  0.436937	  0.000644	  0.472072	  0.090347	
  0.011285	  0.905745	  0.004360	  0.078610	
  0.101307	  0.010454	  0.879029	  0.009210	
  0.096497	  0.819183	  0.000348	  0.083971	
  0.980019	  0.019287	  0.000000	  0.000694	
  1.000000	  0.000000	  0.000000	  0.000000	
  0.007360	  0.409023	  0.029985	  0.553632	

URL http://floresta.eead.csic.es/footprintdb/index.php?db=HumanTF:1.0&motif=CEBPD_DBD

MOTIF CEBPE_DBD 

letter-probability matrix: alength= 4 w= 10 nsites= 20 E= 0
  0.449170	  0.227479	  0.271515	  0.051837	
  0.006885	  0.012294	  0.003688	  0.977133	
  0.004617	  0.001979	  0.119613	  0.873791	
  0.407939	  0.001570	  0.483292	  0.107199	
  0.025095	  0.838043	  0.015816	  0.121046	
  0.151197	  0.034435	  0.786463	  0.027904	
  0.123423	  0.783517	  0.002563	  0.090497	
  0.951173	  0.047870	  0.000000	  0.000957	
  0.998994	  0.000000	  0.000000	  0.001006	
  0.012981	  0.436630	  0.049091	  0.501298	

URL http://floresta.eead.csic.es/footprintdb/index.php?db=HumanTF:1.0&motif=CEBPE_DBD

MOTIF CEBPG_DBD 

letter-probability matrix: alength= 4 w= 10 nsites= 20 E= 0
  0.615563	  0.117684	  0.253061	  0.013692	
  0.008617	  0.004662	  0.010030	  0.976692	
  0.002119	  0.000829	  0.041640	  0.955412	
  0.408775	  0.000095	  0.577249	  0.013881	
  0.005343	  0.972205	  0.001406	  0.021045	
  0.061242	  0.008107	  0.913865	  0.016786	
  0.023787	  0.923961	  0.001960	  0.050292	
  0.997068	  0.000000	  0.002163	  0.000769	
  0.996684	  0.000000	  0.001105	  0.002210	
  0.007483	  0.418224	  0.016332	  0.557961	

URL http://floresta.eead.csic.es/footprintdb/index.php?db=HumanTF:1.0&motif=CEBPG_DBD

MOTIF CEBPG_full 

letter-probability matrix: alength= 4 w= 10 nsites= 20 E= 0
  0.572216	  0.130829	  0.278571	  0.018383	
  0.003592	  0.002861	  0.000000	  0.993546	
  0.002767	  0.000461	  0.056087	  0.940685	
  0.423384	  0.000298	  0.548101	  0.028218	
  0.012717	  0.934811	  0.008306	  0.044166	
  0.044528	  0.017777	  0.926847	  0.010848	
  0.030008	  0.918759	  0.000000	  0.051233	
  0.989510	  0.009277	  0.000303	  0.000910	
  0.998654	  0.000000	  0.000796	  0.000551	
  0.003239	  0.388989	  0.018052	  0.589721	

URL http://floresta.eead.csic.es/footprintdb/index.php?db=HumanTF:1.0&motif=CEBPG_full

MOTIF CENPB_full 

letter-probability matrix: alength= 4 w= 15 nsites= 20 E= 0
  0.097829	  0.796915	  0.000428	  0.104827	
  0.017159	  0.957447	  0.000686	  0.024708	
  0.000357	  0.996963	  0.000179	  0.002501	
  0.028135	  0.030249	  0.907465	  0.034152	
  0.001254	  0.582950	  0.148663	  0.267133	
  0.395878	  0.112724	  0.205556	  0.285842	
  0.047068	  0.068621	  0.000000	  0.884311	
  0.305735	  0.293548	  0.207348	  0.193369	
  0.231720	  0.316667	  0.265054	  0.186559	
  0.388530	  0.147312	  0.136201	  0.327957	
  0.536536	  0.101019	  0.275546	  0.086900	
  0.047531	  0.933891	  0.001841	  0.016736	
  0.133395	  0.013003	  0.853603	  0.000000	
  0.686685	  0.071622	  0.007507	  0.234187	
  0.910872	  0.046686	  0.009631	  0.032811	

URL http://floresta.eead.csic.es/footprintdb/index.php?db=HumanTF:1.0&motif=CENPB_full

MOTIF CLOCK_DBD 

letter-probability matrix: alength= 4 w= 10 nsites= 20 E= 0
  0.526807	  0.081585	  0.216783	  0.174825	
  0.696429	  0.137987	  0.144481	  0.021104	
  0.024775	  0.966216	  0.004505	  0.004505	
  0.955457	  0.011136	  0.033408	  0.000000	
  0.033827	  0.906977	  0.000000	  0.059197	
  0.085288	  0.000000	  0.914712	  0.000000	
  0.006787	  0.011312	  0.011312	  0.970588	
  0.000000	  0.006803	  0.972789	  0.020408	
  0.001445	  0.219653	  0.158960	  0.619942	
  0.206977	  0.297674	  0.090698	  0.404651	

URL http://floresta.eead.csic.es/footprintdb/index.php?db=HumanTF:1.0&motif=CLOCK_DBD

MOTIF CPEB1_full 

letter-probability matrix: alength= 4 w= 8 nsites= 20 E= 0
  0.525709	  0.051365	  0.249502	  0.173424	
  0.827471	  0.013391	  0.137299	  0.021839	
  0.005570	  0.000000	  0.004332	  0.990098	
  0.981526	  0.000000	  0.012612	  0.005863	
  0.949235	  0.000000	  0.005999	  0.044765	
  0.938347	  0.001043	  0.033042	  0.027568	
  0.994200	  0.000000	  0.005800	  0.000000	
  0.516227	  0.090019	  0.249787	  0.143967	

URL http://floresta.eead.csic.es/footprintdb/index.php?db=HumanTF:1.0&motif=CPEB1_full

MOTIF CREB3L1_DBD_1 

letter-probability matrix: alength= 4 w= 14 nsites= 20 E= 0
  0.368107	  0.213115	  0.269747	  0.149031	
  0.042363	  0.177258	  0.032330	  0.748049	
  0.028090	  0.004213	  0.942416	  0.025281	
  0.083106	  0.914169	  0.000000	  0.002725	
  0.004418	  0.988218	  0.000000	  0.007364	
  0.995549	  0.000000	  0.004451	  0.000000	
  0.000000	  0.995549	  0.004451	  0.000000	
  0.030216	  0.004317	  0.965468	  0.000000	
  0.010279	  0.000000	  0.004405	  0.985316	
  0.143705	  0.796912	  0.047506	  0.011876	
  0.823313	  0.040491	  0.088344	  0.047853	
  0.089419	  0.277198	  0.186289	  0.447094	
  0.085393	  0.753933	  0.071910	  0.088764	
  0.651456	  0.063107	  0.162136	  0.123301	

URL http://floresta.eead.csic.es/footprintdb/index.php?db=HumanTF:1.0&motif=CREB3L1_DBD_1

MOTIF CREB3L1_DBD_2 

letter-probability matrix: alength= 4 w= 12 nsites= 20 E= 0
  0.071540	  0.152799	  0.100311	  0.675350	
  0.050108	  0.028416	  0.857484	  0.063991	
  0.143364	  0.818896	  0.010638	  0.027102	
  0.044857	  0.848672	  0.040732	  0.065739	
  0.992282	  0.000000	  0.004778	  0.002940	
  0.000297	  0.997329	  0.000297	  0.002077	
  0.000467	  0.000934	  0.998365	  0.000234	
  0.001207	  0.003378	  0.001448	  0.993967	
  0.064579	  0.043923	  0.823657	  0.067841	
  0.046981	  0.017309	  0.780136	  0.155574	
  0.081262	  0.802581	  0.034178	  0.081979	
  0.575772	  0.129166	  0.190951	  0.104111	

URL http://floresta.eead.csic.es/footprintdb/index.php?db=HumanTF:1.0&motif=CREB3L1_DBD_2

MOTIF CREB3L1_DBD_3 

letter-probability matrix: alength= 4 w= 12 nsites= 20 E= 0
  0.061304	  0.150447	  0.098202	  0.690047	
  0.054300	  0.023523	  0.852585	  0.069592	
  0.143097	  0.809150	  0.010023	  0.037729	
  0.040653	  0.875208	  0.037655	  0.046484	
  0.994331	  0.000720	  0.004135	  0.000814	
  0.000493	  0.996209	  0.002545	  0.000753	
  0.000170	  0.000339	  0.998885	  0.000606	
  0.000236	  0.001398	  0.003506	  0.994859	
  0.037896	  0.040167	  0.863477	  0.058460	
  0.032886	  0.009319	  0.808602	  0.149193	
  0.053863	  0.848795	  0.025456	  0.071886	
  0.640813	  0.104567	  0.160192	  0.094428	

URL http://floresta.eead.csic.es/footprintdb/index.php?db=HumanTF:1.0&motif=CREB3L1_DBD_3

MOTIF CREB3L1_DBD_4 

letter-probability matrix: alength= 4 w= 14 nsites= 20 E= 0
  0.303426	  0.195304	  0.274862	  0.226408	
  0.041697	  0.172308	  0.027000	  0.758994	
  0.006228	  0.000865	  0.987284	  0.005623	
  0.056714	  0.940813	  0.001484	  0.000989	
  0.002352	  0.994250	  0.001829	  0.001568	
  0.996420	  0.002794	  0.000000	  0.000786	
  0.000175	  0.999037	  0.000788	  0.000000	
  0.009630	  0.000087	  0.990196	  0.000087	
  0.002176	  0.001828	  0.002785	  0.993212	
  0.135247	  0.829433	  0.026308	  0.009012	
  0.840675	  0.034399	  0.095094	  0.029832	
  0.056870	  0.256397	  0.230196	  0.456537	
  0.063671	  0.825772	  0.047970	  0.062586	
  0.686744	  0.065648	  0.160419	  0.087189	

URL http://floresta.eead.csic.es/footprintdb/index.php?db=HumanTF:1.0&motif=CREB3L1_DBD_4

MOTIF CREB3L1_full_1 

letter-probability matrix: alength= 4 w= 12 nsites= 20 E= 0
  0.034602	  0.079585	  0.096886	  0.788927	
  0.026706	  0.014837	  0.916914	  0.041543	
  0.083333	  0.901515	  0.007576	  0.007576	
  0.051852	  0.918519	  0.014815	  0.014815	
  0.990196	  0.004902	  0.004902	  0.000000	
  0.007752	  0.992248	  0.000000	  0.000000	
  0.000000	  0.000000	  1.000000	  0.000000	
  0.003731	  0.000000	  0.000000	  0.996269	
  0.034364	  0.006873	  0.903780	  0.054983	
  0.026578	  0.006645	  0.873754	  0.093023	
  0.035714	  0.914286	  0.014286	  0.035714	
  0.778846	  0.038462	  0.129808	  0.052885	

URL http://floresta.eead.csic.es/footprintdb/index.php?db=HumanTF:1.0&motif=CREB3L1_full_1

MOTIF CREB3L1_full_2 

