MEME version 4

ALPHABET= ACGT

strands: + -

Background letter frequencies (from uniform background):
A 0.25000 C 0.25000 G 0.25000 T 0.25000 

MOTIF ADNP_IRX_SIX_ZHX.p2 

letter-probability matrix: alength= 4 w= 7 nsites= 132 E= 0
  0.978100	  0.000000	  0.000000	  0.021900	
  0.889562	  0.000000	  0.075811	  0.034627	
  0.000000	  0.000000	  0.000000	  1.000000	
  0.921669	  0.000000	  0.072419	  0.005912	
  0.983250	  0.000000	  0.016750	  0.000000	
  0.000000	  0.000000	  0.000000	  1.000000	
  0.000000	  0.028424	  0.000000	  0.971576	

MOTIF AHR_ARNT_ARNT2.p2 

letter-probability matrix: alength= 4 w= 6 nsites= 814 E= 0
  0.020988	  0.438974	  0.023783	  0.516256	
  0.000000	  0.000000	  1.000000	  0.000000	
  0.000000	  0.994235	  0.000000	  0.005765	
  0.000000	  0.000000	  0.996046	  0.003954	
  0.000000	  0.000000	  0.000000	  1.000000	
  0.000000	  0.000000	  1.000000	  0.000000	

MOTIF AIRE.p2 

letter-probability matrix: alength= 4 w= 25 nsites= 73 E= 0
  0.076957	  0.138352	  0.627799	  0.156892	
  0.395036	  0.101482	  0.397949	  0.105533	
  0.087111	  0.036472	  0.225135	  0.651282	
  0.091369	  0.067075	  0.060292	  0.781264	
  0.643185	  0.076687	  0.065837	  0.214291	
  0.009268	  0.027824	  0.065434	  0.897474	
  0.151764	  0.007106	  0.031356	  0.809774	
  0.544336	  0.011238	  0.230818	  0.213608	
  0.734397	  0.045902	  0.014212	  0.205489	
  0.136355	  0.000000	  0.186516	  0.677130	
  0.138680	  0.006549	  0.014115	  0.840657	
  0.041966	  0.000000	  0.896459	  0.061575	
  0.049365	  0.026453	  0.813855	  0.110326	
  0.152733	  0.026501	  0.117271	  0.703495	
  0.219516	  0.005611	  0.039740	  0.735133	
  0.612225	  0.015804	  0.214600	  0.157371	
  0.059924	  0.033232	  0.063049	  0.843795	
  0.690382	  0.081419	  0.135083	  0.093116	
  0.017728	  0.064105	  0.013276	  0.904892	
  0.012986	  0.011555	  0.033537	  0.941921	
  0.048343	  0.091919	  0.653206	  0.206532	
  0.177861	  0.072746	  0.646806	  0.102587	
  0.062040	  0.132386	  0.229761	  0.575813	
  0.031252	  0.060442	  0.076207	  0.832099	
  0.494505	  0.025127	  0.216331	  0.264037	

MOTIF ALX1.p2 

letter-probability matrix: alength= 4 w= 18 nsites= 160 E= 0
  0.494901	  0.188311	  0.072805	  0.243983	
  0.472594	  0.248307	  0.211832	  0.067267	
  0.307316	  0.292005	  0.067227	  0.333452	
  0.010133	  0.004673	  0.000000	  0.985194	
  0.850715	  0.027775	  0.033498	  0.088011	
  0.990161	  0.000000	  0.000000	  0.009839	
  0.009409	  0.047902	  0.004310	  0.938378	
  0.004339	  0.071001	  0.083289	  0.841372	
  0.548987	  0.137227	  0.104307	  0.209479	
  0.297922	  0.246446	  0.153539	  0.302093	
  0.194232	  0.379703	  0.048909	  0.377156	
  0.906995	  0.006007	  0.067415	  0.019583	
  0.004318	  0.062752	  0.009757	  0.923173	
  0.059335	  0.049220	  0.000000	  0.891445	
  0.736430	  0.022027	  0.171503	  0.070040	
  0.089236	  0.172687	  0.196585	  0.541492	
  0.110242	  0.412571	  0.069907	  0.407280	
  0.365802	  0.131362	  0.118080	  0.384755	

MOTIF ARID5B.p2 

letter-probability matrix: alength= 4 w= 14 nsites= 294 E= 0
  0.648291	  0.198055	  0.127658	  0.025996	
  0.639477	  0.041874	  0.040121	  0.278528	
  0.057706	  0.395761	  0.312321	  0.234212	
  0.075969	  0.592947	  0.062454	  0.268630	
  0.739660	  0.124514	  0.059431	  0.076396	
  0.179802	  0.530255	  0.119477	  0.170467	
  0.981877	  0.011516	  0.004946	  0.001660	
  0.941089	  0.022322	  0.032258	  0.004331	
  0.034135	  0.086256	  0.049315	  0.830294	
  0.900718	  0.052182	  0.032473	  0.014628	
  0.009719	  0.716731	  0.024296	  0.249253	
  0.366145	  0.424689	  0.055033	  0.154132	
  0.560730	  0.210146	  0.221596	  0.007528	
  0.728520	  0.133192	  0.108433	  0.029855	

MOTIF ARNT_ARNT2_BHLHB2_MAX_MYC_USF1.p2 

letter-probability matrix: alength= 4 w= 11 nsites= 884 E= 0
  0.298510	  0.052559	  0.599263	  0.049668	
  0.359360	  0.132587	  0.505974	  0.002079	
  0.130738	  0.377020	  0.256415	  0.235826	
  0.012919	  0.987081	  0.000000	  0.000000	
  0.992192	  0.000898	  0.001879	  0.005032	
  0.000901	  0.961299	  0.000000	  0.037799	
  0.039795	  0.001844	  0.958362	  0.000000	
  0.001952	  0.019113	  0.000982	  0.977952	
  0.000000	  0.000000	  1.000000	  0.000000	
  0.432285	  0.040490	  0.501932	  0.025294	
  0.150144	  0.473507	  0.036199	  0.340151	

MOTIF AR.p2 

letter-probability matrix: alength= 4 w= 22 nsites= 151 E= 0
  0.289899	  0.400893	  0.105833	  0.203375	
  0.450188	  0.141654	  0.110791	  0.297367	
  0.467914	  0.226253	  0.178111	  0.127722	
  0.689086	  0.000000	  0.295866	  0.015048	
  0.070133	  0.000000	  0.912274	  0.017593	
  0.597595	  0.192906	  0.091981	  0.117517	
  0.904075	  0.042204	  0.022100	  0.031621	
  0.005092	  0.963098	  0.016786	  0.015024	
  0.831819	  0.005271	  0.088482	  0.074428	
  0.253707	  0.370239	  0.051998	  0.324055	
  0.337758	  0.348231	  0.111369	  0.202642	
  0.172749	  0.443064	  0.362449	  0.021738	
  0.094085	  0.099685	  0.061593	  0.744637	
  0.004917	  0.000000	  0.995083	  0.000000	
  0.087125	  0.003960	  0.031549	  0.877367	
  0.292822	  0.431993	  0.049118	  0.226067	
  0.044250	  0.888380	  0.005963	  0.061406	
  0.134823	  0.700896	  0.000000	  0.164281	
  0.297962	  0.237856	  0.146155	  0.318027	
  0.248204	  0.275661	  0.329255	  0.146880	
  0.266356	  0.592524	  0.016101	  0.125018	
  0.264041	  0.381968	  0.218063	  0.135928	

MOTIF ATF2.p2 

letter-probability matrix: alength= 4 w= 8 nsites= 391 E= 0
  0.000000	  0.003447	  0.000000	  0.996553	
  0.000000	  0.003594	  0.203643	  0.792763	
  1.000000	  0.000000	  0.000000	  0.000000	
  0.000000	  0.992310	  0.003748	  0.003941	
  0.628052	  0.001846	  0.370102	  0.000000	
  0.020781	  0.001858	  0.001775	  0.975586	
  0.688327	  0.304329	  0.007344	  0.000000	
  0.977093	  0.021318	  0.001589	  0.000000	

MOTIF ATF4.p2 

letter-probability matrix: alength= 4 w= 12 nsites= 225 E= 0
  0.040723	  0.454147	  0.494643	  0.010488	
  0.156416	  0.238329	  0.605255	  0.000000	
  0.000000	  0.000000	  0.000000	  1.000000	
  0.000000	  0.000000	  0.993163	  0.006837	
  0.954263	  0.000000	  0.037342	  0.008395	
  0.000000	  0.989857	  0.000000	  0.010143	
  0.000000	  0.003332	  0.877146	  0.119522	
  0.000000	  0.440853	  0.000000	  0.559147	
  0.410088	  0.564182	  0.011249	  0.014481	
  0.717701	  0.006507	  0.272582	  0.003210	
  0.041623	  0.404076	  0.253470	  0.300831	
  0.232093	  0.315261	  0.412470	  0.040175	

MOTIF ATF5_CREB3.p2 

letter-probability matrix: alength= 4 w= 6 nsites= 976 E= 0
  0.000000	  0.000000	  0.000000	  1.000000	
  0.000000	  0.000000	  1.000000	  0.000000	
  1.000000	  0.000000	  0.000000	  0.000000	
  0.000000	  0.975217	  0.000000	  0.024783	
  0.000000	  0.000000	  1.000000	  0.000000	
  0.000000	  0.085771	  0.000000	  0.914229	

MOTIF ATF6.p2 

letter-probability matrix: alength= 4 w= 8 nsites= 495 E= 0
  0.007956	  0.011861	  0.007818	  0.972365	
  0.002004	  0.023703	  0.974293	  0.000000	
  1.000000	  0.000000	  0.000000	  0.000000	
  0.000000	  0.986194	  0.007887	  0.005920	
  0.001964	  0.005861	  0.990213	  0.001961	
  0.001953	  0.013776	  0.000000	  0.984271	
  0.003945	  0.037739	  0.930550	  0.027766	
  0.081746	  0.001995	  0.908369	  0.007890	

MOTIF BACH2.p2 

letter-probability matrix: alength= 4 w= 15 nsites= 447 E= 0
  0.374478	  0.172113	  0.356983	  0.096427	
  0.153001	  0.365905	  0.305841	  0.175253	
  0.155130	  0.281004	  0.384515	  0.179351	
  0.367188	  0.199750	  0.414087	  0.018975	
  0.002028	  0.000000	  0.016930	  0.981042	
  0.001720	  0.002111	  0.990848	  0.005320	
  0.960927	  0.028073	  0.005394	  0.005605	
  0.036362	  0.001956	  0.948728	  0.012953	
  0.000000	  0.000000	  0.003828	  0.996172	
  0.018622	  0.968007	  0.013372	  0.000000	
  0.988265	  0.001898	  0.005726	  0.004111	
  0.023014	  0.337292	  0.226424	  0.413269	
  0.130602	  0.372157	  0.374502	  0.122739	
  0.259848	  0.239110	  0.360048	  0.140994	
  0.111444	  0.348295	  0.231615	  0.308646	

MOTIF bHLH_family.p2 

letter-probability matrix: alength= 4 w= 8 nsites= 425 E= 0
  0.664881	  0.031014	  0.304105	  0.000000	
  0.138476	  0.508106	  0.196400	  0.157018	
  0.000000	  1.000000	  0.000000	  0.000000	
  0.992011	  0.000000	  0.001947	  0.006042	
  0.000000	  0.867890	  0.073372	  0.058739	
  0.004152	  0.083228	  0.912620	  0.000000	
  0.000000	  0.001857	  0.000000	  0.998143	
  0.012134	  0.000000	  0.987866	  0.000000	

MOTIF BPTF.p2 

letter-probability matrix: alength= 4 w= 14 nsites= 130 E= 0
  0.617437	  0.087723	  0.248789	  0.046052	
  0.503010	  0.277668	  0.122728	  0.096594	
  0.375636	  0.351088	  0.172303	  0.100973	
  0.251732	  0.705943	  0.014225	  0.028100	
  0.937872	  0.011097	  0.027333	  0.023698	
  0.475498	  0.416519	  0.004828	  0.103155	
  0.991184	  0.000000	  0.008816	  0.000000	
  0.967026	  0.006634	  0.015085	  0.011255	
  0.154998	  0.752545	  0.058670	  0.033788	
  0.890895	  0.086476	  0.012871	  0.009758	
  0.372388	  0.466432	  0.013476	  0.147705	
  0.651333	  0.040864	  0.261683	  0.046120	
  0.361961	  0.302358	  0.126427	  0.209254	
  0.667853	  0.059073	  0.165120	  0.107954	

MOTIF CDC5L.p2 

letter-probability matrix: alength= 4 w= 12 nsites= 297 E= 0
  0.059908	  0.079773	  0.792324	  0.067995	
  0.637520	  0.068705	  0.078567	  0.215209	
  0.094391	  0.023720	  0.220086	  0.661803	
  0.041661	  0.021933	  0.040921	  0.895484	
  0.095707	  0.015258	  0.011329	  0.877706	
  0.961205	  0.014511	  0.010330	  0.013954	
  0.864965	  0.053596	  0.017440	  0.063999	
  0.189692	  0.410758	  0.025695	  0.373856	
  0.703313	  0.025948	  0.165308	  0.105431	
  0.093719	  0.130012	  0.021149	  0.755121	
  0.807936	  0.047510	  0.118586	  0.025969	
  0.706674	  0.020949	  0.171432	  0.100945	

MOTIF CDX1,2,4.p2 

letter-probability matrix: alength= 4 w= 18 nsites= 91 E= 0
  0.390653	  0.159171	  0.162374	  0.287803	
  0.929833	  0.040913	  0.029255	  0.000000	
  0.090219	  0.547764	  0.010206	  0.351810	
  0.520051	  0.078843	  0.070006	  0.331100	
  0.559936	  0.051435	  0.368654	  0.019975	
  0.491766	  0.267984	  0.000000	  0.240250	
  0.257497	  0.382519	  0.030101	  0.329883	
  0.860424	  0.061373	  0.068806	  0.009397	
  0.643143	  0.009536	  0.269581	  0.077741	
  0.838722	  0.020262	  0.110780	  0.030237	
  0.191045	  0.120318	  0.308974	  0.379663	
  0.269207	  0.180241	  0.010886	  0.539665	
  0.517786	  0.232025	  0.010886	  0.239303	
  0.757857	  0.000000	  0.161914	  0.080229	
  0.000000	  0.039646	  0.009481	  0.950873	
  0.809208	  0.009919	  0.160512	  0.020361	
  0.790639	  0.059952	  0.000000	  0.149409	
  0.850509	  0.048451	  0.101040	  0.000000	

MOTIF CEBPA,B_DDIT3.p2 

letter-probability matrix: alength= 4 w= 12 nsites= 87 E= 0
  0.120560	  0.080438	  0.069908	  0.729094	
  0.119585	  0.064343	  0.418474	  0.397598	
  0.556068	  0.020193	  0.385838	  0.037901	
  0.000000	  0.116493	  0.019328	  0.864179	
  0.042116	  0.019300	  0.938584	  0.000000	
  0.099966	  0.872010	  0.000000	  0.028025	
  1.000000	  0.000000	  0.000000	  0.000000	
  0.981280	  0.000000	  0.018720	  0.000000	
  0.000000	  0.285070	  0.000000	  0.714930	
  0.274300	  0.455687	  0.199793	  0.070220	
  0.068146	  0.623262	  0.019082	  0.289510	
  0.000000	  0.618750	  0.140751	  0.240499	

MOTIF CREB1.p2 

letter-probability matrix: alength= 4 w= 12 nsites= 99 E= 0
  0.060022	  0.559330	  0.250527	  0.130121	
  0.160101	  0.239782	  0.309842	  0.290276	
  0.000000	  0.339814	  0.339713	  0.320472	
  0.179812	  0.150034	  0.670155	  0.000000	
  0.380208	  0.049871	  0.569922	  0.000000	
  0.000000	  0.000000	  0.000000	  1.000000	
  0.000000	  0.000000	  0.980029	  0.019971	
  0.990039	  0.000000	  0.000000	  0.009961	
  0.000000	  1.000000	  0.000000	  0.000000	
  0.000000	  0.000000	  1.000000	  0.000000	
  0.000000	  0.430564	  0.000000	  0.569436	
  0.250512	  0.369449	  0.150265	  0.229774	

MOTIF CRX.p2 

letter-probability matrix: alength= 4 w= 13 nsites= 515 E= 0
  0.038565	  0.342335	  0.009828	  0.609272	
  0.074629	  0.425386	  0.098439	  0.401546	
  0.342335	  0.260100	  0.115265	  0.282300	
  0.067595	  0.410450	  0.095687	  0.426267	
  0.005862	  0.003534	  0.001642	  0.988963	
  0.945089	  0.006163	  0.028933	  0.019815	
  0.996821	  0.000000	  0.001615	  0.001563	
  0.045601	  0.113687	  0.059325	  0.781388	
  0.033600	  0.747359	  0.026001	  0.193039	
  0.099555	  0.480977	  0.000000	  0.419468	
  0.003782	  0.636760	  0.100381	  0.259077	
  0.427324	  0.346325	  0.028416	  0.197935	
  0.076091	  0.376296	  0.163599	  0.384014	

MOTIF CTCF.p2 

letter-probability matrix: alength= 4 w= 20 nsites= 478 E= 0
  0.258624	  0.197266	  0.258770	  0.285341	
  0.087870	  0.292377	  0.105515	  0.514237	
  0.155039	  0.170384	  0.428219	  0.246357	
  0.272615	  0.072523	  0.500449	  0.154412	
  0.045388	  0.920493	  0.002446	  0.031673	
  0.000000	  0.998453	  0.000000	  0.001547	
  0.857710	  0.001986	  0.061570	  0.078734	
  0.006837	  0.610357	  0.381029	  0.001777	
  0.121571	  0.585382	  0.021617	  0.271429	
  0.966132	  0.000000	  0.017979	  0.015889	
  0.000167	  0.000000	  0.999833	  0.000000	
  0.472236	  0.000000	  0.527764	  0.000000	
  0.005561	  0.001213	  0.563962	  0.429264	
  0.000376	  0.000000	  0.999624	  0.000000	
  0.001066	  0.004432	  0.976543	  0.017959	
  0.051932	  0.877843	  0.004328	  0.065897	
  0.569084	  0.001652	  0.421864	  0.007401	
  0.066566	  0.476710	  0.433747	  0.022976	
  0.104637	  0.397370	  0.064225	  0.433768	
  0.497355	  0.218928	  0.262413	  0.021303	

MOTIF CUX2.p2 

letter-probability matrix: alength= 4 w= 15 nsites= 94 E= 0
  0.417943	  0.048230	  0.154140	  0.379687	
  0.331841	  0.062671	  0.197015	  0.408472	
  0.117371	  0.088964	  0.063211	  0.730453	
  1.000000	  0.000000	  0.000000	  0.000000	
  0.000000	  0.000000	  0.000000	  1.000000	
  0.047183	  0.230607	  0.000000	  0.722209	
  0.000000	  0.000000	  1.000000	  0.000000	
  1.000000	  0.000000	  0.000000	  0.000000	
  0.000000	  0.000000	  0.000000	  1.000000	
  0.047021	  0.256183	  0.009255	  0.687542	
  0.882899	  0.000000	  0.034987	  0.082115	
  0.138275	  0.198742	  0.139959	  0.523024	
  0.092522	  0.261147	  0.000000	  0.646330	
  0.227982	  0.063425	  0.222584	  0.486009	
  0.237848	  0.038866	  0.083460	  0.639826	

MOTIF DBP.p2 

letter-probability matrix: alength= 4 w= 7 nsites= 397 E= 0
  0.994423	  0.002140	  0.003437	  0.000000	
  0.005718	  0.000000	  0.961818	  0.032464	
  0.002543	  0.996719	  0.000000	  0.000739	
  0.943786	  0.000000	  0.002162	  0.054051	
  0.651134	  0.219749	  0.004919	  0.124198	
  0.855780	  0.076265	  0.001622	  0.066333	
  0.163629	  0.675047	  0.005182	  0.156142	

MOTIF DMAP1_NCOR{1,2}_SMARC.p2 

letter-probability matrix: alength= 4 w= 8 nsites= 360 E= 0
  0.184045	  0.023780	  0.005571	  0.786604	
  0.139372	  0.004914	  0.473059	  0.382654	
  0.261088	  0.005514	  0.221402	  0.511996	
  0.001562	  0.825298	  0.002034	  0.171106	
  0.432301	  0.053919	  0.494409	  0.019370	
  0.003496	  0.098397	  0.883735	  0.014373	
  0.001238	  0.000000	  0.000000	  0.998762	
  0.000000	  0.000000	  0.000000	  1.000000	

MOTIF E2F1..5.p2 

letter-probability matrix: alength= 4 w= 8 nsites= 447 E= 0
  0.002053	  0.022697	  0.011688	  0.963562	
  0.007734	  0.056606	  0.017067	  0.918593	
  0.000000	  0.007214	  0.000000	  0.992786	
  0.001853	  0.388993	  0.601645	  0.007510	
  0.000000	  0.188445	  0.811555	  0.000000	
  0.005806	  0.992238	  0.001956	  0.000000	
  0.001823	  0.001909	  0.970446	  0.025822	
  0.000000	  0.933255	  0.057295	  0.009450	

MOTIF EBF1.p2 

letter-probability matrix: alength= 4 w= 22 nsites= 132 E= 0
  0.270251	  0.327796	  0.241447	  0.160506	
  0.304909	  0.189794	  0.368103	  0.137194	
  0.148625	  0.523789	  0.219910	  0.107675	
  0.529792	  0.007095	  0.277351	  0.185762	
  0.519938	  0.064238	  0.301953	  0.113871	
  0.013844	  0.492794	  0.270987	  0.222376	
  0.000000	  0.021820	  0.013832	  0.964347	
  0.014270	  0.901919	  0.027351	  0.056460	
  0.000000	  0.986055	  0.000000	  0.013945	
  0.000000	  0.857264	  0.000000	  0.142736	
  0.225839	  0.531114	  0.000000	  0.243047	
  0.459657	  0.079465	  0.368628	  0.092250	
  0.230449	  0.006822	  0.748695	  0.014034	
  0.396487	  0.000000	  0.581595	  0.021918	
  0.007357	  0.006873	  0.985769	  0.000000	
  0.623237	  0.070087	  0.242175	  0.064500	
  0.389388	  0.243979	  0.359283	  0.007351	
  0.072095	  0.408365	  0.248955	  0.270585	
  0.247176	  0.149252	  0.406737	  0.196835	
  0.027968	  0.224727	  0.409739	  0.337566	
  0.211890	  0.079200	  0.694631	  0.014280	
  0.142692	  0.294092	  0.241945	  0.321272	

MOTIF EGR1..3.p2 

letter-probability matrix: alength= 4 w= 12 nsites= 179 E= 0
  0.104873	  0.232485	  0.425229	  0.237414	
  0.033307	  0.148731	  0.325700	  0.492262	
  0.005555	  0.000000	  0.994445	  0.000000	
  0.011114	  0.939284	  0.000000	  0.049601	
  0.000000	  0.000000	  1.000000	  0.000000	
  0.000000	  0.000000	  0.226459	  0.773541	
  0.088559	  0.000000	  0.911441	  0.000000	
  0.000000	  0.000000	  1.000000	  0.000000	
  0.011110	  0.000000	  0.988890	  0.000000	
  0.033101	  0.773644	  0.000000	  0.193254	
  0.000000	  0.000000	  0.994521	  0.005479	
  0.011117	  0.005526	  0.856584	  0.126774	

MOTIF EHF.p2 

letter-probability matrix: alength= 4 w= 10 nsites= 1562 E= 0
  0.802724	  0.030083	  0.028892	  0.138301	
  0.157111	  0.695311	  0.085253	  0.062325	
  0.122631	  0.795649	  0.075634	  0.006086	
  0.161053	  0.827516	  0.000000	  0.011431	
  0.000000	  0.004584	  0.995416	  0.000000	
  0.002283	  0.001497	  0.991679	  0.004541	
  0.960207	  0.025055	  0.006632	  0.008106	
  0.958160	  0.012476	  0.000711	  0.028653	
  0.258721	  0.046182	  0.684606	  0.010490	
  0.064259	  0.109824	  0.042639	  0.783277	

MOTIF ELF1,2,4.p2 

letter-probability matrix: alength= 4 w= 7 nsites= 472 E= 0
  0.000000	  0.726356	  0.001944	  0.271700	
  0.027995	  0.000000	  0.000000	  0.972005	
  0.000000	  0.000000	  0.000000	  1.000000	
  0.000000	  1.000000	  0.000000	  0.000000	
  0.000000	  1.000000	  0.000000	  0.000000	
  0.009957	  0.003889	  0.785980	  0.200173	
  0.008214	  0.009994	  0.981792	  0.000000	

MOTIF ELK1,4_GABP{A,B1}.p3 

letter-probability matrix: alength= 4 w= 10 nsites= 274 E= 0
  0.351349	  0.162868	  0.476655	  0.009127	
  0.030346	  0.758321	  0.210546	  0.000788	
  0.154186	  0.845814	  0.000000	  0.000000	
  0.000000	  0.000000	  1.000000	  0.000000	
  0.003599	  0.000000	  0.996401	  0.000000	
  1.000000	  0.000000	  0.000000	  0.000000	
  0.996427	  0.000000	  0.000000	  0.003573	
  0.071047	  0.026816	  0.902137	  0.000000	
  0.050660	  0.332707	  0.026174	  0.590459	
  0.076152	  0.157981	  0.686407	  0.079459	

MOTIF EN1,2.p2 

letter-probability matrix: alength= 4 w= 11 nsites= 119 E= 0
  0.552060	  0.050375	  0.199827	  0.197738	
  0.618681	  0.057831	  0.289588	  0.033901	
  0.338089	  0.004555	  0.653039	  0.004316	
  0.002702	  0.026877	  0.092846	  0.877574	
  0.428486	  0.007920	  0.412634	  0.150960	
  0.259485	  0.007997	  0.731215	  0.001302	
  0.244001	  0.008131	  0.003881	  0.743987	
  0.127974	  0.036347	  0.493621	  0.342058	
  0.052089	  0.327464	  0.273118	  0.347328	
  0.024470	  0.474324	  0.014580	  0.486626	
  0.028401	  0.701566	  0.023452	  0.246582	

MOTIF EOMES.p2 

letter-probability matrix: alength= 4 w= 9 nsites= 707 E= 0
  0.718467	  0.035492	  0.147034	  0.099007	
  0.094308	  0.010787	  0.764878	  0.130027	
  0.000000	  0.029849	  0.930628	  0.039523	
  0.006126	  0.087609	  0.027409	  0.878855	
  0.006620	  0.019747	  0.949753	  0.023880	
  0.000000	  0.146635	  0.036124	  0.817242	
  0.047353	  0.062005	  0.802730	  0.087913	
  0.989672	  0.010328	  0.000000	  0.000000	
  0.630811	  0.128511	  0.055283	  0.185395	

MOTIF EP300.p2 

letter-probability matrix: alength= 4 w= 14 nsites= 146 E= 0
  0.242628	  0.112669	  0.502577	  0.142125	
  0.189342	  0.524155	  0.222483	  0.064021	
  0.495665	  0.242710	  0.246275	  0.015350	
  0.209912	  0.015246	  0.735022	  0.039820	
  0.051312	  0.000000	  0.944989	  0.003699	
  0.243293	  0.013089	  0.711208	  0.032411	
  0.972742	  0.008707	  0.015636	  0.002916	
  0.003820	  0.007121	  0.985681	  0.003377	
  0.023518	  0.002813	  0.000000	  0.973669	
  0.046507	  0.012463	  0.773705	  0.167325	
  0.280890	  0.212032	  0.255379	  0.251698	
  0.068521	  0.156183	  0.710919	  0.064376	
  0.186516	  0.355558	  0.140177	  0.317748	
  0.031815	  0.315836	  0.552735	  0.099614	

MOTIF ESR1.p3 

letter-probability matrix: alength= 4 w= 20 nsites= 473 E= 0
  0.261242	  0.256959	  0.329764	  0.152034	
  0.228632	  0.170940	  0.350427	  0.250000	
  0.136752	  0.369658	  0.318376	  0.175214	
  0.176596	  0.487234	  0.138298	  0.197872	
  0.285106	  0.493617	  0.100000	  0.121277	
  0.651163	  0.059197	  0.188161	  0.101480	
  0.075949	  0.016878	  0.816456	  0.090717	
  0.040000	  0.037895	  0.884211	  0.037895	
  0.069474	  0.086316	  0.191579	  0.652632	
  0.008421	  0.829474	  0.111579	  0.050526	
  0.837895	  0.027368	  0.056842	  0.077895	
  0.122105	  0.526316	  0.225263	  0.126316	
  0.132632	  0.581053	  0.111579	  0.174737	
  0.134737	  0.543158	  0.204211	  0.117895	
  0.067368	  0.040000	  0.016842	  0.875789	
  0.044211	  0.046316	  0.896842	  0.012632	
  0.642105	  0.223158	  0.065263	  0.069474	
  0.021053	  0.917895	  0.025263	  0.035789	
  0.124211	  0.743158	  0.004211	  0.128421	
  0.054737	  0.347368	  0.046316	  0.551579	

MOTIF ESRRA.p2 

letter-probability matrix: alength= 4 w= 14 nsites= 197 E= 0
  0.226739	  0.160905	  0.184215	  0.428141	
  0.087571	  0.170221	  0.485584	  0.256625	
  0.106087	  0.455721	  0.174168	  0.264025	
  0.067280	  0.144201	  0.064123	  0.724395	
  0.139505	  0.590128	  0.232308	  0.038059	
  0.869876	  0.004654	  0.120587	  0.004883	
  0.995042	  0.004958	  0.000000	  0.000000	
  0.004702	  0.000000	  0.990535	  0.004763	
  0.000000	  0.000000	  1.000000	  0.000000	
  0.019318	  0.000000	  0.000000	  0.980682	
  0.000000	  0.990636	  0.009364	  0.000000	
  1.000000	  0.000000	  0.000000	  0.000000	
  0.101366	  0.676688	  0.101956	  0.119990	
  0.430754	  0.130314	  0.264080	  0.174852	

MOTIF ETS1,2.p2 

letter-probability matrix: alength= 4 w= 14 nsites= 164 E= 0
  0.291261	  0.041552	  0.476378	  0.190808	
  0.517534	  0.112877	  0.357636	  0.011953	
  0.006048	  0.833099	  0.149096	  0.011758	
  0.863189	  0.130834	  0.000000	  0.005977	
  0.000000	  0.000000	  1.000000	  0.000000	
  0.017898	  0.000000	  0.982102	  0.000000	
  1.000000	  0.000000	  0.000000	  0.000000	
  0.952554	  0.000000	  0.041565	  0.005880	
  0.249097	  0.059152	  0.691751	  0.000000	
  0.000000	  0.308494	  0.006076	  0.685430	
  0.309865	  0.155029	  0.517335	  0.017771	
  0.338650	  0.261701	  0.197218	  0.202431	
  0.018003	  0.338544	  0.333149	  0.310305	
  0.119020	  0.279161	  0.108323	  0.493496	

MOTIF EVI1.p2 

letter-probability matrix: alength= 4 w= 14 nsites= 184 E= 0
  0.609560	  0.055965	  0.188437	  0.146038	
  0.820868	  0.000000	  0.089331	  0.089801	
  0.029949	  0.031169	  0.893739	  0.045142	
  0.945740	  0.028916	  0.010498	  0.014846	
  0.205920	  0.387334	  0.029381	  0.377365	
  0.969314	  0.010560	  0.020126	  0.000000	
  0.881063	  0.000000	  0.109627	  0.009309	
  0.034004	  0.014172	  0.941808	  0.010016	
  0.954992	  0.004686	  0.035740	  0.004582	
  0.069713	  0.194226	  0.014671	  0.721390	
  0.857479	  0.039825	  0.034845	  0.067852	
  0.882902	  0.000000	  0.117098	  0.000000	
  0.328538	  0.204242	  0.249069	  0.218150	
  0.645316	  0.158767	  0.119314	  0.076602	

MOTIF EWSR1-FLI1.p2 

letter-probability matrix: alength= 4 w= 18 nsites= 105 E= 0
  0.000000	  0.000000	  1.000000	  0.000000	
  0.019048	  0.000000	  0.980952	  0.000000	
  0.990476	  0.000000	  0.009524	  0.000000	
  0.990476	  0.000000	  0.009524	  0.000000	
  0.009524	  0.000000	  0.990476	  0.000000	
  0.019048	  0.000000	  0.971429	  0.009524	
  0.980952	  0.000000	  0.019048	  0.000000	
  0.971429	  0.000000	  0.028571	  0.000000	
  0.000000	  0.000000	  0.990476	  0.009524	
  0.000000	  0.019048	  0.980952	  0.000000	
  0.942857	  0.038095	  0.019048	  0.000000	
  1.000000	  0.000000	  0.000000	  0.000000	
  0.000000	  0.000000	  1.000000	  0.000000	
  0.000000	  0.019048	  0.980952	  0.000000	
  0.952381	  0.028571	  0.000000	  0.019048	
  0.971429	  0.000000	  0.019048	  0.009524	
  0.047619	  0.000000	  0.923810	  0.028571	
  0.028571	  0.028571	  0.923810	  0.019048	

MOTIF FEV.p2 

letter-probability matrix: alength= 4 w= 8 nsites= 13 E= 0
  0.153846	  0.692308	  0.076923	  0.076923	
  0.692308	  0.230769	  0.076923	  0.000000	
  0.000000	  0.000000	  1.000000	  0.000000	
  0.000000	  0.000000	  1.000000	  0.000000	
  1.000000	  0.000000	  0.000000	  0.000000	
  0.923077	  0.000000	  0.000000	  0.076923	
  0.538462	  0.000000	  0.461538	  0.000000	
  0.000000	  0.000000	  0.000000	  1.000000	

MOTIF FOS_FOS{B,L1}_JUN{B,D}.p2 

letter-probability matrix: alength= 4 w= 8 nsites= 450 E= 0
  0.222213	  0.025981	  0.751806	  0.000000	
  0.002024	  0.000000	  0.000000	  0.997976	
  0.000000	  0.001900	  0.998100	  0.000000	
  0.992258	  0.007742	  0.000000	  0.000000	
  0.010037	  0.320920	  0.577607	  0.091436	
  0.001946	  0.010154	  0.000000	  0.987900	
  0.076770	  0.921323	  0.001907	  0.000000	
  1.000000	  0.000000	  0.000000	  0.000000	

MOTIF FOSL2.p2 

letter-probability matrix: alength= 4 w= 12 nsites= 569 E= 0
  0.000829	  0.000000	  0.000957	  0.998214	
  0.000000	  0.000000	  0.991605	  0.008395	
  1.000000	  0.000000	  0.000000	  0.000000	
  0.000799	  0.919422	  0.042542	  0.037237	
  0.060683	  0.086795	  0.034588	  0.817934	
  0.037779	  0.847906	  0.016328	  0.097987	
  0.870291	  0.090373	  0.024112	  0.015224	
  0.147392	  0.333789	  0.294516	  0.224304	
  0.250438	  0.217871	  0.308402	  0.223288	
  0.025877	  0.293526	  0.517256	  0.163341	
  0.103908	  0.162971	  0.299005	  0.434116	
  0.106083	  0.360518	  0.293783	  0.239617	

MOTIF FOXA2.p3 

letter-probability matrix: alength= 4 w= 12 nsites= 808 E= 0
  0.001238	  0.001238	  0.001238	  0.996287	
  0.273177	  0.003708	  0.719407	  0.003708	
  0.001236	  0.001236	  0.001236	  0.996292	
  0.001236	  0.003708	  0.044499	  0.950556	
  0.001233	  0.001233	  0.215783	  0.781751	
  0.908642	  0.004938	  0.082716	  0.003704	
  0.002469	  0.895062	  0.002469	  0.100000	
  0.417800	  0.095179	  0.003708	  0.483313	
  0.061805	  0.327565	  0.071693	  0.538937	
  0.516729	  0.007435	  0.029740	  0.446097	
  0.162531	  0.065757	  0.598015	  0.173697	
  0.160648	  0.242839	  0.361146	  0.235367	

MOTIF FOX{C1,C2}.p2 

letter-probability matrix: alength= 4 w= 8 nsites= 78 E= 0
  0.308308	  0.186057	  0.405306	  0.100329	
  0.042683	  0.297023	  0.586692	  0.073602	
  0.206170	  0.300724	  0.114293	  0.378813	
  0.461323	  0.128561	  0.407980	  0.002136	
  0.687179	  0.029839	  0.108943	  0.174039	
  0.002436	  0.000000	  0.997564	  0.000000	
  0.000000	  0.000000	  0.000000	  1.000000	
  0.992203	  0.000000	  0.007797	  0.000000	

MOTIF FOX{D1,D2}.p2 

letter-probability matrix: alength= 4 w= 8 nsites= 242 E= 0
  0.012124	  0.000000	  0.987876	  0.000000	
  0.000000	  0.000000	  0.000000	  1.000000	
  0.995913	  0.000000	  0.004087	  0.000000	
  1.000000	  0.000000	  0.000000	  0.000000	
  1.000000	  0.000000	  0.000000	  0.000000	
  0.000000	  0.992019	  0.000000	  0.007981	
  1.000000	  0.000000	  0.000000	  0.000000	
  0.447385	  0.109871	  0.132886	  0.309858	

MOTIF FOXD3.p2 

letter-probability matrix: alength= 4 w= 12 nsites= 464 E= 0
  0.333773	  0.037353	  0.439845	  0.189029	
  0.513755	  0.047340	  0.009912	  0.428994	
  0.431944	  0.013940	  0.005871	  0.548245	
  0.013856	  0.040193	  0.003888	  0.942063	
  0.361554	  0.006014	  0.593305	  0.039127	
  0.000000	  0.004159	  0.002110	  0.993731	
  0.005924	  0.005859	  0.000000	  0.988217	
  0.051553	  0.009724	  0.113238	  0.825485	
  0.456337	  0.002106	  0.348345	  0.193213	
  0.062083	  0.199590	  0.000000	  0.738327	
  0.019617	  0.042207	  0.026170	  0.912007	
  0.000000	  0.111034	  0.009646	  0.879320	

MOTIF FOX{F1,F2,J1}.p2 

letter-probability matrix: alength= 4 w= 14 nsites= 190 E= 0
  0.081736	  0.388380	  0.265411	  0.264473	
  0.311361	  0.340936	  0.222658	  0.125044	
  0.550320	  0.109176	  0.149580	  0.190924	
  0.569572	  0.110796	  0.215121	  0.104512	
  0.288071	  0.315882	  0.361684	  0.034362	
  0.422439	  0.000000	  0.572607	  0.004954	
  0.009689	  0.009452	  0.004724	  0.976135	
  0.970075	  0.019810	  0.010115	  0.000000	
  0.985333	  0.014667	  0.000000	  0.000000	
  0.994986	  0.000000	  0.005014	  0.000000	
  0.004979	  0.904761	  0.000000	  0.090260	
  0.990440	  0.009560	  0.000000	  0.000000	
  0.642023	  0.158826	  0.120043	  0.079109	
  0.405297	  0.149378	  0.216934	  0.228391	

MOTIF FOX{I1,J2}.p2 

letter-probability matrix: alength= 4 w= 12 nsites= 355 E= 0
  0.178725	  0.016413	  0.439469	  0.365393	
  0.124353	  0.214097	  0.334610	  0.326939	
  0.284634	  0.119710	  0.211905	  0.383752	
  0.002683	  0.005464	  0.005326	  0.986527	
  0.401178	  0.000000	  0.596155	  0.002667	
  0.000000	  0.005465	  0.005476	  0.989059	
  0.000000	  0.000000	  0.005532	  0.994468	
  0.000000	  0.000000	  0.002632	  0.997368	
  0.555788	  0.000000	  0.444212	  0.000000	
  0.005448	  0.005480	  0.070951	  0.918121	
  0.105749	  0.024197	  0.092262	  0.777792	
  0.019030	  0.062474	  0.029598	  0.888897	

MOTIF FOXL1.p2 

letter-probability matrix: alength= 4 w= 8 nsites= 138 E= 0
  0.290727	  0.003651	  0.096532	  0.609090	
  0.611990	  0.072265	  0.025152	  0.290594	
  0.280824	  0.064653	  0.137678	  0.516844	
  0.800820	  0.051432	  0.139887	  0.007861	
  0.175701	  0.463679	  0.002070	  0.358550	
  0.946339	  0.000000	  0.053661	  0.000000	
  0.000000	  0.088869	  0.000000	  0.911131	
  0.998389	  0.001611	  0.000000	  0.000000	

MOTIF FOXN1.p2 

letter-probability matrix: alength= 4 w= 11 nsites= 149 E= 0
  0.738062	  0.016831	  0.228403	  0.016704	
  0.328598	  0.111758	  0.547774	  0.011870	
  0.078672	  0.380474	  0.180386	  0.360468	
  0.000000	  0.066785	  0.933215	  0.000000	
  1.000000	  0.000000	  0.000000	  0.000000	
  0.000000	  1.000000	  0.000000	  0.000000	
  0.000000	  0.000000	  1.000000	  0.000000	
  0.000000	  1.000000	  0.000000	  0.000000	
  0.004848	  0.391982	  0.131143	  0.472026	
  0.364803	  0.150316	  0.122810	  0.362072	
  0.074297	  0.319016	  0.158192	  0.448495	

MOTIF FOXO1,3,4.p2 

letter-probability matrix: alength= 4 w= 14 nsites= 455 E= 0
  0.222659	  0.207778	  0.292079	  0.277484	
  0.168095	  0.200222	  0.234683	  0.396999	
  0.071200	  0.166103	  0.294799	  0.467898	
  0.004096	  0.058739	  0.007698	  0.929467	
  0.000000	  0.000000	  0.000000	  1.000000	
  0.013913	  0.001996	  0.984091	  0.000000	
  0.002084	  0.000000	  0.000000	  0.997916	
  0.000000	  0.000000	  0.002064	  0.997936	
  0.015399	  0.009767	  0.013712	  0.961122	
  0.754247	  0.003946	  0.026511	  0.215297	
  0.003964	  0.799434	  0.026726	  0.169876	
  0.397534	  0.169592	  0.185539	  0.247335	
  0.188711	  0.125190	  0.086582	  0.599518	
  0.205184	  0.184438	  0.154392	  0.455986	

MOTIF FOXP3.p2 

letter-probability matrix: alength= 4 w= 17 nsites= 80 E= 0
  0.415729	  0.032264	  0.533321	  0.018686	
  0.646080	  0.108839	  0.041543	  0.203539	
  0.690255	  0.057386	  0.212546	  0.039813	
  0.340684	  0.117279	  0.487509	  0.054528	
  0.193402	  0.046513	  0.143706	  0.616380	
  0.087718	  0.012338	  0.667532	  0.232413	
  0.018464	  0.328910	  0.009863	  0.642763	
  0.018477	  0.050908	  0.030220	  0.900395	
  0.230277	  0.031425	  0.619402	  0.118896	
  0.071929	  0.073919	  0.056045	  0.798107	
  0.041770	  0.201857	  0.094340	  0.662033	
  0.146186	  0.083581	  0.104764	  0.665469	
  0.029005	  0.879220	  0.040336	  0.051439	
  0.793325	  0.017516	  0.000000	  0.189159	
  0.069266	  0.029969	  0.524358	  0.376406	
  0.744866	  0.021928	  0.212079	  0.021127	
  0.046826	  0.527946	  0.183237	  0.241991	

MOTIF FOXQ1.p2 

letter-probability matrix: alength= 4 w= 11 nsites= 433 E= 0
  0.313822	  0.215309	  0.151767	  0.319102	
  0.650990	  0.059364	  0.192075	  0.097571	
  0.246818	  0.135033	  0.022163	  0.595986	
  0.076949	  0.009503	  0.000000	  0.913549	
  0.047553	  0.005882	  0.922433	  0.024132	
  0.000000	  0.011245	  0.001937	  0.986818	
  0.002040	  0.000000	  0.000000	  0.997960	
  0.005437	  0.020029	  0.000000	  0.974534	
  0.906348	  0.001836	  0.077607	  0.014210	
  0.011295	  0.127133	  0.063885	  0.797687	
  0.236716	  0.011759	  0.106254	  0.645271	

MOTIF GATA1..3.p2 

letter-probability matrix: alength= 4 w= 6 nsites= 247 E= 0
  0.465752	  0.068922	  0.206173	  0.259153	
  0.000000	  0.000000	  1.000000	  0.000000	
  1.000000	  0.000000	  0.000000	  0.000000	
  0.000000	  0.000000	  0.000000	  1.000000	
  0.436902	  0.000000	  0.515875	  0.047223	
  0.093604	  0.028671	  0.861401	  0.016324	

MOTIF GATA6.p2 

letter-probability matrix: alength= 4 w= 10 nsites= 97 E= 0
  0.429944	  0.132935	  0.338395	  0.098726	
  0.291133	  0.302838	  0.249176	  0.156853	
  0.519366	  0.131216	  0.038333	  0.311085	
  0.000000	  0.000000	  1.000000	  0.000000	
  1.000000	  0.000000	  0.000000	  0.000000	
  0.000000	  0.000000	  0.000000	  1.000000	
  0.800030	  0.004301	  0.054299	  0.141370	
  0.899889	  0.007297	  0.081524	  0.011291	
  0.223632	  0.119160	  0.552432	  0.104777	
  0.192221	  0.255253	  0.406822	  0.145704	

MOTIF GFI1B.p2 

letter-probability matrix: alength= 4 w= 12 nsites= 192 E= 0
  0.054813	  0.373336	  0.014900	  0.556951	
  0.914968	  0.074777	  0.005178	  0.005077	
  0.995084	  0.000000	  0.004916	  0.000000	
  0.990201	  0.004985	  0.004814	  0.000000	
  0.000000	  0.000000	  0.000000	  1.000000	
  0.000000	  0.989964	  0.004925	  0.005111	
  0.980404	  0.009692	  0.000000	  0.009905	
  0.080582	  0.634716	  0.274848	  0.009854	
  0.160513	  0.063850	  0.165222	  0.610414	
  0.064630	  0.124450	  0.656809	  0.154111	
  0.074274	  0.721026	  0.024876	  0.179824	
  0.382582	  0.191150	  0.106066	  0.320202	

MOTIF GFI1.p2 

letter-probability matrix: alength= 4 w= 10 nsites= 783 E= 0
  0.048158	  0.696785	  0.087362	  0.167695	
  0.393049	  0.571386	  0.035564	  0.000000	
  0.998302	  0.000000	  0.001698	  0.000000	
  1.000000	  0.000000	  0.000000	  0.000000	
  0.000000	  0.000000	  0.000000	  1.000000	
  0.001909	  0.996176	  0.000000	  0.001915	
  0.758566	  0.109399	  0.056904	  0.075131	
  0.070777	  0.602149	  0.251510	  0.075564	
  0.433415	  0.298254	  0.011931	  0.256400	
  0.150696	  0.113318	  0.703106	  0.032880	

MOTIF GLI1..3.p2 

letter-probability matrix: alength= 4 w= 12 nsites= 441 E= 0
  0.169970	  0.324495	  0.162003	  0.343532	
  0.026223	  0.471996	  0.325119	  0.176663	
  0.010008	  0.075502	  0.015157	  0.899333	
  0.003905	  0.009429	  0.880410	  0.106256	
  0.012397	  0.007265	  0.957150	  0.023189	
  0.006023	  0.002001	  0.989895	  0.002081	
  0.090932	  0.022174	  0.076334	  0.810560	
  0.000000	  0.007784	  0.965678	  0.026539	
  0.006147	  0.016775	  0.935212	  0.041866	
  0.027545	  0.172561	  0.092873	  0.707021	
  0.003930	  0.800393	  0.137665	  0.058012	
  0.042479	  0.506779	  0.169571	  0.281171	

MOTIF GTF2A1,2.p2 

letter-probability matrix: alength= 4 w= 12 nsites= 127 E= 0
  0.003709	  0.241374	  0.012213	  0.742704	
  0.367873	  0.579465	  0.014454	  0.038209	
  0.000000	  0.043956	  0.054898	  0.901146	
  0.361734	  0.021086	  0.385051	  0.232129	
  0.547451	  0.121504	  0.046996	  0.284048	
  0.714280	  0.004166	  0.281554	  0.000000	
  0.919825	  0.003720	  0.076455	  0.000000	
  0.065462	  0.013060	  0.906253	  0.015225	
  0.081050	  0.070573	  0.836182	  0.012195	
  0.472806	  0.036718	  0.490476	  0.000000	
  0.214507	  0.227444	  0.550430	  0.007620	
  0.017736	  0.616516	  0.329964	  0.035783	

MOTIF GTF2I.p2 

letter-probability matrix: alength= 4 w= 9 nsites= 93 E= 0
  0.369174	  0.009628	  0.591135	  0.030062	
  0.000000	  0.000000	  1.000000	  0.000000	
  0.899852	  0.000000	  0.100148	  0.000000	
  0.000000	  0.059741	  0.940259	  0.000000	
  0.000000	  0.000000	  0.970551	  0.029449	
  0.010277	  0.000000	  0.848055	  0.141668	
  0.970577	  0.000000	  0.000000	  0.029423	
  0.009883	  0.000000	  0.980008	  0.010109	
  0.009879	  0.000000	  0.990121	  0.000000	

MOTIF GZF1.p2 

letter-probability matrix: alength= 4 w= 12 nsites= 86 E= 0
  0.007882	  0.106581	  0.074040	  0.811497	
  0.035552	  0.000000	  0.964448	  0.000000	
  0.018251	  0.923697	  0.019522	  0.038529	
  0.057456	  0.067323	  0.851562	  0.023658	
  0.039063	  0.851417	  0.035552	  0.073968	
  0.179148	  0.084160	  0.344315	  0.392377	
  0.018470	  0.007912	  0.103852	  0.869766	
  0.291380	  0.647626	  0.036451	  0.024543	
  0.017649	  0.133082	  0.000000	  0.849269	
  0.911446	  0.000000	  0.040269	  0.048285	
  0.000000	  0.325739	  0.000000	  0.674261	
  0.909988	  0.019413	  0.019864	  0.050735	

MOTIF HAND1,2.p2 

letter-probability matrix: alength= 4 w= 16 nsites= 357 E= 0
  0.405039	  0.209667	  0.155488	  0.229806	
  0.292946	  0.188332	  0.156841	  0.361881	
  0.235248	  0.060030	  0.329386	  0.375335	
  0.175556	  0.072233	  0.511511	  0.240700	
  0.212811	  0.049020	  0.694341	  0.043829	
  0.138446	  0.260354	  0.285747	  0.315453	
  0.431273	  0.003977	  0.464971	  0.099779	
  0.010261	  0.099521	  0.002054	  0.888165	
  0.005891	  0.960689	  0.019165	  0.014255	
  0.008278	  0.000000	  0.000000	  0.991722	
  0.006367	  0.000000	  0.993633	  0.000000	
  0.023210	  0.052422	  0.916318	  0.008051	
  0.305897	  0.534622	  0.038488	  0.120993	
  0.469336	  0.029159	  0.151821	  0.349683	
  0.126961	  0.213294	  0.102386	  0.557359	
  0.132166	  0.182432	  0.118034	  0.567368	

MOTIF HBP1_HMGB_SSRP1_UBTF.p2 

letter-probability matrix: alength= 4 w= 6 nsites= 220 E= 0
  0.767847	  0.002126	  0.000000	  0.230027	
  0.000000	  0.004195	  0.002164	  0.993641	
  0.000000	  0.000000	  0.000000	  1.000000	
  0.014508	  0.000000	  0.985492	  0.000000	
  0.000000	  0.004939	  0.000000	  0.995061	
  0.000000	  0.062639	  0.019606	  0.917755	

MOTIF HES1.p2 

letter-probability matrix: alength= 4 w= 15 nsites= 146 E= 0
  0.553050	  0.076992	  0.267333	  0.102625	
  0.194645	  0.183106	  0.557157	  0.065091	
  0.086580	  0.283929	  0.617752	  0.011738	
  0.013417	  0.521314	  0.395102	  0.070166	
  0.058204	  0.892937	  0.043405	  0.005454	
  0.038594	  0.013971	  0.477817	  0.469618	
  0.004367	  0.683998	  0.033949	  0.277686	
  0.000000	  0.004815	  0.967914	  0.027272	
  0.024209	  0.039105	  0.012302	  0.924383	
  0.005000	  0.000000	  0.995000	  0.000000	
  0.024544	  0.383359	  0.540020	  0.052078	
  0.033696	  0.573635	  0.268321	  0.124348	
  0.037043	  0.642749	  0.115343	  0.204865	
  0.312895	  0.406655	  0.204951	  0.075499	
  0.151046	  0.150033	  0.674444	  0.024477	

MOTIF HIC1.p2 

letter-probability matrix: alength= 4 w= 18 nsites= 798 E= 0
  0.020088	  0.501433	  0.316697	  0.161783	
  0.212299	  0.238323	  0.405120	  0.144258	
  0.170407	  0.165827	  0.644279	  0.019487	
  0.000000	  0.191293	  0.762503	  0.046204	
  0.109997	  0.025412	  0.824293	  0.040298	
  0.072379	  0.278771	  0.485833	  0.163018	
  0.000000	  0.010499	  0.002610	  0.986891	
  0.000000	  0.003211	  0.996789	  0.000000	
  0.000000	  1.000000	  0.000000	  0.000000	
  0.103062	  0.683066	  0.152054	  0.061818	
  0.014838	  0.719640	  0.228793	  0.036729	
  0.058407	  0.273048	  0.627032	  0.041513	
  0.098633	  0.558945	  0.327673	  0.014749	
  0.203366	  0.217522	  0.482881	  0.096231	
  0.069044	  0.345187	  0.538042	  0.047727	
  0.028384	  0.266671	  0.603054	  0.101891	
  0.082950	  0.566220	  0.287087	  0.063744	
  0.020914	  0.526655	  0.338975	  0.113456	

MOTIF HIF1A.p2 

letter-probability matrix: alength= 4 w= 14 nsites= 435 E= 0
  0.077798	  0.125748	  0.761583	  0.034871	
  0.182033	  0.583939	  0.137830	  0.096198	
  0.108156	  0.250981	  0.593018	  0.047845	
